1645833600000,1.4452,1.4458,1.4434,1.4436,17629,1645833659999,25469.2231,68,7698,11125.1394,0
1645833660000,1.4435,1.4435,1.4414,1.4429,11971,1645833719999,17266.9943,70,6764,9756.2745,0
1645833720000,1.4425,1.4425,1.4369,1.4387,10331,1645833779999,14882.7878,71,5913,8521.5473,0
1645833780000,1.4392,1.4442,1.4390,1.4429,8656,1645833839999,12477.8388,70,4246,6121.0553,0
1645833840000,1.4429,1.4481,1.4429,1.4456,19655,1645833899999,28413.6674,163,11940,17260.1258,0
1645833900000,1.4453,1.4508,1.4452,1.4479,12253,1645833959999,17749.4587,101,6489,9399.2743,0
1645833960000,1.4485,1.4492,1.4468,1.4492,5327,1645834019999,7714.8086,47,4637,6715.9110,0
1645834020000,1.4482,1.4497,1.4478,1.4497,4803,1645834079999,6958.5831,28,3453,5002.9315,0
1645834080000,1.4490,1.4514,1.4488,1.4495,2675,1645834139999,3877.3285,25,2287,3315.1385,0
1645834140000,1.4488,1.4503,1.4488,1.4497,2927,1645834199999,4242.8323,29,2493,3613.6876,0
1645834200000,1.4497,1.4512,1.4494,1.4504,6542,1645834259999,9487.0408,45,6057,8783.8753,0
1645834260000,1.4502,1.4537,1.4502,1.4529,14443,1645834319999,20972.3275,113,9634,13990.0651,0
1645834320000,1.4523,1.4544,1.4490,1.4529,35314,1645834379999,51277.7708,198,30442,44204.5274,0
1645834380000,1.4529,1.4529,1.4507,1.4525,9033,1645834439999,13114.8334,55,5214,7570.8711,0
1645834440000,1.4520,1.4536,1.4514,1.4535,2317,1645834499999,3365.1953,27,2238,3250.4884,0
1645834500000,1.4541,1.4542,1.4527,1.4527,3674,1645834559999,5340.7888,34,1510,2194.8340,0
1645834560000,1.4527,1.4543,1.4513,1.4542,7070,1645834619999,10267.9972,63,5883,8544.3192,0
1645834620000,1.4543,1.4571,1.4538,1.4564,7185,1645834679999,10454.6464,51,5111,7436.9695,0
1645834680000,1.4564,1.4642,1.4564,1.4640,28025,1645834739999,40918.6494,156,25112,36664.7198,0
1645834740000,1.4646,1.4674,1.4633,1.4670,7282,1645834799999,10666.9097,59,5802,8500.0258,0
1645834800000,1.4671,1.4681,1.4657,1.4665,10867,1645834859999,15940.7135,78,1281,1879.4305,0
1645834860000,1.4658,1.4660,1.4624,1.4631,9051,1645834919999,13253.0257,63,2021,2960.2673,0
1645834920000,1.4636,1.4656,1.4630,1.4656,3445,1645834979999,5042.4543,39,2734,4001.1356,0
1645834980000,1.4662,1.4676,1.4656,1.4670,4247,1645835039999,6227.4087,45,490,718.6634,0
1645835040000,1.4669,1.4706,1.4669,1.4683,8524,1645835099999,12528.3817,67,7389,10861.7343,0
1645835100000,1.4677,1.4684,1.4659,1.4667,7136,1645835159999,10468.9363,69,1880,2759.2614,0
1645835160000,1.4664,1.4747,1.4660,1.4745,17591,1645835219999,25873.4315,155,16997,25000.2287,0
1645835220000,1.4746,1.4801,1.4741,1.4758,37332,1645835279999,55153.5144,269,18150,26808.1908,0
1645835280000,1.4768,1.4768,1.4721,1.4724,11584,1645835339999,17083.6665,142,4866,7178.2402,0
1645835340000,1.4724,1.4738,1.4720,1.4727,15523,1645835399999,22858.0445,64,11946,17589.5251,0
1645835400000,1.4734,1.4791,1.4728,1.4765,7563,1645835459999,11169.7351,87,5349,7900.1798,0
1645835460000,1.4774,1.4774,1.4709,1.4716,21877,1645835519999,32217.6547,115,6554,9658.6576,0
1645835520000,1.4716,1.4723,1.4690,1.4723,10457,1645835579999,15374.8368,87,7677,11287.2648,0
1645835580000,1.4715,1.4731,1.4707,1.4721,4169,1645835639999,6136.6536,37,2752,4050.2177,0
1645835640000,1.4730,1.4730,1.4720,1.4722,4501,1645835699999,6626.2737,33,1740,2561.5913,0
1645835700000,1.4726,1.4776,1.4722,1.4776,5273,1645835759999,7778.6543,54,4047,5968.9554,0
1645835760000,1.4780,1.4952,1.4777,1.4947,65902,1645835819999,97985.1746,444,55908,83087.2085,0
1645835820000,1.4947,1.5102,1.4937,1.5102,139283,1645835879999,208919.2053,1141,75850,113826.9989,0
1645835880000,1.5102,1.5265,1.5091,1.5250,181377,1645835939999,274925.2830,840,121894,184840.4215,0
1645835940000,1.5260,1.5309,1.5117,1.5165,100881,1645835999999,153330.3377,670,40213,61094.3738,0
1645836000000,1.5149,1.5853,1.5137,1.5734,573057,1645836059999,892040.1258,3953,335417,522386.4922,0
1645836060000,1.5728,1.5961,1.5541,1.5834,349412,1645836119999,548087.3191,2303,178180,279921.7383,0
1645836120000,1.5829,1.5869,1.5537,1.5568,212369,1645836179999,333144.3541,1140,92707,145409.6628,0
1645836180000,1.5568,1.5663,1.5489,1.5506,152709,1645836239999,237813.2700,779,87478,136336.2933,0
1645836240000,1.5489,1.5508,1.5365,1.5381,172286,1645836299999,266019.7409,862,51600,79683.6279,0
1645836300000,1.5378,1.5392,1.5299,1.5313,96305,1645836359999,147743.5995,636,42892,65859.9851,0
1645836360000,1.5314,1.5325,1.5170,1.5178,80903,1645836419999,123247.9509,553,26360,40226.6076,0
1645836420000,1.5179,1.5249,1.5155,1.5236,95309,1645836479999,144799.6838,568,60950,92643.0481,0
1645836480000,1.5227,1.5312,1.5201,1.5254,44323,1645836539999,67625.2968,361,28937,44153.1847,0
1645836540000,1.5260,1.5286,1.5220,1.5261,31692,1645836599999,48334.8815,257,20062,30596.4563,0
1645836600000,1.5265,1.5300,1.5229,1.5229,35645,1645836659999,54382.5212,205,15728,24004.1922,0
1645836660000,1.5229,1.5308,1.5217,1.5272,47443,1645836719999,72440.7913,318,19072,29125.0635,0
1645836720000,1.5258,1.5303,1.5204,1.5257,53124,1645836779999,80973.8193,398,21874,33353.8871,0
1645836780000,1.5260,1.5283,1.5232,1.5232,28632,1645836839999,43700.7210,216,10805,16497.7687,0
1645836840000,1.5223,1.5246,1.5220,1.5232,18983,1645836899999,28914.8008,211,10847,16522.7777,0
1645836900000,1.5229,1.5290,1.5229,1.5289,16278,1645836959999,24842.2702,167,13139,20050.9724,0
1645836960000,1.5283,1.5291,1.5189,1.5201,33884,1645837019999,51664.5371,247,2336,3563.0474,0
1645837020000,1.5204,1.5276,1.5187,1.5257,47734,1645837079999,72727.5366,320,31482,47985.5524,0
1645837080000,1.5266,1.5409,1.5257,1.5274,136927,1645837139999,210066.5542,695,80691,123768.1368,0
1645837140000,1.5280,1.5285,1.5203,1.5220,32434,1645837199999,49487.9632,183,7875,12027.7605,0
1645837200000,1.5220,1.5239,1.5180,1.5180,28263,1645837259999,43022.7558,147,6286,9566.5885,0
1645837260000,1.5189,1.5286,1.5170,1.5281,38359,1645837319999,58401.3918,276,21958,33445.4161,0
1645837320000,1.5284,1.5471,1.5269,1.5425,119837,1645837379999,184238.1157,576,67136,103284.4963,0
1645837380000,1.5426,1.5508,1.5422,1.5453,55547,1645837439999,85956.7774,415,32215,49862.1742,0
1645837440000,1.5450,1.5458,1.5406,1.5412,30052,1645837499999,46367.0737,240,16778,25890.2864,0
1645837500000,1.5412,1.5427,1.5375,1.5377,29944,1645837559999,46133.0911,217,7805,12028.2069,0
1645837560000,1.5377,1.5627,1.5353,1.5533,227658,1645837619999,353554.5141,1015,150137,233171.0529,0
1645837620000,1.5515,1.5677,1.5510,1.5659,94840,1645837679999,147905.8508,562,71017,110780.0104,0
1645837680000,1.5658,1.5677,1.5562,1.5570,76939,1645837739999,120158.6233,501,24022,37525.1643,0
1645837740000,1.5563,1.5590,1.5431,1.5439,91422,1645837799999,141802.8958,546,53010,82286.5712,0
1645837800000,1.5438,1.5463,1.5418,1.5418,33791,1645837859999,52171.2455,223,13483,20824.0006,0
1645837860000,1.5422,1.5449,1.5391,1.5430,39439,1645837919999,60817.0647,326,20724,31965.3633,0
1645837920000,1.5430,1.5438,1.5371,1.5383,34903,1645837979999,53795.2111,228,12022,18523.5495,0
1645837980000,1.5379,1.5382,1.5338,1.5344,38251,1645838039999,58733.1582,249,12914,19820.1481,0
1645838040000,1.5349,1.5367,1.5337,1.5342,26325,1645838099999,40404.8139,198,18840,28918.9376,0
1645838100000,1.5341,1.5345,1.5327,1.5327,31921,1645838159999,48964.7373,203,13753,21096.7938,0
1645838160000,1.5325,1.5333,1.5248,1.5257,40669,1645838219999,62203.5270,349,14705,22497.8655,0
1645838220000,1.5257,1.5297,1.5215,1.5265,52105,1645838279999,79491.9016,366,22629,34530.1873,0
1645838280000,1.5264,1.5269,1.5240,1.5257,17783,1645838339999,27125.8222,160,13356,20372.9761,0
1645838340000,1.5256,1.5341,1.5252,1.5338,39371,1645838399999,60189.7377,257,29712,45436.2699,0
1645838400000,1.5341,1.5342,1.5322,1.5338,16969,1645838459999,26023.0268,160,11039,16928.0665,0
1645838460000,1.5328,1.5329,1.5264,1.5281,35422,1645838519999,54168.1370,201,7783,11892.8160,0
1645838520000,1.5278,1.5338,1.5278,1.5302,42692,1645838579999,65348.9948,219,20058,30695.8172,0
1645838580000,1.5299,1.5350,1.5286,1.5327,23948,1645838639999,36674.9028,204,14749,22585.6163,0
1645838640000,1.5321,1.5327,1.5293,1.5309,13757,1645838699999,21073.1544,149,9060,13879.6060,0
1645838700000,1.5306,1.5323,1.5280,1.5309,17487,1645838759999,26755.1146,163,9638,14744.9742,0
1645838760000,1.5305,1.5338,1.5299,1.5308,20336,1645838819999,31139.2834,172,13356,20451.8733,0
1645838820000,1.5302,1.5343,1.5302,1.5343,29230,1645838879999,44754.9653,144,23406,35839.1054,0
1645838880000,1.5342,1.5351,1.5317,1.5317,21376,1645838939999,32789.3172,148,5021,7702.5943,0
1645838940000,1.5317,1.5318,1.5189,1.5232,115101,1645838999999,175355.1528,359,65187,99276.1843,0
1645839000000,1.5223,1.5279,1.5215,1.5260,27099,1645839059999,41315.4720,161,14812,22592.6103,0
1645839060000,1.5256,1.5271,1.5218,1.5260,40504,1645839119999,61770.8924,196,18296,27905.9924,0
1645839120000,1.5261,1.5298,1.5261,1.5293,18799,1645839179999,28717.5819,133,13553,20709.6435,0
1645839180000,1.5296,1.5341,1.5293,1.5323,20528,1645839239999,31449.1629,171,8773,13434.2340,0
1645839240000,1.5336,1.5336,1.5280,1.5280,22235,1645839299999,34064.4097,71,5332,8167.1845,0
1645839300000,1.5283,1.5305,1.5230,1.5270,84040,1645839359999,128326.6046,331,41134,62820.0473,0
1645839360000,1.5282,1.5286,1.5248,1.5264,17408,1645839419999,26581.6122,128,11601,17714.5685,0
1645839420000,1.5253,1.5291,1.5230,1.5291,46552,1645839479999,71048.5858,201,35457,54120.1454,0
1645839480000,1.5290,1.5332,1.5289,1.5313,19594,1645839539999,30000.1939,135,17229,26378.9364,0
1645839540000,1.5317,1.5322,1.5292,1.5322,17678,1645839599999,27070.1062,87,13375,20480.6809,0
1645839600000,1.5322,1.5339,1.5309,1.5328,7160,1645839659999,10974.0089,78,4443,6808.6343,0
1645839660000,1.5325,1.5325,1.5267,1.5282,13001,1645839719999,19880.2946,98,5157,7885.1227,0
1645839720000,1.5277,1.5280,1.5249,1.5255,7599,1645839779999,11598.4486,96,4001,6106.8844,0
1645839780000,1.5252,1.5270,1.5241,1.5241,10731,1645839839999,16365.6780,67,5587,8522.4667,0
1645839840000,1.5239,1.5285,1.5226,1.5272,13007,1645839899999,19833.2639,133,7628,11638.6019,0
1645839900000,1.5267,1.5326,1.5256,1.5326,15013,1645839959999,22962.0719,118,8020,12260.7101,0
1645839960000,1.5328,1.5394,1.5313,1.5359,37401,1645840019999,57447.6675,225,28258,43407.1762,0
1645840020000,1.5361,1.5377,1.5353,1.5366,17508,1645840079999,26894.4841,123,8004,12296.0285,0
1645840080000,1.5359,1.5402,1.5355,1.5362,20229,1645840139999,31101.9876,136,14145,21752.4368,0
1645840140000,1.5362,1.5395,1.5359,1.5395,14957,1645840199999,22994.0619,113,10801,16606.7263,0
1645840200000,1.5382,1.5469,1.5380,1.5453,36295,1645840259999,56039.3824,245,24651,38068.1848,0
1645840260000,1.5453,1.5455,1.5421,1.5443,26537,1645840319999,40979.6660,162,13213,20403.0495,0
1645840320000,1.5442,1.5445,1.5395,1.5398,26457,1645840379999,40803.6346,134,3728,5751.3187,0
1645840380000,1.5398,1.5415,1.5394,1.5399,10316,1645840439999,15888.8027,113,7297,11239.0931,0
1645840440000,1.5400,1.5411,1.5393,1.5399,8011,1645840499999,12337.6365,70,1240,1910.1152,0
1645840500000,1.5399,1.5399,1.5312,1.5312,24318,1645840559999,37367.4733,179,7005,10774.9322,0
1645840560000,1.5312,1.5376,1.5312,1.5360,17830,1645840619999,27365.0961,149,13023,19988.7034,0
1645840620000,1.5364,1.5385,1.5343,1.5379,14050,1645840679999,21582.7476,109,7804,11988.1624,0
1645840680000,1.5375,1.5403,1.5375,1.5397,5356,1645840739999,8246.8272,88,1581,2434.0008,0
1645840740000,1.5379,1.5397,1.5375,1.5382,58439,1645840799999,89894.1007,119,42728,65717.9410,0
1645840800000,1.5374,1.5390,1.5354,1.5355,14348,1645840859999,22065.3386,133,3116,4792.4541,0
1645840860000,1.5355,1.5356,1.5300,1.5302,32675,1645840919999,50081.2306,293,18696,28662.4963,0
1645840920000,1.5309,1.5351,1.5258,1.5346,60345,1645840979999,92327.2567,407,21918,33553.2710,0
1645840980000,1.5344,1.5439,1.5343,1.5404,35817,1645841039999,55185.9080,184,14274,21981.6532,0
1645841040000,1.5405,1.5438,1.5405,1.5435,10022,1645841099999,15456.0715,113,5640,8701.9569,0
1645841100000,1.5429,1.5485,1.5429,1.5442,27848,1645841159999,43064.2301,119,8882,13732.2768,0
1645841160000,1.5445,1.5449,1.5405,1.5405,20421,1645841219999,31513.4572,149,6373,9840.2336,0
1645841220000,1.5394,1.5422,1.5348,1.5371,27787,1645841279999,42755.8192,186,10336,15916.2580,0
1645841280000,1.5369,1.5374,1.5350,1.5362,10504,1645841339999,16141.2398,83,6746,10367.3168,0
1645841340000,1.5359,1.5382,1.5331,1.5382,20148,1645841399999,30935.2737,113,12117,18604.4786,0
1645841400000,1.5382,1.5403,1.5368,1.5368,10546,1645841459999,16221.5421,112,4662,7171.9047,0
1645841460000,1.5372,1.5425,1.5360,1.5417,28778,1645841519999,44259.0801,195,24354,37456.0423,0
1645841520000,1.5416,1.5449,1.5415,1.5432,11899,1645841579999,18356.2482,150,6713,10357.3918,0
1645841580000,1.5427,1.5514,1.5427,1.5504,39939,1645841639999,61711.3674,268,21686,33528.2057,0
1645841640000,1.5511,1.5528,1.5482,1.5492,37527,1645841699999,58167.6639,247,10786,16726.2208,0
1645841700000,1.5491,1.5505,1.5443,1.5443,31139,1645841759999,48197.0588,230,13383,20722.7141,0
1645841760000,1.5443,1.5502,1.5430,1.5430,23511,1645841819999,36339.2218,205,11021,17039.2779,0
1645841820000,1.5430,1.5455,1.5426,1.5432,26334,1645841879999,40646.3773,255,12372,19097.9601,0
1645841880000,1.5432,1.5470,1.5426,1.5447,11324,1645841939999,17497.2610,144,6341,9795.9724,0
1645841940000,1.5440,1.5452,1.5369,1.5373,24230,1645841999999,37344.8883,228,10088,15563.4187,0
1645842000000,1.5375,1.5377,1.5353,1.5358,17830,1645842059999,27390.2394,128,4249,6529.4782,0
1645842060000,1.5358,1.5388,1.5272,1.5307,109086,1645842119999,167019.2536,461,34638,53058.1373,0
1645842120000,1.5302,1.5319,1.5292,1.5295,13073,1645842179999,20009.9266,104,5359,8203.9621,0
1645842180000,1.5296,1.5333,1.5293,1.5314,19067,1645842239999,29186.7860,133,11164,17089.0610,0
1645842240000,1.5313,1.5354,1.5311,1.5315,22429,1645842299999,34385.5760,149,18470,28320.2441,0
1645842300000,1.5314,1.5317,1.5278,1.5278,17375,1645842359999,26588.1153,140,6128,9380.0049,0
1645842360000,1.5278,1.5301,1.5277,1.5296,7797,1645842419999,11918.9712,81,5881,8991.3939,0
1645842420000,1.5299,1.5303,1.5268,1.5268,17215,1645842479999,26323.0764,131,5373,8220.0993,0
1645842480000,1.5274,1.5289,1.5261,1.5277,15012,1645842539999,22929.6748,153,5759,8798.6489,0
1645842540000,1.5277,1.5296,1.5274,1.5290,20564,1645842599999,31421.7437,117,7325,11193.8235,0
1645842600000,1.5285,1.5293,1.5250,1.5250,18686,1645842659999,28555.4538,160,5662,8652.7766,0
1645842660000,1.5252,1.5273,1.5242,1.5260,31227,1645842719999,47631.3014,221,19865,30303.4005,0
1645842720000,1.5257,1.5285,1.5249,1.5249,14726,1645842779999,22481.1969,127,9166,13998.0823,0
1645842780000,1.5249,1.5249,1.5224,1.5224,19966,1645842839999,30418.1050,143,9308,14182.0687,0
1645842840000,1.5225,1.5261,1.5212,1.5257,13908,1645842899999,21195.2544,146,6542,9971.1906,0
1645842900000,1.5257,1.5289,1.5256,1.5274,19966,1645842959999,30490.3910,140,16077,24551.4984,0
1645842960000,1.5274,1.5281,1.5240,1.5257,15109,1645843019999,23070.1281,103,4723,7209.3322,0
1645843020000,1.5254,1.5260,1.5223,1.5225,18093,1645843079999,27580.9359,172,9214,14047.5289,0
1645843080000,1.5225,1.5230,1.5202,1.5208,12688,1645843139999,19304.4642,109,2981,4537.9460,0
1645843140000,1.5208,1.5243,1.5202,1.5222,19503,1645843199999,29689.9567,157,14315,21793.5630,0
1645843200000,1.5221,1.5221,1.5178,1.5178,13885,1645843259999,21105.4504,146,5937,9027.9445,0
1645843260000,1.5178,1.5199,1.5174,1.5175,22380,1645843319999,33975.2463,202,17810,27038.2723,0
1645843320000,1.5173,1.5189,1.5170,1.5183,7722,1645843379999,11720.7782,144,4152,6302.6247,0
1645843380000,1.5182,1.5208,1.5176,1.5194,17985,1645843439999,27318.9412,195,8548,12985.2175,0
1645843440000,1.5183,1.5279,1.5176,1.5241,43136,1645843499999,65676.9778,261,38136,58066.7261,0
1645843500000,1.5245,1.5283,1.5245,1.5258,18940,1645843559999,28916.7762,208,12099,18472.3568,0
1645843560000,1.5260,1.5267,1.5202,1.5202,29538,1645843619999,44997.3751,230,14739,22460.0591,0
1645843620000,1.5201,1.5229,1.5198,1.5216,10743,1645843679999,16341.7084,161,9183,13968.8014,0
1645843680000,1.5215,1.5227,1.5198,1.5207,6762,1645843739999,10284.3571,139,3211,4883.2174,0
1645843740000,1.5203,1.5226,1.5194,1.5206,11218,1645843799999,17056.8197,148,6189,9411.2466,0
1645843800000,1.5206,1.5217,1.5203,1.5210,5285,1645843859999,8037.0227,122,3553,5403.2765,0
1645843860000,1.5211,1.5219,1.5187,1.5187,5329,1645843919999,8101.2187,74,616,936.7471,0
1645843920000,1.5186,1.5225,1.5185,1.5224,7959,1645843979999,12101.8172,106,7723,11743.3105,0
1645843980000,1.5222,1.5222,1.5197,1.5203,2588,1645844039999,3935.3631,51,1039,1580.3463,0
1645844040000,1.5197,1.5205,1.5186,1.5186,3711,1645844099999,5638.9227,70,1407,2138.4250,0
1645844100000,1.5185,1.5200,1.5176,1.5184,8329,1645844159999,12647.6654,75,3090,4692.5637,0
1645844160000,1.5185,1.5198,1.5185,1.5194,2663,1645844219999,4044.9601,84,1494,2269.2341,0
1645844220000,1.5195,1.5196,1.5182,1.5187,6421,1645844279999,9753.9140,69,778,1181.4244,0
1645844280000,1.5187,1.5195,1.5173,1.5195,11536,1645844339999,17518.7545,89,2592,3936.5009,0
1645844340000,1.5195,1.5233,1.5195,1.5214,21368,1645844399999,32523.1085,82,7569,11511.9304,0
1645844400000,1.5214,1.5273,1.5210,1.5256,20484,1645844459999,31242.0328,143,12429,18956.3189,0
1645844460000,1.5256,1.5269,1.5217,1.5221,21976,1645844519999,33491.0690,149,7644,11651.3096,0
1645844520000,1.5223,1.5266,1.5222,1.5235,12787,1645844579999,19489.3797,106,5982,9114.5372,0
1645844580000,1.5235,1.5243,1.5220,1.5222,4317,1645844639999,6575.3413,72,2758,4200.8434,0
1645844640000,1.5222,1.5240,1.5202,1.5217,8086,1645844699999,12308.4086,88,507,771.9658,0
1645844700000,1.5218,1.5224,1.5203,1.5213,4656,1645844759999,7082.6180,72,1537,2338.2501,0
1645844760000,1.5213,1.5233,1.5199,1.5204,9888,1645844819999,15043.6143,101,2651,4034.8520,0
1645844820000,1.5210,1.5253,1.5210,1.5241,5591,1645844879999,8516.5997,62,3963,6035.5172,0
1645844880000,1.5241,1.5241,1.5212,1.5212,2825,1645844939999,4304.6776,41,197,300.1195,0
1645844940000,1.5210,1.5230,1.5206,1.5220,3128,1645844999999,4760.7311,69,1089,1657.3582,0
1645845000000,1.5219,1.5230,1.5201,1.5221,4203,1645845059999,6394.0660,45,4075,6199.2630,0
1645845060000,1.5225,1.5245,1.5225,1.5241,3697,1645845119999,5631.3693,47,3161,4814.8214,0
1645845120000,1.5241,1.5276,1.5211,1.5215,41491,1645845179999,63253.0021,164,6965,10629.6896,0
1645845180000,1.5215,1.5227,1.5173,1.5194,15763,1645845239999,23977.3174,113,5153,7836.6957,0
1645845240000,1.5195,1.5209,1.5162,1.5172,9832,1645845299999,14938.5910,93,6723,10216.9219,0
1645845300000,1.5162,1.5193,1.5160,1.5171,5894,1645845359999,8944.3079,98,4447,6749.2997,0
1645845360000,1.5177,1.5218,1.5174,1.5184,11158,1645845419999,16960.4834,133,4154,6313.5233,0
1645845420000,1.5184,1.5209,1.5183,1.5203,3808,1645845479999,5783.4276,98,1680,2552.0279,0
1645845480000,1.5200,1.5200,1.5142,1.5151,16196,1645845539999,24555.7089,128,1189,1804.2575,0
1645845540000,1.5150,1.5167,1.5150,1.5151,23539,1645845599999,35670.5206,100,13241,20067.6988,0
1645845600000,1.5150,1.5150,1.4990,1.5057,190069,1645845659999,286196.0358,786,39651,59659.1564,0
1645845660000,1.5055,1.5132,1.5053,1.5125,72377,1645845719999,109240.2309,306,54091,81625.8802,0
1645845720000,1.5124,1.5124,1.5041,1.5045,20712,1645845779999,31234.4487,166,4843,7306.6960,0
1645845780000,1.5043,1.5045,1.4997,1.5008,29368,1645845839999,44129.7837,197,11652,17510.8289,0
1645845840000,1.5008,1.5064,1.4991,1.5041,28073,1645845899999,42197.8150,200,12386,18625.6121,0
1645845900000,1.5041,1.5086,1.5041,1.5075,8374,1645845959999,12622.2042,111,6732,10147.0101,0
1645845960000,1.5075,1.5101,1.5054,1.5101,20274,1645846019999,30564.3514,131,16149,24344.2447,0
1645846020000,1.5106,1.5115,1.5050,1.5064,47841,1645846079999,72167.8866,262,23907,36065.7687,0
1645846080000,1.5061,1.5063,1.5026,1.5037,15513,1645846139999,23325.6161,104,6390,9604.9412,0
1645846140000,1.5032,1.5037,1.5023,1.5032,10140,1645846199999,15239.0570,68,7093,10658.6043,0
1645846200000,1.5027,1.5088,1.5019,1.5033,14538,1645846259999,21869.6077,135,7314,11007.0652,0
1645846260000,1.5033,1.5077,1.5021,1.5071,24452,1645846319999,36804.2503,171,18413,27720.1030,0
1645846320000,1.5071,1.5090,1.5049,1.5052,8317,1645846379999,12534.4791,99,3681,5545.8708,0
1645846380000,1.5056,1.5081,1.4994,1.4994,20203,1645846439999,30362.7351,152,10061,15124.8903,0
1645846440000,1.5001,1.5054,1.5001,1.5036,4791,1645846499999,7199.6468,91,4356,6545.7988,0
1645846500000,1.5038,1.5061,1.5025,1.5031,8121,1645846559999,12211.4909,82,7683,11552.9579,0
1645846560000,1.5025,1.5047,1.5021,1.5039,3844,1645846619999,5779.8030,56,1614,2426.2616,0
1645846620000,1.5033,1.5041,1.5008,1.5022,3671,1645846679999,5512.6210,67,2253,3383.5482,0
1645846680000,1.5015,1.5019,1.5008,1.5012,4419,1645846739999,6634.2513,59,1412,2120.1663,0
1645846740000,1.5012,1.5012,1.4975,1.4985,15091,1645846799999,22622.0119,128,1473,2208.4897,0
1645846800000,1.4984,1.5027,1.4979,1.5023,8086,1645846859999,12132.7534,111,6508,9765.2907,0
1645846860000,1.5023,1.5074,1.5010,1.5067,11929,1645846919999,17933.3510,126,6915,10399.5872,0
1645846920000,1.5067,1.5072,1.5038,1.5058,7880,1645846979999,11856.0313,85,4707,7081.7787,0
1645846980000,1.5056,1.5099,1.5056,1.5063,15242,1645847039999,22990.6356,116,9480,14296.0773,0
1645847040000,1.5062,1.5088,1.5061,1.5064,2558,1645847099999,3855.6847,46,1184,1785.0098,0
1645847100000,1.5063,1.5083,1.5053,1.5059,9073,1645847159999,13676.5819,86,3481,5245.1264,0
1645847160000,1.5053,1.5057,1.5023,1.5036,12639,1645847219999,19004.6952,116,4464,6710.6599,0
1645847220000,1.5036,1.5065,1.5031,1.5060,10155,1645847279999,15275.3137,118,4380,6590.3795,0
1645847280000,1.5056,1.5072,1.5048,1.5056,5256,1645847339999,7915.5031,77,4805,7236.4129,0
1645847340000,1.5058,1.5103,1.5056,1.5103,11780,1645847399999,17755.7376,127,7248,10928.1216,0
1645847400000,1.5101,1.5103,1.5074,1.5082,1787,1645847459999,2695.1060,60,918,1384.3294,0
1645847460000,1.5082,1.5109,1.5071,1.5109,8328,1645847519999,12561.9587,85,5070,7648.1056,0
1645847520000,1.5104,1.5136,1.5101,1.5125,17892,1645847579999,27049.5756,136,15972,24148.4375,0
1645847580000,1.5117,1.5137,1.5117,1.5137,11037,1645847639999,16697.0424,104,7907,11962.6898,0
1645847640000,1.5137,1.5139,1.5116,1.5120,10325,1645847699999,15618.9433,88,5771,8733.4850,0
1645847700000,1.5120,1.5120,1.5059,1.5059,5326,1645847759999,8034.1535,76,973,1466.5508,0
1645847760000,1.5059,1.5082,1.5049,1.5082,13881,1645847819999,20906.5064,97,11100,16717.7888,0
1645847820000,1.5084,1.5084,1.5047,1.5056,8021,1645847879999,12085.3415,79,2074,3121.5886,0
1645847880000,1.5061,1.5061,1.5040,1.5043,4510,1645847939999,6788.1926,64,1726,2597.2272,0
1645847940000,1.5044,1.5072,1.5019,1.5019,40581,1645847999999,61049.7177,137,28209,42435.5003,0
1645848000000,1.5015,1.5085,1.5015,1.5076,12107,1645848059999,18208.7034,120,9334,14038.0008,0
1645848060000,1.5081,1.5107,1.5077,1.5100,11886,1645848119999,17935.5016,123,5023,7580.2130,0
1645848120000,1.5102,1.5102,1.5084,1.5092,9731,1645848179999,14688.2195,97,5582,8426.5691,0
1645848180000,1.5082,1.5092,1.5071,1.5078,3483,1645848239999,5251.5553,91,2310,3482.9277,0
1645848240000,1.5081,1.5094,1.5061,1.5069,8427,1645848299999,12707.3349,88,5593,8436.0531,0
1645848300000,1.5071,1.5087,1.5049,1.5049,5706,1645848359999,8594.5973,88,542,816.8678,0
1645848360000,1.5050,1.5067,1.5044,1.5053,4299,1645848419999,6472.1325,87,2792,4202.9028,0
1645848420000,1.5054,1.5074,1.5053,1.5073,2528,1645848479999,3807.0499,63,2211,3329.6771,0
1645848480000,1.5068,1.5068,1.5049,1.5055,2642,1645848539999,3978.6166,69,2183,3287.4501,0
1645848540000,1.5061,1.5139,1.5048,1.5128,30747,1645848599999,46427.1963,201,24026,36267.9515,0
1645848600000,1.5122,1.5138,1.5113,1.5136,10582,1645848659999,16005.5603,110,6835,10338.3278,0
1645848660000,1.5131,1.5202,1.5117,1.5189,35835,1645848719999,54306.9153,190,28519,43213.8964,0
1645848720000,1.5185,1.5185,1.5136,1.5163,15262,1645848779999,23128.4486,146,11217,17001.1220,0
1645848780000,1.5163,1.5163,1.5105,1.5116,39920,1645848839999,60384.0083,223,11093,16771.3416,0
1645848840000,1.5115,1.5173,1.5094,1.5169,21415,1645848899999,32402.3987,179,13720,20765.2613,0
1645848900000,1.5169,1.5178,1.5111,1.5173,25514,1645848959999,38666.7019,239,16104,24406.4374,0
1645848960000,1.5177,1.5178,1.5113,1.5113,14059,1645849019999,21287.5054,121,2725,4125.4575,0
1645849020000,1.5119,1.5132,1.5093,1.5093,7927,1645849079999,11977.0667,105,2941,4445.8206,0
1645849080000,1.5090,1.5100,1.5043,1.5073,16538,1645849139999,24932.0198,151,10985,16558.6645,0
1645849140000,1.5073,1.5128,1.5073,1.5128,9979,1645849199999,15072.9322,124,4889,7386.8340,0
1645849200000,1.5125,1.5150,1.5111,1.5132,5518,1645849259999,8345.8145,98,3514,5315.8099,0
1645849260000,1.5132,1.5160,1.5130,1.5160,12613,1645849319999,19108.5282,116,10777,16328.4183,0
1645849320000,1.5167,1.5179,1.5154,1.5165,8565,1645849379999,12991.0101,96,6696,10157.3924,0
1645849380000,1.5175,1.5210,1.5168,1.5189,25654,1645849439999,38972.7893,122,24284,36892.0121,0
1645849440000,1.5190,1.5215,1.5180,1.5181,10948,1645849499999,16637.6072,82,7577,11517.2690,0
1645849500000,1.5180,1.5196,1.5171,1.5171,6303,1645849559999,9566.0491,74,2497,3790.6521,0
1645849560000,1.5170,1.5171,1.5135,1.5157,8335,1645849619999,12632.4739,110,815,1234.6426,0
1645849620000,1.5157,1.5167,1.5156,1.5156,3448,1645849679999,5227.0024,74,1579,2393.9948,0
1645849680000,1.5156,1.5174,1.5156,1.5172,7355,1645849739999,11157.3245,76,4472,6783.7661,0
1645849740000,1.5173,1.5182,1.5156,1.5166,3263,1645849799999,4949.9000,62,1967,2983.7774,0
1645849800000,1.5165,1.5173,1.5161,1.5164,4635,1645849859999,7028.4174,72,3005,4556.7580,0
1645849860000,1.5163,1.5182,1.5162,1.5180,10800,1645849919999,16380.2525,115,3763,5707.9834,0
1645849920000,1.5178,1.5215,1.5172,1.5210,7411,1645849979999,11258.1149,73,7294,11080.2992,0
1645849980000,1.5210,1.5210,1.5185,1.5185,5056,1645850039999,7683.5606,82,1284,1950.8205,0
1645850040000,1.5184,1.5189,1.5176,1.5180,3320,1645850099999,5040.2862,74,1482,2249.7586,0
1645850100000,1.5180,1.5192,1.5170,1.5177,2999,1645850159999,4551.1592,77,1655,2511.9114,0
1645850160000,1.5175,1.5184,1.5155,1.5162,7162,1645850219999,10866.2264,107,1218,1847.6380,0
1645850220000,1.5162,1.5212,1.5162,1.5199,7198,1645850279999,10933.7518,137,5305,8061.9767,0
1645850280000,1.5197,1.5199,1.5156,1.5160,2718,1645850339999,4127.8415,50,276,418.6542,0
1645850340000,1.5160,1.5170,1.5150,1.5154,24825,1645850399999,37629.5388,75,2470,3744.5802,0
1645850400000,1.5161,1.5173,1.5154,1.5168,3334,1645850459999,5054.5963,67,1724,2614.4350,0
1645850460000,1.5169,1.5183,1.5163,1.5166,5392,1645850519999,8178.7221,70,472,716.0438,0
1645850520000,1.5167,1.5196,1.5167,1.5194,3888,1645850579999,5905.4569,78,2660,4039.7003,0
1645850580000,1.5189,1.5189,1.5161,1.5161,3642,1645850639999,5529.7580,67,113,171.3825,0
1645850640000,1.5162,1.5189,1.5161,1.5171,10512,1645850699999,15945.5637,97,8926,13539.5816,0
1645850700000,1.5169,1.5169,1.5137,1.5139,7082,1645850759999,10728.6247,86,2170,3285.4199,0
1645850760000,1.5137,1.5199,1.5131,1.5195,19610,1645850819999,29753.1344,200,14275,21656.9532,0
1645850820000,1.5194,1.5241,1.5194,1.5207,17854,1645850879999,27162.7922,149,10370,15779.2520,0
1645850880000,1.5206,1.5243,1.5203,1.5228,12283,1645850939999,18702.2319,134,8514,12965.2801,0
1645850940000,1.5236,1.5291,1.5236,1.5264,33346,1645850999999,50909.3037,193,21111,32225.5150,0
1645851000000,1.5261,1.5273,1.5225,1.5249,13064,1645851059999,19921.8806,109,3677,5607.6043,0
1645851060000,1.5234,1.5300,1.5234,1.5299,19802,1645851119999,30258.1595,145,15359,23468.8827,0
1645851120000,1.5290,1.5313,1.5285,1.5313,21515,1645851179999,32913.1655,146,8216,12570.7951,0
1645851180000,1.5311,1.5319,1.5292,1.5293,9207,1645851239999,14090.5048,82,3827,5857.4447,0
1645851240000,1.5293,1.5455,1.5272,1.5421,108090,1645851299999,166078.8391,457,74096,113867.9017,0
1645851300000,1.5413,1.5414,1.5304,1.5348,68919,1645851359999,105701.2876,327,30019,46040.1728,0
1645851360000,1.5340,1.5373,1.5331,1.5373,30745,1645851419999,47191.5108,209,19396,29777.7037,0
1645851420000,1.5369,1.5380,1.5327,1.5363,55514,1645851479999,85247.7271,309,24068,36976.2130,0
1645851480000,1.5368,1.5379,1.5327,1.5327,17943,1645851539999,27552.3335,184,8212,12610.9620,0
1645851540000,1.5328,1.5368,1.5328,1.5354,39492,1645851599999,60610.5757,221,26044,39964.7621,0
1645851600000,1.5351,1.5351,1.5267,1.5275,32252,1645851659999,49376.2354,205,5056,7742.8787,0
1645851660000,1.5274,1.5306,1.5274,1.5285,16113,1645851719999,24639.4889,122,4669,7138.2293,0
1645851720000,1.5285,1.5299,1.5251,1.5287,24701,1645851779999,37729.6284,193,4154,6345.6034,0
1645851780000,1.5286,1.5294,1.5269,1.5283,5300,1645851839999,8098.8972,94,2472,3778.4016,0
1645851840000,1.5286,1.5309,1.5281,1.5294,6060,1645851899999,9265.1439,96,2941,4497.3993,0
1645851900000,1.5300,1.5314,1.5265,1.5306,43615,1645851959999,66676.1793,189,24525,37490.8326,0
1645851960000,1.5305,1.5318,1.5298,1.5302,12817,1645852019999,19621.7561,77,3611,5528.4523,0
1645852020000,1.5301,1.5317,1.5301,1.5309,3023,1645852079999,4628.1919,62,561,858.7624,0
1645852080000,1.5310,1.5327,1.5310,1.5327,4018,1645852139999,6156.0506,63,3911,5992.1631,0
1645852140000,1.5325,1.5327,1.5279,1.5305,22914,1645852199999,35093.8463,109,4725,7236.4022,0
1645852200000,1.5304,1.5333,1.5304,1.5333,9337,1645852259999,14298.4671,87,8163,12499.9451,0
1645852260000,1.5329,1.5329,1.5307,1.5324,6417,1645852319999,9830.5133,67,959,1469.2516,0
1645852320000,1.5324,1.5375,1.5311,1.5375,23055,1645852379999,35372.9661,185,19274,29576.2487,0
1645852380000,1.5375,1.5375,1.5329,1.5329,11423,1645852439999,17531.8137,81,8606,13203.4301,0
1645852440000,1.5333,1.5348,1.5322,1.5331,8619,1645852499999,13212.0701,78,6587,10097.2475,0
1645852500000,1.5327,1.5340,1.5316,1.5330,5396,1645852559999,8270.8280,67,1903,2917.2054,0
1645852560000,1.5326,1.5326,1.5302,1.5302,14393,1645852619999,22038.9528,115,4228,6476.3662,0
1645852620000,1.5303,1.5303,1.5250,1.5270,21789,1645852679999,33282.3269,205,7542,11520.3443,0
1645852680000,1.5271,1.5271,1.5235,1.5240,40972,1645852739999,62524.0064,89,1353,2062.2974,0
1645852740000,1.5242,1.5276,1.5242,1.5265,8614,1645852799999,13140.3438,111,3328,5078.0259,0
1645852800000,1.5265,1.5265,1.5229,1.5230,10409,1645852859999,15867.2979,81,346,527.3480,0
1645852860000,1.5237,1.5272,1.5235,1.5267,5685,1645852919999,8671.8872,67,5098,7776.0050,0
1645852920000,1.5267,1.5283,1.5257,1.5270,6699,1645852979999,10229.7906,84,3433,5243.6073,0
1645852980000,1.5270,1.5289,1.5250,1.5250,9036,1645853039999,13800.1088,93,4368,6672.3716,0
1645853040000,1.5251,1.5263,1.5201,1.5205,13411,1645853099999,20425.4130,108,3721,5662.7135,0
1645853100000,1.5206,1.5224,1.5168,1.5177,23383,1645853159999,35518.3197,126,17916,27206.9819,0
1645853160000,1.5175,1.5200,1.5170,1.5181,3127,1645853219999,4748.7306,87,2014,3058.6167,0
1645853220000,1.5177,1.5208,1.5177,1.5190,6809,1645853279999,10346.1165,88,4245,6449.4006,0
1645853280000,1.5190,1.5233,1.5190,1.5225,5909,1645853339999,8994.0531,96,4227,6432.6627,0
1645853340000,1.5220,1.5236,1.5220,1.5228,18289,1645853399999,27859.9490,66,1128,1717.8492,0
1645853400000,1.5228,1.5228,1.5201,1.5205,15791,1645853459999,24038.1435,69,2585,3931.3566,0
1645853460000,1.5203,1.5216,1.5190,1.5190,17402,1645853519999,26458.1534,134,7628,11600.3208,0
1645853520000,1.5188,1.5188,1.5104,1.5117,24801,1645853579999,37531.5403,203,3407,5151.9920,0
1645853580000,1.5119,1.5138,1.5107,1.5134,13532,1645853639999,20458.9713,140,6194,9368.6248,0
1645853640000,1.5134,1.5134,1.5089,1.5089,5996,1645853699999,9063.3214,94,1071,1617.8969,0
1645853700000,1.5091,1.5117,1.5089,1.5094,17411,1645853759999,26289.7818,104,13309,20096.2045,0
1645853760000,1.5095,1.5096,1.5024,1.5031,8260,1645853819999,12430.0521,127,1072,1613.7400,0
1645853820000,1.5027,1.5049,1.5015,1.5041,8231,1645853879999,12373.9996,113,3925,5902.0113,0
1645853880000,1.5040,1.5076,1.5039,1.5063,7973,1645853939999,12003.5682,90,6776,10201.8381,0
1645853940000,1.5061,1.5065,1.5036,1.5036,12035,1645853999999,18116.1225,146,3281,4940.3279,0
1645854000000,1.5039,1.5089,1.5036,1.5089,4999,1645854059999,7531.4966,79,4184,6302.5708,0
1645854060000,1.5095,1.5101,1.5075,1.5076,11513,1645854119999,17365.2569,88,2802,4226.9881,0
1645854120000,1.5078,1.5079,1.5022,1.5022,27481,1645854179999,41385.4539,176,11211,16881.9775,0
1645854180000,1.5024,1.5065,1.5024,1.5029,21069,1645854239999,31698.1667,137,9230,13879.8463,0
1645854240000,1.5029,1.5040,1.5023,1.5040,7773,1645854299999,11684.8186,97,5682,8542.1118,0
1645854300000,1.5033,1.5048,1.4990,1.4997,29179,1645854359999,43838.0313,191,9162,13773.1228,0
1645854360000,1.4989,1.5021,1.4975,1.4994,24734,1645854419999,37088.2936,166,8169,12255.0609,0
1645854420000,1.4996,1.5040,1.4996,1.5022,11314,1645854479999,16989.3198,147,5628,8451.5596,0
1645854480000,1.5028,1.5073,1.5012,1.5044,10922,1645854539999,16432.0458,131,7792,11725.5892,0
1645854540000,1.5051,1.5067,1.5037,1.5047,15055,1645854599999,22653.7121,119,7408,11146.5233,0
1645854600000,1.5052,1.5121,1.5052,1.5105,17363,1645854659999,26204.4402,165,14883,22460.0721,0
1645854660000,1.5106,1.5118,1.5081,1.5106,10481,1645854719999,15825.8358,126,8680,13105.7176,0
1645854720000,1.5102,1.5114,1.5088,1.5110,8398,1645854779999,12685.8375,96,5532,8356.3753,0
1645854780000,1.5101,1.5102,1.5050,1.5053,12446,1645854839999,18755.8385,107,4213,6349.0158,0
1645854840000,1.5052,1.5052,1.5033,1.5040,5758,1645854899999,8661.8065,89,795,1195.7458,0
1645854900000,1.5041,1.5044,1.5003,1.5003,15322,1645854959999,23025.3763,139,6086,9144.9035,0
1645854960000,1.5011,1.5036,1.4951,1.4965,32564,1645855019999,48810.9699,219,6832,10239.5660,0
1645855020000,1.4964,1.4984,1.4961,1.4973,11841,1645855079999,17724.3905,113,7235,10828.1700,0
1645855080000,1.4971,1.4988,1.4971,1.4976,10635,1645855139999,15931.8306,84,7893,11823.8292,0
1645855140000,1.4974,1.5008,1.4967,1.4976,35114,1645855199999,52640.4113,121,19311,28935.6668,0
1645855200000,1.4976,1.5005,1.4951,1.4993,19521,1645855259999,29215.4366,130,10704,16013.7784,0
1645855260000,1.4993,1.5000,1.4968,1.5000,17471,1645855319999,26176.9933,122,6683,10014.4106,0
1645855320000,1.4999,1.5000,1.4975,1.4986,20745,1645855379999,31101.9569,133,12183,18270.3759,0
1645855380000,1.4986,1.5089,1.4986,1.5089,57363,1645855439999,86151.9609,279,44588,66974.3416,0
1645855440000,1.5083,1.5145,1.5058,1.5058,43787,1645855499999,66159.5103,222,23833,36020.7731,0
1645855500000,1.5064,1.5078,1.5050,1.5055,11536,1645855559999,17372.3308,126,2803,4221.8066,0
1645855560000,1.5055,1.5070,1.5051,1.5063,10723,1645855619999,16149.5579,65,1405,2115.9617,0
1645855620000,1.5063,1.5088,1.5063,1.5079,3364,1645855679999,5072.9728,64,1694,2553.7773,0
1645855680000,1.5075,1.5119,1.5071,1.5083,26237,1645855739999,39619.9655,231,12180,18395.5839,0
1645855740000,1.5089,1.5116,1.5063,1.5069,9377,1645855799999,14158.7213,100,2398,3619.0499,0
1645855800000,1.5075,1.5110,1.5075,1.5093,4354,1645855859999,6573.4963,77,2644,3991.5435,0
1645855860000,1.5093,1.5119,1.5088,1.5089,7879,1645855919999,11903.0612,86,1153,1742.3039,0
1645855920000,1.5088,1.5093,1.5058,1.5073,8429,1645855979999,12703.8418,90,1982,2986.0819,0
1645855980000,1.5072,1.5072,1.5053,1.5054,10404,1645856039999,15668.6483,55,1581,2380.7232,0
1645856040000,1.5055,1.5062,1.5049,1.5051,2999,1645856099999,4515.4438,41,636,957.5422,0
1645856100000,1.5047,1.5091,1.5047,1.5074,9635,1645856159999,14511.9756,72,8799,13252.2531,0
1645856160000,1.5074,1.5099,1.5055,1.5091,11886,1645856219999,17926.8152,131,6569,9906.0614,0
1645856220000,1.5088,1.5105,1.5072,1.5077,11787,1645856279999,17782.4399,149,6587,9938.1674,0
1645856280000,1.5093,1.5093,1.5077,1.5082,2521,1645856339999,3803.5551,68,1209,1824.1964,0
1645856340000,1.5082,1.5082,1.5048,1.5048,5351,1645856399999,8063.4835,96,3356,5055.9145,0
1645856400000,1.5058,1.5064,1.5025,1.5055,16683,1645856459999,25097.8039,204,8772,13197.7504,0
1645856460000,1.5060,1.5069,1.5030,1.5044,19161,1645856519999,28828.6767,96,9331,14047.2717,0
1645856520000,1.5043,1.5060,1.5043,1.5053,2352,1645856579999,3539.4341,60,1687,2538.7406,0
1645856580000,1.5053,1.5059,1.5045,1.5045,7330,1645856639999,11030.2403,47,455,685.0098,0
1645856640000,1.5044,1.5044,1.5024,1.5027,4991,1645856699999,7501.9631,63,2756,4141.6394,0
1645856700000,1.5027,1.5051,1.5018,1.5040,10508,1645856759999,15791.5316,88,9322,14009.6110,0
1645856760000,1.5043,1.5085,1.5039,1.5073,2322,1645856819999,3497.5422,44,2079,3131.9155,0
1645856820000,1.5074,1.5099,1.5063,1.5063,11839,1645856879999,17860.5012,124,5805,8759.4312,0
1645856880000,1.5067,1.5082,1.5059,1.5068,4340,1645856939999,6540.0667,68,3643,5490.0636,0
1645856940000,1.5066,1.5066,1.5041,1.5049,6947,1645856999999,10455.1255,65,6151,9256.5648,0
1645857000000,1.5049,1.5049,1.4991,1.5016,20429,1645857059999,30672.3706,126,9856,14786.9840,0
1645857060000,1.5007,1.5022,1.4981,1.4987,16279,1645857119999,24418.1889,118,3602,5407.4133,0
1645857120000,1.4988,1.4991,1.4947,1.4957,30921,1645857179999,46260.9882,225,10372,15517.3825,0
1645857180000,1.4950,1.4985,1.4937,1.4984,18664,1645857239999,27917.5752,162,13753,20575.7220,0
1645857240000,1.4974,1.4985,1.4968,1.4975,12124,1645857299999,18158.0634,86,449,672.4458,0
1645857300000,1.4975,1.4989,1.4970,1.4970,10499,1645857359999,15724.9227,117,1706,2556.2139,0
1645857360000,1.4968,1.5009,1.4963,1.5009,13478,1645857419999,20194.8201,125,10572,15842.3352,0
1645857420000,1.5003,1.5009,1.5003,1.5003,4027,1645857479999,6042.8439,57,2235,3353.6556,0
1645857480000,1.5001,1.5043,1.5000,1.5038,6674,1645857539999,10032.8090,79,6241,9382.4970,0
1645857540000,1.5037,1.5038,1.5027,1.5031,4511,1645857599999,6781.2944,56,1250,1879.3765,0
1645857600000,1.5030,1.5041,1.5025,1.5031,2447,1645857659999,3678.3934,61,1589,2388.4106,0
1645857660000,1.5029,1.5033,1.4998,1.4998,5552,1645857719999,8334.7153,71,2999,4503.2196,0
1645857720000,1.4999,1.5046,1.4992,1.5026,2352,1645857779999,3531.4796,76,1187,1783.0739,0
1645857780000,1.5027,1.5029,1.5000,1.5003,7229,1645857839999,10854.4893,49,3494,5249.2086,0
1645857840000,1.4998,1.5003,1.4992,1.4999,2484,1645857899999,3725.3745,56,2033,3048.9512,0
1645857900000,1.4997,1.5006,1.4982,1.4996,5471,1645857959999,8201.1626,60,4564,6841.4228,0
1645857960000,1.4996,1.5069,1.4992,1.5067,9772,1645858019999,14691.7932,120,8959,13471.0435,0
1645858020000,1.5067,1.5074,1.5059,1.5068,9404,1645858079999,14169.8472,69,1615,2433.6306,0
1645858080000,1.5064,1.5064,1.5036,1.5047,4568,1645858139999,6873.2740,69,2549,3835.2641,0
1645858140000,1.5044,1.5044,1.5020,1.5020,9202,1645858199999,13832.6585,81,2941,4422.9585,0
1645858200000,1.5023,1.5040,1.5004,1.5004,2613,1645858259999,3925.1296,67,796,1195.9483,0
1645858260000,1.5002,1.5051,1.4997,1.5045,6024,1645858319999,9054.4673,88,5353,8046.2381,0
1645858320000,1.5041,1.5113,1.5018,1.5096,39633,1645858379999,59711.4066,244,33778,50899.1435,0
1645858380000,1.5096,1.5117,1.5081,1.5117,9830,1645858439999,14841.1610,114,8648,13057.7851,0
1645858440000,1.5105,1.5105,1.5039,1.5046,23612,1645858499999,35585.4115,141,10451,15753.3188,0
1645858500000,1.5046,1.5089,1.5034,1.5089,8830,1645858559999,13292.0979,111,3912,5891.4514,0
1645858560000,1.5086,1.5086,1.5051,1.5052,7445,1645858619999,11224.3377,65,1717,2585.3113,0
1645858620000,1.5056,1.5093,1.5054,1.5090,8454,1645858679999,12741.2550,79,5884,8869.9437,0
1645858680000,1.5091,1.5161,1.5079,1.5115,34939,1645858739999,52826.7783,219,20564,31093.3782,0
1645858740000,1.5115,1.5151,1.5101,1.5142,14866,1645858799999,22478.5737,135,10570,15978.6708,0
1645858800000,1.5143,1.5150,1.5118,1.5138,16302,1645858859999,24662.0485,111,13827,20915.9673,0
1645858860000,1.5138,1.5139,1.5110,1.5110,16431,1645858919999,24852.2173,144,5906,8931.9460,0
1645858920000,1.5110,1.5172,1.5102,1.5163,23099,1645858979999,34958.8427,276,14101,21342.0281,0
1645858980000,1.5168,1.5189,1.5167,1.5177,7793,1645859039999,11831.0640,82,3673,5576.1792,0
1645859040000,1.5177,1.5230,1.5162,1.5229,31263,1645859099999,47522.9320,287,29013,44105.4408,0
1645859100000,1.5221,1.5221,1.5159,1.5192,13172,1645859159999,20003.6988,147,6511,9885.6560,0
1645859160000,1.5200,1.5200,1.5100,1.5111,16238,1645859219999,24598.2012,162,2037,3086.2252,0
1645859220000,1.5116,1.5152,1.5112,1.5134,4823,1645859279999,7299.9055,92,1131,1711.1213,0
1645859280000,1.5141,1.5166,1.5119,1.5129,11750,1645859339999,17789.2071,103,2401,3637.9297,0
1645859340000,1.5127,1.5158,1.5121,1.5142,8395,1645859399999,12712.9115,104,6750,10222.0436,0
1645859400000,1.5140,1.5180,1.5140,1.5180,5759,1645859459999,8734.6441,93,4808,7292.7990,0
1645859460000,1.5182,1.5195,1.5130,1.5130,14965,1645859519999,22716.5278,116,2793,4240.4665,0
1645859520000,1.5135,1.5145,1.5060,1.5067,15564,1645859579999,23489.2314,137,3425,5175.1568,0
1645859580000,1.5062,1.5092,1.5054,1.5057,16391,1645859639999,24702.9939,106,8364,12606.2955,0
1645859640000,1.5065,1.5079,1.5037,1.5038,1954,1645859699999,2941.4411,49,589,886.6028,0
1645859700000,1.5038,1.5062,1.5035,1.5043,14521,1645859759999,21847.3161,89,11156,16784.0314,0
1645859760000,1.5042,1.5047,1.5003,1.5005,16109,1645859819999,24202.3458,127,5847,8784.5989,0
1645859820000,1.5003,1.5026,1.4989,1.5022,14100,1645859879999,21155.5288,167,4933,7402.8145,0
1645859880000,1.5024,1.5055,1.5016,1.5038,8221,1645859939999,12359.8672,87,6197,9315.5734,0
1645859940000,1.5040,1.5086,1.5026,1.5080,14851,1645859999999,22352.2356,119,12991,19554.2784,0
1645860000000,1.5078,1.5143,1.5078,1.5142,7192,1645860059999,10870.7516,94,5710,8631.3917,0
1645860060000,1.5142,1.5150,1.5126,1.5148,8935,1645860119999,13526.9136,76,6132,9284.6994,0
1645860120000,1.5152,1.5165,1.5137,1.5137,4412,1645860179999,6683.6857,79,2352,3563.2222,0
1645860180000,1.5136,1.5139,1.5083,1.5093,6990,1645860239999,10564.3893,72,340,513.9556,0
1645860240000,1.5090,1.5096,1.5057,1.5082,12595,1645860299999,18988.1153,171,5590,8429.4373,0
1645860300000,1.5088,1.5100,1.5082,1.5082,5265,1645860359999,7944.4023,59,1398,2108.9672,0
1645860360000,1.5084,1.5147,1.5084,1.5147,5452,1645860419999,8238.0348,95,5125,7743.2245,0
1645860420000,1.5146,1.5173,1.5114,1.5122,11389,1645860479999,17255.9103,118,3522,5337.3178,0
1645860480000,1.5120,1.5123,1.5073,1.5107,11124,1645860539999,16798.1207,105,3467,5238.5926,0
1645860540000,1.5110,1.5136,1.5109,1.5132,14109,1645860599999,21337.7772,93,4070,6153.5774,0
1645860600000,1.5130,1.5138,1.5116,1.5127,9149,1645860659999,13834.6701,72,8693,13145.1133,0
1645860660000,1.5128,1.5147,1.5127,1.5136,7997,1645860719999,12103.8491,114,3079,4661.6002,0
1645860720000,1.5137,1.5147,1.5108,1.5127,17623,1645860779999,26668.8142,124,4158,6293.5811,0
1645860780000,1.5128,1.5146,1.5093,1.5104,11752,1645860839999,17762.4123,112,5411,8175.1464,0
1645860840000,1.5105,1.5114,1.5098,1.5099,4149,1645860899999,6268.0947,53,895,1352.0343,0
1645860900000,1.5099,1.5167,1.5086,1.5162,19603,1645860959999,29650.5685,161,15439,23350.7581,0
1645860960000,1.5155,1.5207,1.5137,1.5198,28038,1645861019999,42531.2873,229,16168,24541.0590,0
1645861020000,1.5201,1.5277,1.5189,1.5263,34260,1645861079999,52240.9477,227,27911,42563.8475,0
1645861080000,1.5262,1.5271,1.5230,1.5253,22048,1645861139999,33624.1003,185,10783,16446.8849,0
1645861140000,1.5250,1.5271,1.5238,1.5255,11605,1645861199999,17701.9175,134,7771,11854.6762,0
1645861200000,1.5254,1.5255,1.5224,1.5235,9669,1645861259999,14735.9606,107,2287,3483.3431,0
1645861260000,1.5230,1.5230,1.5188,1.5215,14627,1645861319999,22241.8440,141,4415,6714.1162,0
1645861320000,1.5214,1.5219,1.5197,1.5201,5781,1645861379999,8794.7252,42,2284,3474.6513,0
1645861380000,1.5200,1.5209,1.5180,1.5196,17908,1645861439999,27217.1293,197,12016,18263.4375,0
1645861440000,1.5197,1.5204,1.5190,1.5201,3054,1645861499999,4641.1356,51,2271,3451.3020,0
1645861500000,1.5199,1.5212,1.5186,1.5186,8871,1645861559999,13480.8226,72,6330,9619.6121,0
1645861560000,1.5183,1.5200,1.5167,1.5194,9999,1645861619999,15184.1152,111,2872,4362.0112,0
1645861620000,1.5194,1.5194,1.5143,1.5178,25264,1645861679999,38302.4208,237,10284,15589.0960,0
1645861680000,1.5179,1.5207,1.5175,1.5196,7172,1645861739999,10893.5725,71,3166,4809.6227,0
1645861740000,1.5197,1.5197,1.5156,1.5182,5470,1645861799999,8303.1327,63,1620,2458.4784,0
1645861800000,1.5180,1.5187,1.5152,1.5165,6943,1645861859999,10531.2658,90,2784,4226.2342,0
1645861860000,1.5165,1.5166,1.5135,1.5160,15460,1645861919999,23419.2506,133,4825,7312.1462,0
1645861920000,1.5160,1.5199,1.5160,1.5194,27439,1645861979999,41659.1942,114,24930,37848.3418,0
1645861980000,1.5193,1.5235,1.5188,1.5188,23155,1645862039999,35225.5436,161,6530,9934.6437,0
1645862040000,1.5187,1.5216,1.5187,1.5208,11039,1645862099999,16777.2895,95,7121,10824.1894,0
1645862100000,1.5207,1.5237,1.5172,1.5178,16065,1645862159999,24422.9802,126,7283,11078.7806,0
1645862160000,1.5173,1.5173,1.5130,1.5159,23905,1645862219999,36212.7247,154,8868,13436.5931,0
1645862220000,1.5158,1.5178,1.5153,1.5162,9658,1645862279999,14644.8405,67,5708,8655.1749,0
1645862280000,1.5162,1.5171,1.5154,1.5162,6392,1645862339999,9691.3597,43,3393,5144.7572,0
1645862340000,1.5160,1.5182,1.5142,1.5181,36435,1645862399999,55210.7170,104,27864,42220.8107,0
1645862400000,1.5182,1.5192,1.5160,1.5169,11640,1645862459999,17666.7207,97,5704,8655.7365,0
1645862460000,1.5169,1.5201,1.5164,1.5190,16022,1645862519999,24327.7518,118,8815,13386.7288,0
1645862520000,1.5190,1.5191,1.5150,1.5156,16124,1645862579999,24451.3477,146,2914,4419.2363,0
1645862580000,1.5155,1.5191,1.5151,1.5177,8811,1645862639999,13367.2571,88,3939,5975.7709,0
1645862640000,1.5176,1.5185,1.5154,1.5156,7036,1645862699999,10676.5695,58,3466,5259.7273,0
1645862700000,1.5155,1.5172,1.5133,1.5172,9402,1645862759999,14246.1410,76,7665,11615.1096,0
1645862760000,1.5172,1.5175,1.5145,1.5151,16285,1645862819999,24691.3830,90,6935,10514.4299,0
1645862820000,1.5148,1.5150,1.5129,1.5131,5237,1645862879999,7927.9779,70,1515,2293.4802,0
1645862880000,1.5132,1.5156,1.5132,1.5145,5533,1645862939999,8380.4251,65,3448,5222.4919,0
1645862940000,1.5141,1.5177,1.5141,1.5177,4103,1645862999999,6215.1240,51,3736,5658.9067,0
1645863000000,1.5174,1.5174,1.5135,1.5139,4281,1645863059999,6488.1212,60,351,531.5448,0
1645863060000,1.5138,1.5150,1.5132,1.5146,4556,1645863119999,6898.0373,51,2931,4438.1536,0
1645863120000,1.5146,1.5173,1.5146,1.5149,9216,1645863179999,13969.5664,67,4545,6889.2979,0
1645863180000,1.5147,1.5196,1.5147,1.5196,10247,1645863239999,15540.6168,79,5572,8451.6197,0
1645863240000,1.5188,1.5203,1.5176,1.5193,3931,1645863299999,5971.0687,67,1378,2093.3615,0
1645863300000,1.5189,1.5230,1.5179,1.5215,10422,1645863359999,15835.4916,105,4421,6719.0934,0
1645863360000,1.5216,1.5234,1.5208,1.5215,10540,1645863419999,16040.8477,93,4202,6395.2264,0
1645863420000,1.5220,1.5240,1.5204,1.5231,10373,1645863479999,15791.0620,108,7276,11076.9341,0
1645863480000,1.5233,1.5255,1.5223,1.5223,5376,1645863539999,8194.0790,80,2200,3353.3861,0
1645863540000,1.5223,1.5265,1.5223,1.5265,7706,1645863599999,11741.4878,110,2214,3373.8118,0
1645863600000,1.5256,1.5300,1.5255,1.5281,20086,1645863659999,30687.0174,151,9426,14401.1412,0
1645863660000,1.5282,1.5323,1.5261,1.5261,21834,1645863719999,33399.4980,173,7166,10961.1972,0
1645863720000,1.5261,1.5274,1.5230,1.5239,10684,1645863779999,16298.9683,119,4223,6442.8026,0
1645863780000,1.5232,1.5273,1.5230,1.5246,13690,1645863839999,20872.1991,129,5739,8753.4100,0
1645863840000,1.5240,1.5263,1.5221,1.5229,10580,1645863899999,16124.2187,115,5019,7649.2003,0
1645863900000,1.5215,1.5229,1.5207,1.5207,6144,1645863959999,9346.6679,77,1864,2836.4222,0
1645863960000,1.5207,1.5207,1.5177,1.5207,18227,1645864019999,27686.3418,120,6753,10258.2598,0
1645864020000,1.5210,1.5210,1.5185,1.5197,5880,1645864079999,8939.6950,65,944,1434.5230,0
1645864080000,1.5201,1.5230,1.5198,1.5218,19885,1645864139999,30262.5912,100,5151,7836.4079,0
1645864140000,1.5220,1.5224,1.5204,1.5210,3312,1645864199999,5039.1977,39,1831,2785.2224,0
1645864200000,1.5209,1.5226,1.5197,1.5201,26889,1645864259999,40885.4169,108,24325,36986.0572,0
1645864260000,1.5208,1.5256,1.5197,1.5250,15544,1645864319999,23674.4996,130,11420,17392.0001,0
1645864320000,1.5251,1.5251,1.5222,1.5230,11157,1645864379999,17008.3929,90,776,1182.6464,0
1645864380000,1.5231,1.5249,1.5223,1.5233,6811,1645864439999,10375.2565,95,3630,5530.2133,0
1645864440000,1.5234,1.5256,1.5230,1.5236,8186,1645864499999,12477.1946,74,4238,6460.0489,0
1645864500000,1.5234,1.5250,1.5226,1.5230,6835,1645864559999,10415.0499,67,5825,8875.9578,0
1645864560000,1.5233,1.5240,1.5229,1.5235,3685,1645864619999,5613.1341,44,1360,2071.8238,0
1645864620000,1.5236,1.5236,1.5201,1.5217,8812,1645864679999,13417.8659,97,1231,1873.3069,0
1645864680000,1.5224,1.5231,1.5199,1.5206,5098,1645864739999,7757.9959,77,1332,2027.2150,0
1645864740000,1.5205,1.5206,1.5159,1.5162,9804,1645864799999,14880.2481,142,4108,6233.6820,0
1645864800000,1.5158,1.5169,1.5101,1.5102,16203,1645864859999,24507.4181,134,5030,7612.1831,0
1645864860000,1.5102,1.5134,1.5062,1.5079,17808,1645864919999,26878.0400,134,3159,4766.9944,0
1645864920000,1.5083,1.5139,1.5079,1.5127,25030,1645864979999,37817.6013,151,18575,28060.9320,0
1645864980000,1.5129,1.5173,1.5120,1.5168,23803,1645865039999,36057.1347,136,15042,22785.2958,0
1645865040000,1.5155,1.5162,1.5129,1.5161,8783,1645865099999,13307.6265,87,4168,6317.2418,0
1645865100000,1.5162,1.5162,1.5053,1.5054,13820,1645865159999,20867.4264,80,3009,4550.3526,0
1645865160000,1.5062,1.5107,1.5033,1.5050,29798,1645865219999,44913.4763,242,12311,18570.9335,0
1645865220000,1.5051,1.5054,1.4985,1.4985,17829,1645865279999,26773.1638,167,4263,6402.6746,0
1645865280000,1.4990,1.5023,1.4983,1.5005,10118,1645865339999,15167.7446,90,5253,7876.3705,0
1645865340000,1.5014,1.5033,1.4983,1.4990,6920,1645865399999,10387.9098,57,609,913.8998,0
1645865400000,1.5000,1.5010,1.4954,1.4972,10793,1645865459999,16171.8529,103,4449,6669.8536,0
1645865460000,1.4964,1.4972,1.4948,1.4964,9744,1645865519999,14573.8364,74,4547,6804.3855,0
1645865520000,1.4964,1.4997,1.4943,1.4975,14339,1645865579999,21470.5799,121,9348,14002.7310,0
1645865580000,1.4977,1.5007,1.4964,1.4964,14840,1645865639999,22239.3874,133,6833,10246.5318,0
1645865640000,1.4964,1.4983,1.4926,1.4938,10627,1645865699999,15891.0491,139,3532,5285.7703,0
1645865700000,1.4931,1.4984,1.4931,1.4977,10271,1645865759999,15363.9200,137,4426,6618.6387,0
1645865760000,1.4977,1.4983,1.4941,1.4972,11240,1645865819999,16819.2646,114,5367,8033.3087,0
1645865820000,1.4966,1.4987,1.4945,1.4945,9015,1645865879999,13492.7523,64,2129,3187.3774,0
1645865880000,1.4954,1.4959,1.4927,1.4943,14426,1645865939999,21554.7844,91,5383,8041.1852,0
1645865940000,1.4943,1.4977,1.4943,1.4973,10840,1645865999999,16223.1477,65,3646,5457.2002,0
1645866000000,1.4977,1.4987,1.4940,1.4985,30077,1645866059999,45024.9317,119,12165,18201.4783,0
1645866060000,1.4984,1.5058,1.4984,1.5041,28462,1645866119999,42743.9663,165,17748,26649.4829,0
1645866120000,1.5042,1.5043,1.5001,1.5001,19239,1645866179999,28902.4262,175,10313,15499.2135,0
1645866180000,1.5000,1.5002,1.4981,1.5000,8303,1645866239999,12448.7205,103,3898,5845.1738,0
1645866240000,1.5008,1.5028,1.5002,1.5004,6132,1645866299999,9208.0104,67,2579,3874.3920,0
1645866300000,1.5004,1.5016,1.5003,1.5009,4141,1645866359999,6213.8356,38,2004,3007.2948,0
1645866360000,1.5004,1.5026,1.5000,1.5024,4590,1645866419999,6889.3514,62,2298,3449.9305,0
1645866420000,1.5025,1.5036,1.5007,1.5007,6502,1645866479999,9771.1434,57,386,580.2568,0
1645866480000,1.5007,1.5041,1.5007,1.5016,8545,1645866539999,12847.2360,81,6516,9797.3691,0
1645866540000,1.5017,1.5034,1.5017,1.5028,3869,1645866599999,5812.8571,57,886,1331.2370,0
1645866600000,1.5029,1.5062,1.5029,1.5060,11700,1645866659999,17609.2821,77,9038,13600.6746,0
1645866660000,1.5060,1.5060,1.5012,1.5026,7727,1645866719999,11616.5899,78,1027,1545.4458,0
1645866720000,1.5026,1.5029,1.4945,1.4945,10208,1645866779999,15298.3905,89,2670,4001.8121,0
1645866780000,1.4944,1.4965,1.4888,1.4901,22018,1645866839999,32881.8682,143,8579,12825.7435,0
1645866840000,1.4898,1.4914,1.4847,1.4901,30433,1645866899999,45270.1839,213,12782,19019.0333,0
1645866900000,1.4901,1.4901,1.4821,1.4898,15969,1645866959999,23734.2003,133,8351,12413.6961,0
1645866960000,1.4892,1.4939,1.4887,1.4916,14242,1645867019999,21230.0846,115,9267,13812.7634,0
1645867020000,1.4917,1.4936,1.4900,1.4924,12596,1645867079999,18785.6260,115,4278,6381.3361,0
1645867080000,1.4920,1.4931,1.4911,1.4931,3322,1645867139999,4956.9453,67,2809,4191.7088,0
1645867140000,1.4931,1.4982,1.4931,1.4949,5962,1645867199999,8916.3253,76,4349,6502.8649,0
1645867200000,1.4944,1.4958,1.4929,1.4943,4647,1645867259999,6943.6719,53,1799,2688.1254,0
1645867260000,1.4945,1.4945,1.4925,1.4941,6645,1645867319999,9926.0376,49,1729,2580.8312,0
1645867320000,1.4939,1.4972,1.4939,1.4952,6781,1645867379999,10141.3263,64,1737,2597.6744,0
1645867380000,1.4953,1.4979,1.4952,1.4977,4598,1645867439999,6881.2217,62,2499,3739.3847,0
1645867440000,1.4975,1.4975,1.4958,1.4973,2555,1645867499999,3824.3422,44,1720,2574.4289,0
1645867500000,1.4973,1.5047,1.4972,1.5021,17109,1645867559999,25681.5390,121,13195,19801.7230,0
1645867560000,1.5014,1.5031,1.5013,1.5021,5387,1645867619999,8092.6537,53,4181,6281.0843,0
1645867620000,1.5021,1.5021,1.4956,1.4956,5953,1645867679999,8917.2081,73,1138,1703.6225,0
1645867680000,1.4963,1.4995,1.4957,1.4993,2311,1645867739999,3461.0680,68,1324,1982.3369,0
1645867740000,1.4995,1.4995,1.4969,1.4969,11616,1645867799999,17413.2060,45,2226,3334.8524,0
1645867800000,1.4976,1.5013,1.4949,1.5013,6831,1645867859999,10222.7082,55,4745,7099.9409,0
1645867860000,1.5002,1.5058,1.4999,1.5052,20493,1645867919999,30816.4281,171,11820,17776.8194,0
1645867920000,1.5046,1.5072,1.5044,1.5063,8325,1645867979999,12535.8110,89,4692,7066.2812,0
1645867980000,1.5068,1.5107,1.5067,1.5105,11826,1645868039999,17841.5621,84,11486,17329.1539,0
1645868040000,1.5107,1.5116,1.5089,1.5109,4050,1645868099999,6117.0975,65,2152,3251.1845,0
1645868100000,1.5106,1.5109,1.5078,1.5080,4592,1645868159999,6931.1780,47,3903,5891.1979,0
1645868160000,1.5074,1.5077,1.5046,1.5069,5402,1645868219999,8137.4041,90,2749,4140.6620,0
1645868220000,1.5068,1.5102,1.5068,1.5094,2121,1645868279999,3200.3826,48,1271,1917.2767,0
1645868280000,1.5087,1.5119,1.5087,1.5119,4594,1645868339999,6938.3307,62,4546,6865.8015,0
1645868340000,1.5117,1.5183,1.5117,1.5165,13716,1645868399999,20782.4468,163,10584,16034.1871,0
1645868400000,1.5165,1.5165,1.5116,1.5144,6420,1645868459999,9720.9984,74,804,1216.5801,0
1645868460000,1.5144,1.5144,1.5110,1.5113,3335,1645868519999,5042.6860,49,587,887.3779,0
1645868520000,1.5107,1.5107,1.5091,1.5091,2392,1645868579999,3611.9014,41,163,246.1242,0
1645868580000,1.5090,1.5090,1.5066,1.5085,11578,1645868639999,17454.7272,87,5592,8430.4334,0
1645868640000,1.5075,1.5088,1.5075,1.5084,4038,1645868699999,6090.4461,36,715,1078.4611,0
1645868700000,1.5079,1.5115,1.5045,1.5045,11307,1645868759999,17046.7008,92,2288,3452.5681,0
1645868760000,1.5050,1.5062,1.5030,1.5048,10939,1645868819999,16457.7104,95,8273,12447.3959,0
1645868820000,1.5048,1.5079,1.5041,1.5079,9949,1645868879999,14987.9749,96,9819,14792.1054,0
1645868880000,1.5073,1.5079,1.5034,1.5054,8604,1645868939999,12950.1417,67,2574,3874.7005,0
1645868940000,1.5056,1.5056,1.5032,1.5032,1735,1645868999999,2609.5644,22,1562,2349.4303,0
1645869000000,1.5031,1.5037,1.4993,1.5002,6275,1645869059999,9420.0317,75,2447,3673.9359,0
1645869060000,1.5002,1.5002,1.4980,1.4987,5432,1645869119999,8141.6586,54,4324,6480.4675,0
1645869120000,1.4988,1.5028,1.4988,1.5003,2119,1645869179999,3181.4289,48,1153,1729.9807,0
1645869180000,1.5007,1.5032,1.5007,1.5009,7248,1645869239999,10882.0896,61,3924,5891.1380,0
1645869240000,1.5008,1.5009,1.4978,1.4986,2386,1645869299999,3577.4996,35,1175,1760.7042,0
1645869300000,1.4975,1.4989,1.4959,1.4976,8532,1645869359999,12777.4538,106,3675,5505.7139,0
1645869360000,1.4985,1.5008,1.4984,1.5001,3338,1645869419999,5006.7327,54,1223,1834.3924,0
1645869420000,1.4998,1.5017,1.4981,1.5010,4659,1645869479999,6988.3655,53,2740,4110.3504,0
1645869480000,1.5018,1.5050,1.5017,1.5026,4624,1645869539999,6952.1741,61,480,721.6370,0
1645869540000,1.5023,1.5024,1.4998,1.5013,9783,1645869599999,14677.3853,45,8286,12431.0795,0
1645869600000,1.5013,1.5015,1.4964,1.4993,15942,1645869659999,23909.1957,94,4186,6269.1915,0
1645869660000,1.4993,1.5132,1.4993,1.5128,16684,1645869719999,25165.7777,158,12554,18933.6283,0
1645869720000,1.5125,1.5212,1.5125,1.5202,29999,1645869779999,45473.9805,224,17783,26964.0715,0
1645869780000,1.5202,1.5209,1.5173,1.5196,23887,1645869839999,36286.1329,169,9157,13913.6256,0
1645869840000,1.5198,1.5198,1.5180,1.5198,14325,1645869899999,21761.7946,99,5391,8190.1495,0
1645869900000,1.5195,1.5222,1.5174,1.5174,23114,1645869959999,35118.3968,157,8874,13491.7591,0
1645869960000,1.5174,1.5214,1.5147,1.5179,12512,1645870019999,18989.7391,132,7086,10753.8167,0
1645870020000,1.5177,1.5234,1.5172,1.5212,15339,1645870079999,23327.0556,143,9684,14723.8107,0
1645870080000,1.5209,1.5212,1.5183,1.5183,5298,1645870139999,8050.4298,63,755,1147.1010,0
1645870140000,1.5179,1.5179,1.5140,1.5145,13248,1645870199999,20085.6016,129,1561,2366.2506,0
1645870200000,1.5144,1.5241,1.5135,1.5230,17347,1645870259999,26350.3741,135,13119,19921.4437,0
1645870260000,1.5223,1.5230,1.5165,1.5183,6847,1645870319999,10400.9812,106,2634,4002.3117,0
1645870320000,1.5182,1.5185,1.5157,1.5165,2486,1645870379999,3771.4908,40,1277,1937.2462,0
1645870380000,1.5165,1.5198,1.5156,1.5191,3884,1645870439999,5890.8817,81,2406,3649.3134,0
1645870440000,1.5190,1.5199,1.5166,1.5183,4917,1645870499999,7468.7628,47,1031,1565.3679,0
1645870500000,1.5186,1.5194,1.5161,1.5176,3215,1645870559999,4876.2882,44,2757,4181.2795,0
1645870560000,1.5170,1.5174,1.5133,1.5145,12184,1645870619999,18460.1902,123,3160,4787.5401,0
1645870620000,1.5145,1.5178,1.5145,1.5169,6578,1645870679999,9974.2460,85,4980,7550.6850,0
1645870680000,1.5168,1.5177,1.5157,1.5161,4521,1645870739999,6857.1875,54,2835,4300.4326,0
1645870740000,1.5159,1.5219,1.5159,1.5205,17004,1645870799999,25838.0880,148,14443,21946.2334,0
1645870800000,1.5205,1.5254,1.5204,1.5211,20382,1645870859999,31013.3958,142,17629,26820.5337,0
1645870860000,1.5211,1.5213,1.5175,1.5190,6451,1645870919999,9802.7708,86,1498,2275.4390,0
1645870920000,1.5189,1.5224,1.5188,1.5217,2208,1645870979999,3358.0256,48,995,1513.6425,0
1645870980000,1.5210,1.5267,1.5210,1.5266,7527,1645871039999,11472.0445,83,7158,10909.3938,0
1645871040000,1.5261,1.5271,1.5226,1.5239,24134,1645871099999,36825.4615,108,4722,7202.1429,0
1645871100000,1.5239,1.5239,1.5202,1.5204,7375,1645871159999,11216.8390,64,3796,5773.6488,0
1645871160000,1.5217,1.5217,1.5174,1.5174,19919,1645871219999,30269.3639,86,5503,8356.7235,0
1645871220000,1.5182,1.5182,1.5147,1.5150,14692,1645871279999,22273.2014,119,4216,6391.2461,0
1645871280000,1.5149,1.5171,1.5149,1.5163,4867,1645871339999,7376.7584,62,4349,6591.5657,0
1645871340000,1.5163,1.5193,1.5163,1.5173,21782,1645871399999,33063.2694,153,8378,12716.6525,0
1645871400000,1.5173,1.5189,1.5150,1.5174,12986,1645871459999,19699.1564,130,2529,3836.3888,0
1645871460000,1.5171,1.5176,1.5148,1.5164,20469,1645871519999,31039.9473,184,10084,15292.4360,0
1645871520000,1.5164,1.5174,1.5161,1.5174,7146,1645871579999,10837.8737,93,6048,9172.7858,0
1645871580000,1.5174,1.5183,1.5161,1.5170,5521,1645871639999,8377.6656,58,3475,5273.7015,0
1645871640000,1.5161,1.5166,1.5145,1.5164,4605,1645871699999,6977.3954,60,3640,5515.1958,0
1645871700000,1.5164,1.5168,1.5154,1.5164,2777,1645871759999,4210.4024,66,2618,3969.3236,0
1645871760000,1.5165,1.5184,1.5145,1.5145,5853,1645871819999,8879.3095,53,2191,3324.1011,0
1645871820000,1.5138,1.5138,1.5094,1.5106,20020,1645871879999,30239.2500,161,6778,10236.4245,0
1645871880000,1.5103,1.5103,1.5056,1.5076,22998,1645871939999,34676.4292,145,7124,10735.4020,0
1645871940000,1.5076,1.5077,1.5032,1.5040,7616,1645871999999,11475.4802,71,1625,2446.8946,0
1645872000000,1.5034,1.5061,1.5021,1.5061,15000,1645872059999,22561.0879,75,12855,19335.0991,0
1645872060000,1.5061,1.5087,1.5061,1.5074,15527,1645872119999,23402.2563,104,4674,7046.2161,0
1645872120000,1.5068,1.5074,1.5043,1.5067,7517,1645872179999,11314.7402,76,5311,7994.7789,0
1645872180000,1.5068,1.5104,1.5064,1.5075,10553,1645872239999,15916.7612,94,7154,10792.1509,0
1645872240000,1.5075,1.5124,1.5075,1.5109,5070,1645872299999,7658.6070,63,2819,4257.4078,0
1645872300000,1.5116,1.5139,1.5113,1.5139,9995,1645872359999,15118.8537,69,6827,10326.5896,0
1645872360000,1.5141,1.5155,1.5121,1.5127,8856,1645872419999,13402.6099,72,5870,8883.9729,0
1645872420000,1.5127,1.5142,1.5125,1.5138,6647,1645872479999,10057.0673,53,5804,8781.3433,0
1645872480000,1.5138,1.5155,1.5138,1.5152,5326,1645872539999,8066.7801,53,4690,7103.5939,0
1645872540000,1.5152,1.5153,1.5089,1.5089,9885,1645872599999,14950.2709,64,1249,1885.9008,0
1645872600000,1.5085,1.5175,1.5085,1.5167,23561,1645872659999,35645.3049,120,22743,34406.9605,0
1645872660000,1.5175,1.5271,1.5168,1.5253,21095,1645872719999,32115.3567,156,15895,24199.3101,0
1645872720000,1.5254,1.5273,1.5214,1.5254,36134,1645872779999,55077.5141,177,24027,36625.0029,0
1645872780000,1.5253,1.5265,1.5236,1.5244,8711,1645872839999,13284.5361,60,5337,8138.3882,0
1645872840000,1.5243,1.5243,1.5188,1.5188,13195,1645872899999,20072.3340,86,3017,4590.9604,0
1645872900000,1.5188,1.5194,1.5165,1.5165,12969,1645872959999,19692.2480,93,10098,15336.1468,0
1645872960000,1.5169,1.5174,1.5145,1.5150,13838,1645873019999,20977.3930,85,4726,7163.4944,0
1645873020000,1.5145,1.5149,1.5106,1.5117,21051,1645873079999,31826.4824,129,4699,7102.3302,0
1645873080000,1.5116,1.5156,1.5116,1.5145,10666,1645873139999,16143.9225,66,4912,7429.6330,0
1645873140000,1.5143,1.5155,1.5139,1.5149,3826,1645873199999,5794.9790,58,3658,5540.5285,0
1645873200000,1.5144,1.5145,1.5110,1.5112,5289,1645873259999,8002.2700,53,2941,4451.4060,0
1645873260000,1.5112,1.5142,1.5112,1.5142,6002,1645873319999,9078.4956,98,4505,6814.0379,0
1645873320000,1.5141,1.5182,1.5120,1.5182,14460,1645873379999,21904.7969,114,7588,11495.1403,0
1645873380000,1.5182,1.5216,1.5156,1.5211,16525,1645873439999,25087.4851,167,11269,17111.8520,0
1645873440000,1.5210,1.5210,1.5131,1.5131,7214,1645873499999,10950.6977,53,145,219.6146,0
1645873500000,1.5124,1.5124,1.5069,1.5077,6059,1645873559999,9147.1989,76,3183,4803.8110,0
1645873560000,1.5071,1.5101,1.5061,1.5073,12501,1645873619999,18845.6261,116,4243,6397.4045,0
1645873620000,1.5081,1.5081,1.5035,1.5035,7649,1645873679999,11521.6053,76,2509,3780.4950,0
1645873680000,1.5041,1.5042,1.5001,1.5038,12753,1645873739999,19155.3953,108,3609,5417.0408,0
1645873740000,1.5043,1.5056,1.5007,1.5019,5279,1645873799999,7937.2522,65,1776,2668.2516,0
1645873800000,1.5020,1.5030,1.4997,1.5022,8257,1645873859999,12396.5788,73,4819,7234.6417,0
1645873860000,1.5013,1.5024,1.5000,1.5018,3144,1645873919999,4721.7271,35,719,1080.0071,0
1645873920000,1.5022,1.5033,1.5012,1.5026,3285,1645873979999,4936.0666,46,1005,1510.0487,0
1645873980000,1.5026,1.5081,1.5026,1.5065,13561,1645874039999,20418.3917,92,6101,9181.0581,0
1645874040000,1.5065,1.5067,1.5041,1.5057,2428,1645874099999,3656.1401,61,733,1103.7308,0
1645874100000,1.5060,1.5060,1.5029,1.5029,6714,1645874159999,10104.2878,74,1409,2121.1277,0
1645874160000,1.5028,1.5097,1.5003,1.5097,30894,1645874219999,46457.1234,204,19346,29095.1891,0
1645874220000,1.5098,1.5179,1.5091,1.5165,20969,1645874279999,31748.3068,180,15167,22960.6899,0
1645874280000,1.5171,1.5194,1.5165,1.5187,11176,1645874339999,16965.1413,127,3788,5751.7011,0
1645874340000,1.5190,1.5358,1.5189,1.5313,136235,1645874399999,208371.7566,747,83069,126997.0728,0
1645874400000,1.5312,1.5321,1.5234,1.5245,86795,1645874459999,132641.6392,468,37489,57309.1299,0
1645874460000,1.5243,1.5247,1.5217,1.5230,26662,1645874519999,40608.4709,241,10512,16011.8970,0
1645874520000,1.5231,1.5303,1.5215,1.5285,30075,1645874579999,45905.6062,223,22582,34464.4329,0
1645874580000,1.5280,1.5376,1.5269,1.5354,47653,1645874639999,73072.2194,342,25490,39056.0619,0
1645874640000,1.5350,1.5460,1.5326,1.5438,48821,1645874699999,75077.6116,517,32619,50171.4586,0
1645874700000,1.5438,1.5448,1.5403,1.5423,40279,1645874759999,62134.3485,435,16310,25164.4496,0
1645874760000,1.5423,1.5505,1.5404,1.5441,56817,1645874819999,87814.1088,480,39640,61251.2632,0
1645874820000,1.5436,1.5436,1.5347,1.5373,34555,1645874879999,53162.0014,338,8769,13487.5830,0
1645874880000,1.5372,1.5400,1.5358,1.5368,17103,1645874939999,26288.9908,194,12347,18979.7119,0
1645874940000,1.5372,1.5425,1.5341,1.5409,53899,1645874999999,82840.6355,306,26624,40940.6688,0
1645875000000,1.5411,1.5530,1.5406,1.5514,90981,1645875059999,141025.5007,419,34121,52849.7066,0
1645875060000,1.5522,1.5527,1.5421,1.5453,50446,1645875119999,78036.7121,333,13609,21059.2149,0
1645875120000,1.5453,1.5459,1.5310,1.5326,42385,1645875179999,65168.0846,332,14432,22220.8147,0
1645875180000,1.5326,1.5356,1.5317,1.5346,24977,1645875239999,38308.9625,239,19272,29563.3737,0
1645875240000,1.5348,1.5398,1.5334,1.5384,26424,1645875299999,40598.3558,182,16129,24782.7429,0
1645875300000,1.5381,1.5390,1.5345,1.5356,13064,1645875359999,20081.8591,139,6988,10738.9417,0
1645875360000,1.5354,1.5366,1.5300,1.5306,22370,1645875419999,34319.5051,122,6344,9731.4498,0
1645875420000,1.5305,1.5329,1.5277,1.5315,22180,1645875479999,33935.1258,231,11380,17417.3241,0
1645875480000,1.5316,1.5345,1.5314,1.5344,9276,1645875539999,14221.4967,136,7960,12204.5761,0
1645875540000,1.5345,1.5353,1.5329,1.5330,9046,1645875599999,13877.6732,97,4140,6353.1749,0
1645875600000,1.5325,1.5351,1.5316,1.5343,17828,1645875659999,27336.6346,154,11327,17373.0469,0
1645875660000,1.5343,1.5357,1.5335,1.5357,10379,1645875719999,15926.7613,114,7607,11672.8090,0
1645875720000,1.5355,1.5357,1.5306,1.5315,12503,1645875779999,19184.5014,66,1728,2647.7156,0
1645875780000,1.5324,1.5358,1.5314,1.5316,20872,1645875839999,32008.9634,165,17650,27071.4616,0
1645875840000,1.5320,1.5353,1.5313,1.5327,21529,1645875899999,33001.2182,147,10114,15499.7591,0
1645875900000,1.5325,1.5345,1.5324,1.5325,8102,1645875959999,12423.8911,81,4275,6556.9293,0
1645875960000,1.5330,1.5389,1.5322,1.5354,45688,1645876019999,70171.3967,279,30700,47140.1834,0
1645876020000,1.5354,1.5354,1.5281,1.5311,16840,1645876079999,25791.9662,170,4158,6363.4770,0
1645876080000,1.5308,1.5308,1.5273,1.5275,8340,1645876139999,12749.3430,104,3742,5718.1060,0
1645876140000,1.5274,1.5274,1.5231,1.5249,18181,1645876199999,27735.6677,153,7465,11391.1653,0
1645876200000,1.5249,1.5263,1.5224,1.5260,26477,1645876259999,40378.1707,142,8649,13189.1451,0
1645876260000,1.5256,1.5261,1.5233,1.5257,9482,1645876319999,14462.3363,116,5451,8314.4434,0
1645876320000,1.5253,1.5259,1.5235,1.5247,11145,1645876379999,16999.5340,106,8106,12364.2513,0
1645876380000,1.5250,1.5278,1.5250,1.5272,10051,1645876439999,15347.5866,94,8232,12569.8504,0
1645876440000,1.5269,1.5281,1.5234,1.5270,22139,1645876499999,33767.3614,159,9116,13906.8897,0
1645876500000,1.5268,1.5269,1.5211,1.5221,10053,1645876559999,15328.2596,118,3524,5368.5849,0
1645876560000,1.5218,1.5243,1.5213,1.5241,8312,1645876619999,12658.6916,106,7424,11306.7859,0
1645876620000,1.5241,1.5247,1.5215,1.5215,16794,1645876679999,25582.8123,102,10688,16282.8456,0
1645876680000,1.5215,1.5218,1.5180,1.5201,22772,1645876739999,34602.9236,163,11134,16920.5087,0
1645876740000,1.5201,1.5201,1.5143,1.5144,16875,1645876799999,25594.7796,113,9531,14452.4864,0
1645876800000,1.5142,1.5199,1.5136,1.5180,38055,1645876859999,57670.0570,148,23874,36156.3042,0
1645876860000,1.5175,1.5227,1.5175,1.5190,17930,1645876919999,27266.3543,200,11210,17048.7416,0
1645876920000,1.5194,1.5199,1.5152,1.5169,29024,1645876979999,44052.7471,239,10009,15197.4013,0
1645876980000,1.5169,1.5169,1.5136,1.5136,25160,1645877039999,38152.4299,100,2719,4120.0538,0
1645877040000,1.5146,1.5198,1.5146,1.5167,21847,1645877099999,33168.2319,107,9046,13725.2199,0
1645877100000,1.5167,1.5306,1.5167,1.5292,43214,1645877159999,65859.6865,272,36112,55015.7528,0
1645877160000,1.5296,1.5297,1.5249,1.5279,20228,1645877219999,30889.6745,186,9020,13771.7182,0
1645877220000,1.5278,1.5279,1.5230,1.5230,15244,1645877279999,23262.9561,185,1745,2665.4786,0
1645877280000,1.5229,1.5230,1.5215,1.5223,18179,1645877339999,27672.3376,211,7990,12161.5649,0
1645877340000,1.5216,1.5225,1.5191,1.5191,14829,1645877399999,22561.9383,79,5504,8377.4325,0
1645877400000,1.5189,1.5201,1.5179,1.5190,19974,1645877459999,30335.4996,189,9675,14693.3920,0
1645877460000,1.5190,1.5211,1.5180,1.5193,12544,1645877519999,19054.5646,112,5427,8243.5081,0
1645877520000,1.5201,1.5266,1.5201,1.5256,8697,1645877579999,13253.3084,94,6096,9288.7276,0
1645877580000,1.5256,1.5355,1.5256,1.5355,15825,1645877639999,24231.5903,177,10847,16607.6807,0
1645877640000,1.5353,1.5381,1.5293,1.5299,52261,1645877699999,80272.2696,226,17868,27442.3430,0
1645877700000,1.5304,1.5409,1.5300,1.5300,36911,1645877759999,56657.5253,257,23212,35637.9516,0
1645877760000,1.5303,1.5379,1.5274,1.5369,51755,1645877819999,79270.5125,268,25038,38373.6920,0
1645877820000,1.5365,1.5376,1.5300,1.5320,28491,1645877879999,43695.2037,237,7702,11820.8176,0
1645877880000,1.5329,1.5347,1.5314,1.5328,10497,1645877939999,16093.7758,106,6996,10727.9951,0
1645877940000,1.5333,1.5370,1.5332,1.5335,9576,1645877999999,14698.3114,108,5215,7999.8055,0
1645878000000,1.5335,1.5352,1.5293,1.5293,10057,1645878059999,15417.3853,127,5093,7812.8586,0
1645878060000,1.5298,1.5318,1.5250,1.5259,23424,1645878119999,35814.6907,184,11315,17303.2360,0
1645878120000,1.5253,1.5279,1.5250,1.5259,7762,1645878179999,11846.6245,123,4946,7550.3355,0
1645878180000,1.5260,1.5293,1.5260,1.5280,9874,1645878239999,15084.2447,132,8061,12314.1013,0
1645878240000,1.5271,1.5304,1.5269,1.5294,12552,1645878299999,19190.8106,132,7013,10721.8137,0
1645878300000,1.5294,1.5313,1.5291,1.5299,5716,1645878359999,8744.9189,95,3679,5629.0036,0
1645878360000,1.5303,1.5303,1.5251,1.5267,15207,1645878419999,23231.0851,167,5708,8723.1611,0
1645878420000,1.5271,1.5271,1.5223,1.5236,12768,1645878479999,19469.0993,139,5575,8502.4962,0
1645878480000,1.5234,1.5250,1.5226,1.5249,13813,1645878539999,21047.4994,105,12235,18643.5293,0
1645878540000,1.5250,1.5250,1.5200,1.5219,11800,1645878599999,17965.6763,105,4098,6234.3136,0
1645878600000,1.5222,1.5222,1.5145,1.5218,30226,1645878659999,45872.8294,202,14291,21681.0218,0
1645878660000,1.5219,1.5226,1.5153,1.5153,36694,1645878719999,55718.3199,216,11458,17418.7764,0
1645878720000,1.5152,1.5196,1.5116,1.5166,45769,1645878779999,69340.7611,411,24380,36935.7893,0
1645878780000,1.5166,1.5168,1.5141,1.5145,7719,1645878839999,11700.7866,74,2845,4313.7178,0
1645878840000,1.5145,1.5213,1.5145,1.5210,13225,1645878899999,20059.3505,141,12012,18218.3465,0
1645878900000,1.5210,1.5247,1.5210,1.5246,7153,1645878959999,10892.1664,95,6412,9764.1319,0
1645878960000,1.5244,1.5271,1.5243,1.5246,13147,1645879019999,20055.4439,87,4592,7005.1751,0
1645879020000,1.5240,1.5249,1.5215,1.5249,12347,1645879079999,18810.3746,90,4126,6283.3425,0
1645879080000,1.5241,1.5278,1.5225,1.5278,8804,1645879139999,13421.5063,142,5583,8511.8153,0
1645879140000,1.5261,1.5265,1.5226,1.5239,9664,1645879199999,14731.7569,112,4062,6191.8396,0
1645879200000,1.5247,1.5256,1.5229,1.5246,6110,1645879259999,9311.0764,100,3506,5343.8978,0
1645879260000,1.5249,1.5261,1.5222,1.5227,3727,1645879319999,5678.2439,81,918,1398.0371,0
1645879320000,1.5223,1.5223,1.5172,1.5207,20931,1645879379999,31795.0101,146,4069,6185.7027,0
1645879380000,1.5205,1.5221,1.5188,1.5188,6894,1645879439999,10482.8704,97,3538,5380.2488,0
1645879440000,1.5188,1.5195,1.5163,1.5168,11324,1645879499999,17196.6161,98,3151,4785.5161,0
1645879500000,1.5168,1.5218,1.5159,1.5217,14878,1645879559999,22575.2558,106,13924,21128.4416,0
1645879560000,1.5218,1.5267,1.5215,1.5262,14233,1645879619999,21689.4133,132,10747,16378.9018,0
1645879620000,1.5267,1.5278,1.5238,1.5265,17410,1645879679999,26572.2645,164,8756,13363.9806,0
1645879680000,1.5273,1.5290,1.5257,1.5257,7522,1645879739999,11491.7129,101,5436,8305.3390,0
1645879740000,1.5261,1.5279,1.5242,1.5263,6578,1645879799999,10042.6192,118,5608,8561.7735,0
1645879800000,1.5260,1.5268,1.5245,1.5252,7731,1645879859999,11791.4675,78,4675,7131.1638,0
1645879860000,1.5256,1.5317,1.5251,1.5317,7384,1645879919999,11283.6360,107,5356,8183.7368,0
1645879920000,1.5317,1.5317,1.5285,1.5296,4387,1645879979999,6711.8996,73,1846,2823.8383,0
1645879980000,1.5297,1.5300,1.5285,1.5285,5726,1645880039999,8755.2673,55,1869,2857.4864,0
1645880040000,1.5287,1.5287,1.5257,1.5258,4357,1645880099999,6654.1597,62,238,363.2365,0
1645880100000,1.5258,1.5258,1.5232,1.5246,11875,1645880159999,18100.6052,127,4250,6479.9692,0
1645880160000,1.5250,1.5307,1.5245,1.5297,6299,1645880219999,9625.1368,92,6203,9478.3102,0
1645880220000,1.5299,1.5305,1.5257,1.5261,13182,1645880279999,20126.6585,87,1311,2001.6020,0
1645880280000,1.5263,1.5316,1.5262,1.5316,4644,1645880339999,7105.4402,100,4414,6753.5165,0
1645880340000,1.5316,1.5364,1.5315,1.5328,45202,1645880399999,69367.1086,221,24096,36970.5735,0
1645880400000,1.5332,1.5372,1.5329,1.5346,22645,1645880459999,34756.0448,125,15589,23922.6789,0
1645880460000,1.5346,1.5360,1.5302,1.5307,9372,1645880519999,14363.3704,146,2283,3502.7739,0
1645880520000,1.5316,1.5316,1.5158,1.5175,109281,1645880579999,166413.9445,612,36738,55923.7183,0
1645880580000,1.5176,1.5220,1.5171,1.5211,16408,1645880639999,24923.0340,128,12810,19457.1556,0
1645880640000,1.5213,1.5252,1.5213,1.5252,14924,1645880699999,22743.6981,124,10044,15307.9634,0
1645880700000,1.5249,1.5286,1.5249,1.5281,9947,1645880759999,15185.9222,127,6196,9456.7644,0
1645880760000,1.5283,1.5293,1.5274,1.5283,8263,1645880819999,12628.1087,76,4271,6527.2324,0
1645880820000,1.5272,1.5282,1.5257,1.5264,9223,1645880879999,14083.0038,78,1642,2507.5827,0
1645880880000,1.5265,1.5286,1.5262,1.5262,4583,1645880939999,7001.1278,82,1429,2183.3954,0
1645880940000,1.5262,1.5264,1.5245,1.5264,4690,1645880999999,7155.0840,62,1370,2090.0110,0
1645881000000,1.5265,1.5270,1.5251,1.5270,7424,1645881059999,11331.3223,79,5175,7899.3491,0
1645881060000,1.5262,1.5298,1.5262,1.5278,6324,1645881119999,9661.4939,84,1726,2636.6359,0
1645881120000,1.5276,1.5305,1.5259,1.5296,10346,1645881179999,15806.8962,76,5447,8322.6716,0
1645881180000,1.5294,1.5294,1.5270,1.5280,4804,1645881239999,7342.3309,29,1812,2768.8073,0
1645881240000,1.5276,1.5316,1.5275,1.5316,16694,1645881299999,25515.2855,87,13839,21152.2948,0
1645881300000,1.5320,1.5321,1.5268,1.5294,21316,1645881359999,32593.9189,137,11044,16883.8935,0
1645881360000,1.5285,1.5324,1.5275,1.5321,10949,1645881419999,16753.3801,118,6976,10672.4080,0
1645881420000,1.5322,1.5327,1.5283,1.5311,11204,1645881479999,17149.0730,133,6578,10068.8939,0
1645881480000,1.5306,1.5327,1.5293,1.5308,7180,1645881539999,10992.9757,76,4420,6768.1035,0
1645881540000,1.5307,1.5324,1.5297,1.5310,5741,1645881599999,8789.5523,73,3063,4689.2181,0
1645881600000,1.5315,1.5321,1.5308,1.5315,7842,1645881659999,12009.1288,81,2152,3296.1993,0
1645881660000,1.5315,1.5315,1.5286,1.5300,7978,1645881719999,12214.0164,71,2535,3880.7033,0
1645881720000,1.5296,1.5316,1.5291,1.5308,4744,1645881779999,7259.4810,58,4011,6137.8691,0
1645881780000,1.5306,1.5315,1.5301,1.5308,5699,1645881839999,8724.4295,68,3132,4794.7629,0
1645881840000,1.5311,1.5315,1.5304,1.5306,4544,1645881899999,6955.7620,76,2476,3790.2841,0
1645881900000,1.5306,1.5306,1.5277,1.5296,11319,1645881959999,17306.3905,100,3527,5392.2041,0
1645881960000,1.5295,1.5317,1.5279,1.5304,9463,1645882019999,14481.0326,95,5666,8669.2178,0
1645882020000,1.5306,1.5347,1.5306,1.5328,12514,1645882079999,19179.7445,118,4443,6807.4015,0
1645882080000,1.5326,1.5345,1.5289,1.5310,29393,1645882139999,44995.0320,113,24438,37405.4575,0
1645882140000,1.5310,1.5311,1.5289,1.5297,6621,1645882199999,10134.5352,45,1370,2096.8288,0
1645882200000,1.5298,1.5298,1.5237,1.5267,16631,1645882259999,25374.0184,147,8458,12898.4840,0
1645882260000,1.5271,1.5307,1.5271,1.5282,24362,1645882319999,37246.1041,140,14257,21802.3910,0
1645882320000,1.5284,1.5303,1.5264,1.5293,16446,1645882379999,25132.9641,162,11496,17571.5295,0
1645882380000,1.5288,1.5343,1.5286,1.5299,20475,1645882439999,31353.5655,167,12903,19755.2219,0
1645882440000,1.5293,1.5293,1.5253,1.5258,8264,1645882499999,12617.7769,103,4869,7433.7135,0
1645882500000,1.5258,1.5295,1.5258,1.5293,8777,1645882559999,13407.7520,101,3615,5524.1461,0
1645882560000,1.5285,1.5291,1.5257,1.5257,13792,1645882619999,21069.3967,83,3203,4894.4471,0
1645882620000,1.5269,1.5270,1.5246,1.5254,5997,1645882679999,9150.8969,33,3976,6066.1844,0
1645882680000,1.5250,1.5261,1.5244,1.5247,9489,1645882739999,14472.1470,89,5906,9008.8432,0
1645882740000,1.5248,1.5283,1.5244,1.5283,5853,1645882799999,8930.2077,59,5218,7960.9704,0
1645882800000,1.5278,1.5286,1.5258,1.5258,5733,1645882859999,8756.0727,42,938,1433.2047,0
1645882860000,1.5257,1.5257,1.5231,1.5231,12612,1645882919999,19220.7276,71,5077,7736.2827,0
1645882920000,1.5231,1.5249,1.5221,1.5243,10418,1645882979999,15872.9562,104,4210,6414.2642,0
1645882980000,1.5246,1.5249,1.5226,1.5246,7441,1645883039999,11341.1624,50,6574,10020.0490,0
1645883040000,1.5244,1.5256,1.5240,1.5250,7926,1645883099999,12084.2293,64,3139,4786.2352,0
1645883100000,1.5248,1.5248,1.5226,1.5238,5036,1645883159999,7670.9242,47,3106,4731.3949,0
1645883160000,1.5232,1.5310,1.5227,1.5303,16675,1645883219999,25445.9457,139,13140,20057.5013,0
1645883220000,1.5309,1.5324,1.5299,1.5305,19111,1645883279999,29257.5344,154,6649,10181.9982,0
1645883280000,1.5311,1.5312,1.5275,1.5286,6552,1645883339999,10024.3931,61,3393,5193.2469,0
1645883340000,1.5279,1.5286,1.5269,1.5286,6269,1645883399999,9577.4850,70,1665,2544.2613,0
1645883400000,1.5282,1.5282,1.5233,1.5233,14565,1645883459999,22214.2124,91,2469,3765.1498,0
1645883460000,1.5233,1.5263,1.5229,1.5255,7300,1645883519999,11129.4280,59,1166,1778.4430,0
1645883520000,1.5255,1.5257,1.5232,1.5238,7737,1645883579999,11795.6892,53,3065,4671.4463,0
1645883580000,1.5239,1.5285,1.5239,1.5282,9468,1645883639999,14458.7121,67,1711,2611.9712,0
1645883640000,1.5269,1.5293,1.5263,1.5286,8965,1645883699999,13699.4585,82,8266,12631.9439,0
1645883700000,1.5292,1.5347,1.5292,1.5344,22430,1645883759999,34351.3599,190,15175,23244.1007,0
1645883760000,1.5344,1.5359,1.5325,1.5329,17521,1645883819999,26881.2131,142,7046,10812.1901,0
1645883820000,1.5307,1.5314,1.5294,1.5311,4213,1645883879999,6449.2756,60,1419,2172.2899,0
1645883880000,1.5313,1.5339,1.5313,1.5336,3142,1645883939999,4817.4701,56,1220,1870.7412,0
1645883940000,1.5338,1.5340,1.5317,1.5319,13853,1645883999999,21244.6187,87,2667,4089.2898,0
1645884000000,1.5315,1.5318,1.5257,1.5288,22873,1645884059999,34928.9265,133,15767,24072.4817,0
1645884060000,1.5292,1.5304,1.5283,1.5292,10002,1645884119999,15296.5517,73,3410,5214.6032,0
1645884120000,1.5295,1.5304,1.5261,1.5264,10854,1645884179999,16588.3518,94,2225,3399.5362,0
1645884180000,1.5264,1.5279,1.5256,1.5276,12139,1645884239999,18531.1452,90,9721,14840.1011,0
1645884240000,1.5276,1.5302,1.5270,1.5296,6947,1645884299999,10616.5197,54,5468,8357.2967,0
1645884300000,1.5296,1.5296,1.5292,1.5293,866,1645884359999,1324.3880,28,107,163.6476,0
1645884360000,1.5293,1.5293,1.5234,1.5236,8037,1645884419999,12261.0130,99,601,916.4159,0
1645884420000,1.5232,1.5260,1.5224,1.5248,11463,1645884479999,17463.6318,82,9261,14109.0880,0
1645884480000,1.5246,1.5260,1.5238,1.5253,3863,1645884539999,5891.6485,49,3686,5621.8144,0
1645884540000,1.5248,1.5260,1.5248,1.5253,3086,1645884599999,4707.7511,53,1721,2625.4554,0
1645884600000,1.5253,1.5253,1.5243,1.5245,2109,1645884659999,3216.0782,43,756,1152.7490,0
1645884660000,1.5244,1.5244,1.5220,1.5220,9093,1645884719999,13846.7514,63,1088,1656.1131,0
1645884720000,1.5217,1.5263,1.5201,1.5253,18907,1645884779999,28792.1319,132,11421,17396.2962,0
1645884780000,1.5255,1.5257,1.5229,1.5243,8271,1645884839999,12604.8477,62,6856,10446.9456,0
1645884840000,1.5242,1.5243,1.5189,1.5212,11053,1645884899999,16818.7764,108,3271,4979.0878,0
1645884900000,1.5211,1.5244,1.5206,1.5219,15646,1645884959999,23824.0579,95,11145,16969.5633,0
1645884960000,1.5223,1.5255,1.5198,1.5247,12013,1645885019999,18278.7563,108,6487,9871.1861,0
1645885020000,1.5248,1.5285,1.5242,1.5261,15109,1645885079999,23061.2984,118,7638,11661.2027,0
1645885080000,1.5260,1.5282,1.5251,1.5277,9299,1645885139999,14194.1672,82,5271,8046.3635,0
1645885140000,1.5280,1.5315,1.5280,1.5315,25865,1645885199999,39565.0323,154,14021,21451.1638,0
1645885200000,1.5304,1.5304,1.5282,1.5293,6092,1645885259999,9316.3369,80,2431,3718.1179,0
1645885260000,1.5293,1.5295,1.5259,1.5293,11183,1645885319999,17088.7595,104,2361,3607.4004,0
1645885320000,1.5293,1.5299,1.5287,1.5293,3842,1645885379999,5875.4108,61,3301,5048.1328,0
1645885380000,1.5299,1.5324,1.5279,1.5290,11906,1645885439999,18224.2334,70,3855,5901.4109,0
1645885440000,1.5290,1.5290,1.5237,1.5243,6584,1645885499999,10046.6486,59,1002,1531.6823,0
1645885500000,1.5243,1.5285,1.5219,1.5285,9419,1645885559999,14375.0013,78,6806,10390.6346,0
1645885560000,1.5283,1.5283,1.5199,1.5219,39594,1645885619999,60309.0528,216,5585,8509.7578,0
1645885620000,1.5226,1.5252,1.5222,1.5230,11182,1645885679999,17038.0471,124,2882,4391.8645,0
1645885680000,1.5232,1.5254,1.5225,1.5244,5879,1645885739999,8957.3972,99,3614,5505.5319,0
1645885740000,1.5243,1.5247,1.5230,1.5239,14482,1645885799999,22072.4951,96,5042,7683.8204,0
1645885800000,1.5239,1.5259,1.5222,1.5259,6169,1645885859999,9402.4050,81,3686,5617.6071,0
1645885860000,1.5254,1.5265,1.5241,1.5265,20174,1645885919999,30772.4318,147,10789,16458.9653,0
1645885920000,1.5257,1.5282,1.5239,1.5281,10501,1645885979999,16027.9884,112,7879,12024.7875,0
1645885980000,1.5281,1.5281,1.5231,1.5245,8292,1645886039999,12655.9308,88,2363,3605.3876,0
1645886040000,1.5250,1.5314,1.5237,1.5297,21395,1645886099999,32705.4614,148,13528,20672.2181,0
1645886100000,1.5290,1.5303,1.5269,1.5296,14102,1645886159999,21560.3258,81,6596,10084.9596,0
1645886160000,1.5304,1.5317,1.5283,1.5309,14612,1645886219999,22359.3123,113,12834,19637.6118,0
1645886220000,1.5309,1.5311,1.5292,1.5302,12577,1645886279999,19249.5299,111,7182,10992.7116,0
1645886280000,1.5293,1.5302,1.5284,1.5301,5387,1645886339999,8237.5020,71,2531,3870.6537,0
1645886340000,1.5302,1.5302,1.5288,1.5294,7628,1645886399999,11668.1778,67,1248,1908.4768,0
1645886400000,1.5301,1.5319,1.5294,1.5309,5110,1645886459999,7819.9774,57,3472,5313.6068,0
1645886460000,1.5310,1.5320,1.5281,1.5299,11615,1645886519999,17774.7275,59,3337,5104.1575,0
1645886520000,1.5296,1.5301,1.5282,1.5296,6788,1645886579999,10380.3916,54,5767,8819.4744,0
1645886580000,1.5296,1.5378,1.5295,1.5340,62096,1645886639999,95208.2864,340,37003,56722.3192,0
1645886640000,1.5339,1.5339,1.5283,1.5292,10538,1645886699999,16136.6520,73,2128,3255.0453,0
1645886700000,1.5292,1.5306,1.5269,1.5306,17162,1645886759999,26239.9273,93,4731,7235.5263,0
1645886760000,1.5310,1.5335,1.5300,1.5335,13426,1645886819999,20560.9706,89,9911,15177.1166,0
1645886820000,1.5335,1.5355,1.5318,1.5347,16492,1645886879999,25296.3594,154,8601,13194.5804,0
1645886880000,1.5347,1.5354,1.5328,1.5332,8492,1645886939999,13028.9471,60,3855,5916.0514,0
1645886940000,1.5339,1.5346,1.5321,1.5346,7217,1645886999999,11067.0867,35,3603,5524.6286,0
1645887000000,1.5349,1.5349,1.5331,1.5339,3168,1645887059999,4858.9374,24,1555,2385.5203,0
1645887060000,1.5337,1.5355,1.5329,1.5333,19078,1645887119999,29269.2550,86,7824,12007.1119,0
1645887120000,1.5329,1.5333,1.5325,1.5332,8737,1645887179999,13391.5368,55,7231,11082.8491,0
1645887180000,1.5332,1.5347,1.5331,1.5340,6267,1645887239999,9610.1646,45,5450,8357.5070,0
1645887240000,1.5338,1.5358,1.5322,1.5358,8788,1645887299999,13478.5212,73,7258,11132.6504,0
1645887300000,1.5358,1.5378,1.5353,1.5361,11731,1645887359999,18024.5344,78,5700,8758.7090,0
1645887360000,1.5361,1.5365,1.5339,1.5342,7168,1645887419999,11003.8835,54,4853,7449.6490,0
1645887420000,1.5346,1.5386,1.5341,1.5382,7988,1645887479999,12274.5095,58,7897,12134.6354,0
1645887480000,1.5375,1.5375,1.5338,1.5358,10220,1645887539999,15691.9877,87,4965,7621.0303,0
1645887540000,1.5353,1.5368,1.5342,1.5358,24852,1645887599999,38151.0761,92,21133,32440.2005,0
1645887600000,1.5357,1.5373,1.5327,1.5327,10844,1645887659999,16661.0484,81,4669,7172.9567,0
1645887660000,1.5332,1.5343,1.5303,1.5318,20520,1645887719999,31432.3929,126,7703,11794.5909,0
1645887720000,1.5312,1.5340,1.5309,1.5337,10970,1645887779999,16803.1018,94,8514,13042.0901,0
1645887780000,1.5335,1.5337,1.5322,1.5326,3280,1645887839999,5029.6476,27,2823,4329.1573,0
1645887840000,1.5326,1.5340,1.5321,1.5340,5912,1645887899999,9059.5698,43,4684,7177.3687,0
1645887900000,1.5334,1.5347,1.5319,1.5328,10662,1645887959999,16346.0852,81,5335,8180.5628,0
1645887960000,1.5329,1.5367,1.5319,1.5360,13949,1645888019999,21390.3463,86,11041,16926.3572,0
1645888020000,1.5358,1.5383,1.5346,1.5379,9376,1645888079999,14404.7934,86,6612,10159.6114,0
1645888080000,1.5386,1.5403,1.5370,1.5398,19288,1645888139999,29671.7561,164,13869,21337.8142,0
1645888140000,1.5392,1.5408,1.5386,1.5387,10770,1645888199999,16582.2734,119,6994,10770.1410,0
1645888200000,1.5382,1.5387,1.5353,1.5387,10099,1645888259999,15517.1631,71,5386,8278.6372,0
1645888260000,1.5387,1.5417,1.5353,1.5358,20045,1645888319999,30848.6837,112,4777,7356.2253,0
1645888320000,1.5352,1.5354,1.5311,1.5336,10281,1645888379999,15761.5809,74,4288,6570.0773,0
1645888380000,1.5335,1.5335,1.5296,1.5305,17009,1645888439999,26042.9819,99,2803,4289.8224,0
1645888440000,1.5303,1.5304,1.5274,1.5291,11800,1645888499999,18044.0512,78,3740,5719.3172,0
1645888500000,1.5292,1.5324,1.5287,1.5320,16294,1645888559999,24944.2651,84,5751,8799.6706,0
1645888560000,1.5320,1.5330,1.5305,1.5307,10107,1645888619999,15481.7103,78,3906,5981.8083,0
1645888620000,1.5315,1.5340,1.5299,1.5333,13911,1645888679999,21304.2917,99,5558,8514.1707,0
1645888680000,1.5333,1.5361,1.5331,1.5342,8159,1645888739999,12518.0503,69,4450,6826.3407,0
1645888740000,1.5347,1.5379,1.5343,1.5362,11742,1645888799999,18035.7178,96,5141,7895.2486,0
1645888800000,1.5363,1.5363,1.5349,1.5356,1321,1645888859999,2028.3525,36,84,128.9761,0
1645888860000,1.5361,1.5393,1.5360,1.5386,17352,1645888919999,26687.7062,96,9417,14485.0287,0
1645888920000,1.5390,1.5390,1.5335,1.5345,4842,1645888979999,7437.9174,51,1994,3058.9919,0
1645888980000,1.5345,1.5362,1.5332,1.5358,11663,1645889039999,17895.5810,56,6174,9473.6308,0
1645889040000,1.5351,1.5359,1.5347,1.5352,5552,1645889099999,8524.4163,35,3625,5566.1976,0
1645889100000,1.5355,1.5411,1.5355,1.5393,18547,1645889159999,28538.7973,96,9102,14006.1560,0
1645889160000,1.5395,1.5405,1.5364,1.5364,5128,1645889219999,7891.6295,40,1247,1919.3039,0
1645889220000,1.5364,1.5373,1.5364,1.5365,7733,1645889279999,11881.9731,54,2684,4124.2030,0
1645889280000,1.5367,1.5367,1.5344,1.5365,6319,1645889339999,9706.1234,37,3031,4654.1440,0
1645889340000,1.5365,1.5395,1.5364,1.5390,8624,1645889399999,13261.6061,59,2340,3597.3172,0
1645889400000,1.5390,1.5396,1.5381,1.5394,11316,1645889459999,17417.2624,47,1418,2182.5772,0
1645889460000,1.5394,1.5395,1.5360,1.5360,17234,1645889519999,26510.6939,79,803,1235.6324,0
1645889520000,1.5360,1.5367,1.5327,1.5339,9850,1645889579999,15109.3228,90,7870,12072.0000,0
1645889580000,1.5341,1.5395,1.5340,1.5390,35992,1645889639999,55361.4015,111,29975,46113.7822,0
1645889640000,1.5389,1.5399,1.5371,1.5376,8582,1645889699999,13204.0465,65,7363,11328.5428,0
1645889700000,1.5378,1.5398,1.5377,1.5391,12291,1645889759999,18910.6942,59,6814,10485.3950,0
1645889760000,1.5389,1.5407,1.5389,1.5407,10177,1645889819999,15667.9501,63,8446,13003.5476,0
1645889820000,1.5409,1.5464,1.5407,1.5453,26681,1645889879999,41199.4145,134,14773,22811.3003,0
1645889880000,1.5443,1.5467,1.5430,1.5459,18910,1645889939999,29213.3625,97,16958,26199.3573,0
1645889940000,1.5459,1.5460,1.5436,1.5452,24082,1645889999999,37213.3445,126,9272,14331.7757,0
1645890000000,1.5452,1.5452,1.5419,1.5419,18549,1645890059999,28628.8526,87,9166,14145.6921,0
1645890060000,1.5420,1.5420,1.5398,1.5404,11920,1645890119999,18368.4125,86,6816,10501.1511,0
1645890120000,1.5404,1.5410,1.5386,1.5404,3561,1645890179999,5482.9612,39,3030,4665.2053,0
1645890180000,1.5407,1.5414,1.5401,1.5401,7401,1645890239999,11402.7702,50,4069,6269.2276,0
1645890240000,1.5411,1.5414,1.5355,1.5376,12476,1645890299999,19201.0434,106,6074,9347.8723,0
1645890300000,1.5378,1.5386,1.5336,1.5379,11679,1645890359999,17941.8188,80,5867,9015.0089,0
1645890360000,1.5383,1.5396,1.5367,1.5386,13136,1645890419999,20200.8782,82,10994,16907.3500,0
1645890420000,1.5394,1.5436,1.5387,1.5432,11312,1645890479999,17434.7410,120,9272,14293.4878,0
1645890480000,1.5427,1.5484,1.5426,1.5483,21540,1645890539999,33288.1247,222,16293,25177.5893,0
1645890540000,1.5486,1.5493,1.5451,1.5455,23348,1645890599999,36127.1032,171,10481,16220.9222,0
1645890600000,1.5463,1.5464,1.5430,1.5446,5586,1645890659999,8627.1753,69,3686,5692.4697,0
1645890660000,1.5446,1.5468,1.5445,1.5455,10122,1645890719999,15648.8459,79,2954,4565.7719,0
1645890720000,1.5455,1.5455,1.5419,1.5435,7335,1645890779999,11316.8749,63,6754,10420.0629,0
1645890780000,1.5431,1.5468,1.5424,1.5468,10144,1645890839999,15669.9051,74,8952,13828.5882,0
1645890840000,1.5465,1.5467,1.5429,1.5433,5418,1645890899999,8369.3624,59,863,1334.3173,0
1645890900000,1.5434,1.5441,1.5423,1.5437,12412,1645890959999,19151.0116,59,10382,16018.8128,0
1645890960000,1.5434,1.5435,1.5420,1.5422,3300,1645891019999,5091.5431,52,1289,1989.1092,0
1645891020000,1.5425,1.5457,1.5422,1.5446,14231,1645891079999,21967.7613,118,13588,20974.5554,0
1645891080000,1.5439,1.5446,1.5411,1.5444,8341,1645891139999,12867.9282,77,5906,9112.3101,0
1645891140000,1.5444,1.5444,1.5414,1.5421,9933,1645891199999,15324.5547,73,5866,9047.5112,0
1645891200000,1.5421,1.5469,1.5415,1.5426,30269,1645891259999,46736.2078,120,24649,38054.1138,0
1645891260000,1.5427,1.5427,1.5381,1.5381,16020,1645891319999,24670.4085,107,1339,2062.5860,0
1645891320000,1.5377,1.5378,1.5330,1.5338,53296,1645891379999,81794.3608,268,18798,28840.1177,0
1645891380000,1.5342,1.5433,1.5337,1.5427,38587,1645891439999,59312.0908,213,23514,36147.2117,0
1645891440000,1.5421,1.5425,1.5383,1.5391,12039,1645891499999,18549.2877,84,2275,3506.5753,0
1645891500000,1.5385,1.5423,1.5385,1.5419,7047,1645891559999,10853.1969,47,3007,4628.9421,0
1645891560000,1.5429,1.5431,1.5394,1.5399,16212,1645891619999,24992.2508,71,258,397.7980,0
1645891620000,1.5398,1.5398,1.5367,1.5367,15975,1645891679999,24575.6117,97,1838,2826.8006,0
1645891680000,1.5363,1.5379,1.5353,1.5353,16174,1645891739999,24848.5067,113,9621,14782.5148,0
1645891740000,1.5353,1.5374,1.5341,1.5365,11216,1645891799999,17220.1711,75,4622,7100.3122,0
1645891800000,1.5370,1.5408,1.5370,1.5404,3497,1645891859999,5380.7822,55,1310,2016.7463,0
1645891860000,1.5404,1.5410,1.5381,1.5383,11160,1645891919999,17186.9581,62,1684,2592.1489,0
1645891920000,1.5385,1.5408,1.5381,1.5408,14990,1645891979999,23074.5573,86,9899,15238.2286,0
1645891980000,1.5415,1.5415,1.5383,1.5388,7176,1645892039999,11052.8499,40,2664,4101.3565,0
1645892040000,1.5388,1.5391,1.5359,1.5367,14220,1645892099999,21861.4010,87,7483,11506.3045,0
1645892100000,1.5371,1.5399,1.5345,1.5351,15778,1645892159999,24251.9500,91,3255,5007.5699,0
1645892160000,1.5351,1.5353,1.5310,1.5312,7897,1645892219999,12102.6829,74,1255,1922.4915,0
1645892220000,1.5312,1.5320,1.5297,1.5304,13752,1645892279999,21054.9480,103,2289,3504.7454,0
1645892280000,1.5299,1.5330,1.5299,1.5330,6194,1645892339999,9481.4754,54,3657,5598.1979,0
1645892340000,1.5327,1.5331,1.5314,1.5315,9602,1645892399999,14716.3621,73,2125,3256.5522,0
1645892400000,1.5324,1.5362,1.5305,1.5362,7872,1645892459999,12066.3845,60,4331,6643.5279,0
1645892460000,1.5363,1.5371,1.5361,1.5371,6870,1645892519999,10556.4297,54,2784,4278.1696,0
1645892520000,1.5371,1.5392,1.5370,1.5380,14413,1645892579999,22171.1418,88,3937,6055.3109,0
1645892580000,1.5370,1.5373,1.5358,1.5361,9100,1645892639999,13986.7780,44,696,1069.8755,0
1645892640000,1.5362,1.5418,1.5361,1.5383,16440,1645892699999,25297.0460,131,10769,16566.3779,0
1645892700000,1.5382,1.5382,1.5349,1.5369,4840,1645892759999,7436.9900,49,830,1274.4958,0
1645892760000,1.5371,1.5371,1.5351,1.5354,7631,1645892819999,11723.8491,42,310,475.9740,0
1645892820000,1.5361,1.5369,1.5347,1.5362,9003,1645892879999,13825.9988,62,5289,8121.8237,0
1645892880000,1.5367,1.5384,1.5362,1.5375,6023,1645892939999,9254.5417,47,3450,5300.8688,0
1645892940000,1.5378,1.5406,1.5376,1.5399,6107,1645892999999,9394.3568,53,2411,3710.5565,0
1645893000000,1.5401,1.5434,1.5389,1.5389,31148,1645893059999,48019.3342,101,3438,5301.5830,0
1645893060000,1.5391,1.5391,1.5311,1.5312,11658,1645893119999,17885.0430,89,4234,6496.4441,0
1645893120000,1.5319,1.5337,1.5247,1.5258,37611,1645893179999,57492.6821,226,15141,23150.1332,0
1645893180000,1.5257,1.5291,1.5249,1.5284,8425,1645893239999,12861.5975,67,6766,10330.1345,0
1645893240000,1.5290,1.5309,1.5279,1.5309,11966,1645893299999,18305.3192,66,8581,13127.0392,0
1645893300000,1.5308,1.5314,1.5264,1.5293,8359,1645893359999,12780.6842,50,725,1107.8344,0
1645893360000,1.5285,1.5287,1.5246,1.5247,2926,1645893419999,4464.4817,35,946,1442.4129,0
1645893420000,1.5249,1.5249,1.5238,1.5238,12516,1645893479999,19076.7278,57,3469,5286.4199,0
1645893480000,1.5242,1.5247,1.5219,1.5219,7783,1645893539999,11859.6532,48,3920,5975.4170,0
1645893540000,1.5220,1.5292,1.5220,1.5292,11138,1645893599999,16987.2896,57,8805,13434.7338,0
1645893600000,1.5291,1.5296,1.5278,1.5278,2338,1645893659999,3574.6477,30,1139,1741.5829,0
1645893660000,1.5279,1.5318,1.5279,1.5308,11624,1645893719999,17783.9337,68,8083,12368.4934,0
1645893720000,1.5314,1.5314,1.5291,1.5303,5695,1645893779999,8710.7995,54,1649,2522.7162,0
1645893780000,1.5299,1.5299,1.5269,1.5280,9092,1645893839999,13886.8603,57,5434,8297.6341,0
1645893840000,1.5282,1.5291,1.5276,1.5283,2793,1645893899999,4268.3216,28,1421,2171.3228,0
1645893900000,1.5278,1.5288,1.5269,1.5269,10740,1645893959999,16411.7001,52,160,244.5009,0
1645893960000,1.5269,1.5279,1.5240,1.5263,27736,1645894019999,42327.7568,109,10578,16139.3295,0
1645894020000,1.5267,1.5294,1.5236,1.5264,23716,1645894079999,36184.1554,133,6791,10367.7616,0
1645894080000,1.5265,1.5295,1.5250,1.5286,11653,1645894139999,17795.2462,56,11573,17673.0175,0
1645894140000,1.5294,1.5295,1.5278,1.5286,4174,1645894199999,6380.4045,37,2287,3495.4460,0
1645894200000,1.5286,1.5286,1.5273,1.5284,9197,1645894259999,14051.6379,67,1638,2503.5780,0
1645894260000,1.5288,1.5293,1.5262,1.5262,5138,1645894319999,7850.9251,42,1094,1672.1690,0
1645894320000,1.5258,1.5262,1.5204,1.5213,8342,1645894379999,12694.0797,76,2739,4168.7057,0
1645894380000,1.5208,1.5230,1.5208,1.5218,12838,1645894439999,19539.5626,75,9914,15090.7407,0
1645894440000,1.5218,1.5218,1.5199,1.5201,11010,1645894499999,16738.6574,69,6017,9148.4575,0
1645894500000,1.5199,1.5217,1.5198,1.5210,5058,1645894559999,7691.4698,45,4310,6554.0329,0
1645894560000,1.5214,1.5215,1.5206,1.5210,3499,1645894619999,5322.1097,39,1624,2470.0433,0
1645894620000,1.5215,1.5225,1.5210,1.5220,8115,1645894679999,12347.6238,53,1955,2975.5247,0
1645894680000,1.5220,1.5220,1.5204,1.5220,2838,1645894739999,4318.2723,44,1571,2390.3516,0
1645894740000,1.5214,1.5233,1.5211,1.5224,14529,1645894799999,22113.3226,68,9878,15034.3733,0
1645894800000,1.5228,1.5228,1.5125,1.5139,39597,1645894859999,60038.9461,210,8197,12430.2440,0
1645894860000,1.5139,1.5158,1.5131,1.5156,21054,1645894919999,31878.6256,88,15920,24104.4339,0
1645894920000,1.5156,1.5216,1.5154,1.5209,14457,1645894979999,21938.5889,137,10542,16003.5181,0
1645894980000,1.5201,1.5209,1.5194,1.5195,6771,1645895039999,10293.6973,60,5261,7998.7036,0
1645895040000,1.5194,1.5201,1.5154,1.5155,5388,1645895099999,8174.2665,51,840,1276.2076,0
1645895100000,1.5155,1.5188,1.5155,1.5159,16333,1645895159999,24776.9198,95,12409,18821.9824,0
1645895160000,1.5156,1.5177,1.5156,1.5164,2982,1645895219999,4522.6502,30,2244,3402.7756,0
1645895220000,1.5164,1.5184,1.5154,1.5154,4821,1645895279999,7311.4481,47,4066,6165.7642,0
1645895280000,1.5163,1.5167,1.5154,1.5156,6324,1645895339999,9586.1818,39,4067,6165.4713,0
1645895340000,1.5156,1.5156,1.5135,1.5155,8140,1645895399999,12331.0442,73,3021,4576.7320,0
1645895400000,1.5148,1.5172,1.5138,1.5159,15702,1645895459999,23795.7852,87,11075,16788.3904,0
1645895460000,1.5171,1.5207,1.5166,1.5197,12406,1645895519999,18845.0606,95,10876,16522.2067,0
1645895520000,1.5194,1.5230,1.5190,1.5229,8720,1645895579999,13262.9894,58,6457,9821.6614,0
1645895580000,1.5225,1.5245,1.5225,1.5231,14084,1645895639999,21456.3885,77,10513,16016.9364,0
1645895640000,1.5231,1.5252,1.5216,1.5252,18231,1645895699999,27765.9387,113,5329,8123.3098,0
1645895700000,1.5251,1.5266,1.5247,1.5257,16855,1645895759999,25710.1418,102,8999,13727.9000,0
1645895760000,1.5254,1.5259,1.5227,1.5259,21940,1645895819999,33434.1190,81,14294,21778.5551,0
1645895820000,1.5260,1.5283,1.5257,1.5277,14554,1645895879999,22219.7753,116,6568,10029.8418,0
1645895880000,1.5275,1.5277,1.5262,1.5276,3644,1645895939999,5565.0026,39,2354,3595.4058,0
1645895940000,1.5276,1.5328,1.5276,1.5318,18743,1645895999999,28687.9004,125,17550,26860.6240,0
1645896000000,1.5320,1.5321,1.5287,1.5287,11926,1645896059999,18248.7445,77,2182,3341.4960,0
1645896060000,1.5288,1.5298,1.5276,1.5276,8320,1645896119999,12718.3083,43,5642,8624.8705,0
1645896120000,1.5279,1.5299,1.5274,1.5285,3925,1645896179999,5999.3775,44,1769,2703.5970,0
1645896180000,1.5303,1.5331,1.5297,1.5331,3084,1645896239999,4721.2042,39,2272,3478.7339,0
1645896240000,1.5329,1.5329,1.5275,1.5282,6598,1645896299999,10096.1300,56,599,916.3871,0
1645896300000,1.5282,1.5301,1.5281,1.5288,4769,1645896359999,7289.8373,52,3839,5868.0090,0
1645896360000,1.5285,1.5297,1.5279,1.5281,3310,1645896419999,5060.0810,46,2347,3588.0269,0
1645896420000,1.5281,1.5281,1.5229,1.5229,29724,1645896479999,45331.5507,207,1679,2559.7251,0
1645896480000,1.5231,1.5231,1.5174,1.5207,64058,1645896539999,97411.9497,243,32512,49446.4747,0
1645896540000,1.5206,1.5206,1.5177,1.5177,11728,1645896599999,17815.7672,75,6533,9926.5763,0
1645896600000,1.5196,1.5252,1.5196,1.5234,41745,1645896659999,63566.1576,157,27751,42238.1225,0
1645896660000,1.5237,1.5248,1.5221,1.5223,8770,1645896719999,13364.7938,52,2180,3320.7534,0
1645896720000,1.5222,1.5244,1.5201,1.5203,3347,1645896779999,5097.3578,67,3074,4682.0012,0
1645896780000,1.5216,1.5240,1.5212,1.5240,7661,1645896839999,11667.2437,92,4073,6204.1202,0
1645896840000,1.5241,1.5248,1.5224,1.5228,5205,1645896899999,7932.1395,51,2208,3365.5261,0
1645896900000,1.5218,1.5235,1.5211,1.5231,7229,1645896959999,11003.3439,36,6543,9959.5846,0
1645896960000,1.5228,1.5231,1.5220,1.5220,646,1645897019999,983.5761,25,268,408.1068,0
1645897020000,1.5217,1.5240,1.5217,1.5236,7837,1645897079999,11931.0737,51,6964,10602.0367,0
1645897080000,1.5235,1.5253,1.5235,1.5236,8312,1645897139999,12667.4969,59,4089,6231.4090,0
1645897140000,1.5240,1.5242,1.5213,1.5240,10358,1645897199999,15774.6968,78,3257,4961.3385,0
1645897200000,1.5231,1.5240,1.5231,1.5236,1121,1645897259999,1707.8912,28,414,630.9053,0
1645897260000,1.5233,1.5238,1.5230,1.5232,5284,1645897319999,8049.5110,40,2864,4363.2467,0
1645897320000,1.5232,1.5259,1.5230,1.5258,7054,1645897379999,10747.9982,52,6893,10502.6652,0
1645897380000,1.5260,1.5278,1.5249,1.5271,16975,1645897439999,25910.8978,102,7410,11311.1550,0
1645897440000,1.5270,1.5274,1.5267,1.5271,2044,1645897499999,3121.0610,20,2009,3067.6211,0
1645897500000,1.5271,1.5277,1.5264,1.5277,7364,1645897559999,11244.3049,42,3707,5660.1023,0
1645897560000,1.5274,1.5274,1.5250,1.5257,4978,1645897619999,7598.6505,39,3708,5659.7719,0
1645897620000,1.5261,1.5313,1.5261,1.5313,13819,1645897679999,21129.3180,128,12817,19599.5041,0
1645897680000,1.5312,1.5338,1.5305,1.5332,14268,1645897739999,21857.8883,134,10430,15980.0196,0
1645897740000,1.5333,1.5333,1.5314,1.5324,5507,1645897799999,8440.6353,50,2539,3891.4043,0
1645897800000,1.5317,1.5324,1.5287,1.5295,2163,1645897859999,3308.8982,28,1219,1865.0286,0
1645897860000,1.5292,1.5302,1.5275,1.5277,2367,1645897919999,3619.6226,33,1187,1815.4126,0
1645897920000,1.5273,1.5275,1.5261,1.5261,6248,1645897979999,9539.5536,52,3057,4668.1462,0
1645897980000,1.5261,1.5266,1.5261,1.5261,2296,1645898039999,3504.0717,29,1531,2336.6007,0
1645898040000,1.5261,1.5279,1.5261,1.5279,9109,1645898099999,13912.5327,63,8889,13576.5991,0
1645898100000,1.5279,1.5279,1.5246,1.5257,9963,1645898159999,15209.8686,74,2527,3858.3411,0
1645898160000,1.5254,1.5259,1.5241,1.5243,2222,1645898219999,3387.4378,32,774,1180.0588,0
1645898220000,1.5244,1.5275,1.5244,1.5266,5303,1645898279999,8088.3296,48,2339,3566.6802,0
1645898280000,1.5266,1.5269,1.5259,1.5267,2582,1645898339999,3941.5278,31,2386,3642.3985,0
1645898340000,1.5267,1.5288,1.5267,1.5278,12540,1645898399999,19166.5136,61,1387,2117.6937,0
1645898400000,1.5277,1.5283,1.5247,1.5251,7504,1645898459999,11461.9739,50,1441,2200.1281,0
1645898460000,1.5250,1.5257,1.5250,1.5257,13170,1645898519999,20086.1511,26,13125,20017.5153,0
1645898520000,1.5257,1.5299,1.5257,1.5299,15882,1645898579999,24251.6653,106,13672,20877.7187,0
1645898580000,1.5299,1.5317,1.5284,1.5287,13446,1645898639999,20572.4334,117,10680,16341.3714,0
1645898640000,1.5283,1.5286,1.5254,1.5254,6250,1645898699999,9544.4625,68,2532,3866.8067,0
1645898700000,1.5254,1.5254,1.5228,1.5250,15499,1645898759999,23608.5274,58,14939,22754.6127,0
1645898760000,1.5250,1.5257,1.5213,1.5214,6262,1645898819999,9538.6407,48,1190,1811.6610,0
1645898820000,1.5212,1.5220,1.5201,1.5217,5102,1645898879999,7758.2843,38,3486,5300.1567,0
1645898880000,1.5213,1.5213,1.5210,1.5210,477,1645898939999,725.6414,22,79,120.1669,0
1645898940000,1.5211,1.5224,1.5205,1.5218,5172,1645898999999,7868.6132,67,4067,6187.2248,0
1645899000000,1.5218,1.5245,1.5217,1.5245,5383,1645899059999,8200.5014,51,5266,8022.2734,0
1645899060000,1.5252,1.5252,1.5234,1.5241,2241,1645899119999,3416.3125,54,1096,1670.8839,0
1645899120000,1.5234,1.5234,1.5211,1.5213,2779,1645899179999,4228.8696,27,0,0.0000,0
1645899180000,1.5212,1.5215,1.5191,1.5215,2658,1645899239999,4039.2460,36,2024,3075.5457,0
1645899240000,1.5214,1.5228,1.5181,1.5189,14909,1645899299999,22674.4983,80,556,845.5187,0
1645899300000,1.5189,1.5189,1.5120,1.5125,12939,1645899359999,19603.2718,105,5211,7903.6519,0
1645899360000,1.5121,1.5162,1.5074,1.5079,24141,1645899419999,36476.5529,146,12085,18280.9772,0
1645899420000,1.5081,1.5140,1.5063,1.5127,16722,1645899479999,25232.7945,132,11702,17665.6556,0
1645899480000,1.5120,1.5120,1.5043,1.5066,24776,1645899539999,37366.2325,117,5562,8378.1279,0
1645899540000,1.5065,1.5093,1.5058,1.5058,5334,1645899599999,8038.3472,81,3613,5445.3051,0
1645899600000,1.5057,1.5057,1.4963,1.4992,58289,1645899659999,87369.4040,313,24980,37430.9757,0
1645899660000,1.4994,1.5005,1.4968,1.4996,17303,1645899719999,25934.4113,132,14698,22029.9216,0
1645899720000,1.4996,1.5032,1.4996,1.5005,12567,1645899779999,18861.0435,89,9439,14163.5289,0
1645899780000,1.5004,1.5019,1.4932,1.4946,27765,1645899839999,41548.3756,131,4055,6074.8899,0
1645899840000,1.4941,1.4971,1.4916,1.4969,29296,1645899899999,43761.9732,139,9642,14417.6837,0
1645899900000,1.4963,1.4963,1.4942,1.4942,3335,1645899959999,4986.7508,51,1256,1878.1893,0
1645899960000,1.4948,1.5011,1.4935,1.4994,27050,1645900019999,40529.0009,133,24303,36411.6224,0
1645900020000,1.4988,1.4994,1.4956,1.4958,1470,1645900079999,2201.2438,31,601,900.0893,0
1645900080000,1.4957,1.5014,1.4956,1.5003,9393,1645900139999,14063.7295,86,5446,8148.0531,0
1645900140000,1.5003,1.5003,1.4976,1.4983,13362,1645900199999,20040.6919,67,1626,2437.1241,0
1645900200000,1.4984,1.4996,1.4946,1.4972,16246,1645900259999,24312.6782,140,9458,14150.3522,0
1645900260000,1.4972,1.5026,1.4972,1.5012,23779,1645900319999,35666.1901,178,17778,26671.4754,0
1645900320000,1.5021,1.5040,1.4999,1.5011,11490,1645900379999,17252.5222,115,3960,5949.2234,0
1645900380000,1.5018,1.5040,1.5013,1.5033,5904,1645900439999,8873.5454,42,1518,2281.1366,0
1645900440000,1.5028,1.5032,1.5012,1.5032,4408,1645900499999,6620.0401,29,3032,4553.1419,0
1645900500000,1.5032,1.5032,1.4996,1.5005,10873,1645900559999,16324.3515,66,3386,5081.5564,0
1645900560000,1.5007,1.5018,1.4996,1.5018,12943,1645900619999,19422.8143,32,11746,17626.9943,0
1645900620000,1.5016,1.5033,1.5005,1.5032,6697,1645900679999,10060.0010,48,5477,8226.9584,0
1645900680000,1.5033,1.5033,1.4997,1.5000,21802,1645900739999,32739.9034,62,2782,4177.2601,0
1645900740000,1.4997,1.5007,1.4997,1.5001,6200,1645900799999,9300.9501,32,2459,3689.0325,0
1645900800000,1.5000,1.5000,1.4977,1.4993,4139,1645900859999,6205.9142,30,1770,2653.4943,0
1645900860000,1.4991,1.5001,1.4980,1.4998,8853,1645900919999,13267.5445,50,5551,8317.5239,0
1645900920000,1.4994,1.4994,1.4976,1.4977,4348,1645900979999,6514.9035,37,1385,2074.5900,0
1645900980000,1.4975,1.4975,1.4950,1.4971,7811,1645901039999,11687.1287,53,4422,6613.3884,0
1645901040000,1.4973,1.4991,1.4971,1.4985,3131,1645901099999,4689.5106,36,1826,2733.9874,0
1645901100000,1.4982,1.4998,1.4982,1.4994,3984,1645901159999,5973.7605,20,1661,2489.8787,0
1645901160000,1.4996,1.5016,1.4995,1.5010,14847,1645901219999,22268.6483,52,13261,19889.3810,0
1645901220000,1.5003,1.5043,1.5003,1.5032,12079,1645901279999,18153.2950,96,8306,12480.2516,0
1645901280000,1.5028,1.5073,1.5028,1.5054,4872,1645901339999,7329.0776,65,3319,4991.8555,0
1645901340000,1.5056,1.5070,1.5041,1.5052,12777,1645901399999,19235.2621,43,2804,4222.2625,0
1645901400000,1.5050,1.5059,1.5029,1.5031,4218,1645901459999,6345.1086,48,577,868.6810,0
1645901460000,1.5029,1.5050,1.5021,1.5050,8735,1645901519999,13126.5747,44,7975,11984.0029,0
1645901520000,1.5050,1.5097,1.5050,1.5097,14341,1645901579999,21611.8333,90,11987,18063.4030,0
1645901580000,1.5094,1.5094,1.5075,1.5084,4842,1645901639999,7303.1480,46,2529,3814.3287,0
1645901640000,1.5084,1.5094,1.5053,1.5082,15504,1645901699999,23371.8844,87,5179,7806.9299,0
1645901700000,1.5085,1.5085,1.5043,1.5046,21396,1645901759999,32226.4313,76,4906,7383.5373,0
1645901760000,1.5046,1.5060,1.5036,1.5060,7642,1645901819999,11499.5903,46,5095,7667.2349,0
1645901820000,1.5059,1.5087,1.5058,1.5083,7350,1645901879999,11072.7056,48,4470,6734.1136,0
1645901880000,1.5080,1.5101,1.5080,1.5101,11993,1645901939999,18098.2509,45,6634,10010.0288,0
1645901940000,1.5102,1.5118,1.5089,1.5118,11605,1645901999999,17527.8411,66,2676,4042.7878,0
1645902000000,1.5119,1.5147,1.5113,1.5147,20589,1645902059999,31146.9755,98,7803,11800.8392,0
1645902060000,1.5152,1.5168,1.5131,1.5131,10705,1645902119999,16217.9850,122,6514,9867.3218,0
1645902120000,1.5129,1.5170,1.5113,1.5170,14421,1645902179999,21821.7213,119,11010,16662.5179,0
1645902180000,1.5168,1.5216,1.5148,1.5204,19571,1645902239999,29729.9917,131,15248,23175.3457,0
1645902240000,1.5204,1.5224,1.5199,1.5206,6789,1645902299999,10326.6811,97,4128,6278.4795,0
1645902300000,1.5208,1.5208,1.5177,1.5177,2026,1645902359999,3077.6013,19,514,780.6704,0
1645902360000,1.5177,1.5219,1.5170,1.5219,19755,1645902419999,30024.0349,82,18069,27463.6475,0
1645902420000,1.5218,1.5219,1.5190,1.5211,7662,1645902479999,11654.2993,42,1876,2852.7440,0
1645902480000,1.5213,1.5213,1.5178,1.5187,6736,1645902539999,10235.6489,38,2200,3343.5492,0
1645902540000,1.5181,1.5212,1.5162,1.5212,15854,1645902599999,24073.0976,109,13333,20249.0485,0
1645902600000,1.5205,1.5205,1.5157,1.5188,12862,1645902659999,19532.5796,81,2140,3246.9663,0
1645902660000,1.5178,1.5187,1.5159,1.5174,3422,1645902719999,5189.8077,33,2687,4074.2102,0
1645902720000,1.5175,1.5180,1.5140,1.5175,3624,1645902779999,5493.5724,49,1827,2768.9386,0
1645902780000,1.5180,1.5245,1.5180,1.5223,19726,1645902839999,30019.2271,125,14396,21907.1659,0
1645902840000,1.5219,1.5232,1.5209,1.5226,2263,1645902899999,3445.0463,47,1052,1601.8137,0
1645902900000,1.5221,1.5285,1.5221,1.5259,16948,1645902959999,25850.4837,109,9356,14267.8652,0
1645902960000,1.5252,1.5255,1.5229,1.5230,8808,1645903019999,13422.6550,67,5072,7728.8251,0
1645903020000,1.5227,1.5255,1.5227,1.5251,7101,1645903079999,10826.0039,84,6444,9824.4864,0
1645903080000,1.5250,1.5260,1.5240,1.5240,4415,1645903139999,6730.9239,55,847,1291.7626,0
1645903140000,1.5241,1.5259,1.5241,1.5245,10325,1645903199999,15744.2734,48,9093,13864.7549,0
1645903200000,1.5250,1.5250,1.5207,1.5215,4578,1645903259999,6970.6819,53,2235,3401.8036,0
1645903260000,1.5222,1.5245,1.5216,1.5216,5793,1645903319999,8826.8835,44,3188,4857.8402,0
1645903320000,1.5216,1.5238,1.5215,1.5222,3242,1645903379999,4933.5869,25,2988,4546.7723,0
1645903380000,1.5234,1.5264,1.5222,1.5254,9688,1645903439999,14771.3710,74,8245,12572.8813,0
1645903440000,1.5260,1.5298,1.5254,1.5280,7976,1645903499999,12189.1383,97,3939,6018.5551,0
1645903500000,1.5282,1.5341,1.5277,1.5334,28440,1645903559999,43548.1471,198,21067,32257.6087,0
1645903560000,1.5341,1.5410,1.5312,1.5335,39547,1645903619999,60745.0168,263,15549,23884.8103,0
1645903620000,1.5334,1.5367,1.5326,1.5342,10604,1645903679999,16274.6899,110,5787,8883.8856,0
1645903680000,1.5340,1.5346,1.5319,1.5344,9436,1645903739999,14462.6889,55,4118,6312.7519,0
1645903740000,1.5347,1.5355,1.5309,1.5324,9696,1645903799999,14877.3498,84,1460,2240.3744,0
1645903800000,1.5326,1.5332,1.5298,1.5298,4269,1645903859999,6538.6046,45,1272,1948.9607,0
1645903860000,1.5300,1.5336,1.5296,1.5306,8609,1645903919999,13185.0047,54,3909,5987.2921,0
1645903920000,1.5315,1.5343,1.5305,1.5326,9899,1645903979999,15165.3793,79,4402,6746.4395,0
1645903980000,1.5326,1.5337,1.5314,1.5325,3034,1645904039999,4651.3170,40,890,1364.3441,0
1645904040000,1.5332,1.5350,1.5329,1.5344,3194,1645904099999,4898.4391,46,2095,3212.6336,0
1645904100000,1.5351,1.5414,1.5351,1.5413,10941,1645904159999,16838.4535,123,7375,11351.7241,0
1645904160000,1.5413,1.5421,1.5370,1.5376,7709,1645904219999,11871.2711,68,3436,5292.4579,0
1645904220000,1.5375,1.5375,1.5311,1.5347,30471,1645904279999,46735.4399,176,8753,13426.3711,0
1645904280000,1.5343,1.5382,1.5336,1.5373,12439,1645904339999,19099.6618,80,10649,16350.4229,0
1645904340000,1.5379,1.5399,1.5378,1.5389,2692,1645904399999,4142.3040,37,1873,2881.6520,0
1645904400000,1.5397,1.5397,1.5345,1.5345,4609,1645904459999,7089.9705,46,37,56.9152,0
1645904460000,1.5342,1.5361,1.5338,1.5347,3899,1645904519999,5984.3977,38,2694,4133.8974,0
1645904520000,1.5348,1.5353,1.5343,1.5343,2430,1645904579999,3730.2220,30,1040,1596.6112,0
1645904580000,1.5343,1.5343,1.5305,1.5312,13588,1645904639999,20821.0814,84,3389,5189.4504,0
1645904640000,1.5311,1.5325,1.5308,1.5320,2238,1645904699999,3427.5237,37,1546,2367.3815,0
1645904700000,1.5318,1.5321,1.5303,1.5318,2808,1645904759999,4298.5621,39,1761,2695.6212,0
1645904760000,1.5311,1.5313,1.5280,1.5280,3477,1645904819999,5316.4193,66,259,396.5051,0
1645904820000,1.5281,1.5296,1.5280,1.5286,5632,1645904879999,8609.1879,49,4864,7435.0589,0
1645904880000,1.5292,1.5307,1.5273,1.5285,9141,1645904939999,13975.8448,60,2133,3262.1597,0
1645904940000,1.5282,1.5293,1.5276,1.5289,1383,1645904999999,2113.3682,27,1033,1578.5176,0
1645905000000,1.5289,1.5292,1.5239,1.5251,23837,1645905059999,36365.7201,123,9356,14276.4321,0
1645905060000,1.5267,1.5281,1.5265,1.5266,5429,1645905119999,8291.3955,55,4016,6132.8488,0
1645905120000,1.5265,1.5288,1.5265,1.5273,2809,1645905179999,4289.2354,29,1981,3024.2986,0
1645905180000,1.5271,1.5273,1.5246,1.5269,5093,1645905239999,7771.2223,44,3666,5593.0377,0
1645905240000,1.5277,1.5301,1.5277,1.5297,2971,1645905299999,4543.1950,38,1913,2924.9784,0
1645905300000,1.5293,1.5293,1.5280,1.5280,1345,1645905359999,2056.4218,22,131,200.2414,0
1645905360000,1.5281,1.5288,1.5263,1.5263,2925,1645905419999,4469.0305,32,2208,3374.2303,0
1645905420000,1.5263,1.5272,1.5261,1.5265,3240,1645905479999,4945.5237,40,2976,4542.5301,0
1645905480000,1.5265,1.5267,1.5243,1.5256,4343,1645905539999,6626.6328,44,2110,3219.0980,0
1645905540000,1.5259,1.5288,1.5258,1.5277,12413,1645905599999,18970.3907,46,3831,5850.3357,0
1645905600000,1.5272,1.5291,1.5272,1.5291,7054,1645905659999,10778.5860,52,2120,3238.7132,0
1645905660000,1.5284,1.5293,1.5258,1.5269,4214,1645905719999,6436.1097,38,1490,2273.8189,0
1645905720000,1.5275,1.5300,1.5275,1.5288,11391,1645905779999,17414.9974,87,7860,12017.9624,0
1645905780000,1.5279,1.5281,1.5253,1.5254,7828,1645905839999,11949.5596,59,1251,1910.0249,0
1645905840000,1.5253,1.5262,1.5253,1.5256,2014,1645905899999,3072.0401,16,1835,2798.9372,0
1645905900000,1.5257,1.5257,1.5228,1.5228,4159,1645905959999,6339.6774,62,410,624.7347,0
1645905960000,1.5232,1.5239,1.5204,1.5232,19086,1645906019999,29044.5095,81,5955,9063.2261,0
1645906020000,1.5237,1.5237,1.5212,1.5236,7387,1645906079999,11244.7232,66,5346,8136.8903,0
1645906080000,1.5226,1.5241,1.5220,1.5241,1417,1645906139999,2157.5093,27,1324,2015.8743,0
1645906140000,1.5251,1.5265,1.5251,1.5259,1214,1645906199999,1852.1722,26,840,1281.5301,0
1645906200000,1.5257,1.5257,1.5229,1.5231,2079,1645906259999,3169.3412,26,214,326.2736,0
1645906260000,1.5233,1.5235,1.5227,1.5235,3266,1645906319999,4974.5940,31,1909,2907.7521,0
1645906320000,1.5235,1.5235,1.5216,1.5217,1676,1645906379999,2552.9031,23,51,77.6243,0
1645906380000,1.5217,1.5238,1.5217,1.5227,4697,1645906439999,7151.3125,49,3809,5798.8559,0
1645906440000,1.5228,1.5233,1.5210,1.5213,12873,1645906499999,19588.4123,61,451,686.6757,0
1645906500000,1.5211,1.5217,1.5201,1.5203,7398,1645906559999,11250.9303,50,4154,6317.6423,0
1645906560000,1.5200,1.5209,1.5198,1.5207,5243,1645906619999,7972.0495,47,2654,4035.8682,0
1645906620000,1.5205,1.5235,1.5205,1.5231,4778,1645906679999,7272.1564,59,4445,6765.4034,0
1645906680000,1.5229,1.5242,1.5214,1.5241,3985,1645906739999,6068.6702,44,706,1075.4522,0
1645906740000,1.5242,1.5248,1.5212,1.5226,5324,1645906799999,8111.0409,54,2317,3531.2367,0
1645906800000,1.5228,1.5237,1.5225,1.5237,1791,1645906859999,2727.2800,16,394,600.1552,0
1645906860000,1.5236,1.5238,1.5229,1.5229,1555,1645906919999,2369.3432,31,349,531.7861,0
1645906920000,1.5228,1.5250,1.5222,1.5247,4796,1645906979999,7303.4687,34,3410,5192.9605,0
1645906980000,1.5250,1.5250,1.5228,1.5235,3452,1645907039999,5261.0468,39,1626,2477.7597,0
1645907040000,1.5231,1.5234,1.5224,1.5230,3140,1645907099999,4782.2615,49,1889,2877.2688,0
1645907100000,1.5230,1.5230,1.5209,1.5223,3411,1645907159999,5191.9326,42,714,1086.4110,0
1645907160000,1.5230,1.5261,1.5230,1.5258,6909,1645907219999,10535.7453,48,5746,8762.7747,0
1645907220000,1.5266,1.5301,1.5255,1.5296,5211,1645907279999,7959.9487,54,4357,6656.8143,0
1645907280000,1.5294,1.5298,1.5270,1.5270,6288,1645907339999,9614.0804,54,3457,5286.6864,0
1645907340000,1.5269,1.5278,1.5257,1.5268,2844,1645907399999,4341.5067,38,1618,2469.3080,0
1645907400000,1.5266,1.5274,1.5241,1.5244,22793,1645907459999,34756.4227,81,3701,5641.8340,0
1645907460000,1.5244,1.5274,1.5243,1.5267,13230,1645907519999,20188.3434,60,10946,16703.1130,0
1645907520000,1.5269,1.5299,1.5268,1.5274,3040,1645907579999,4645.4660,42,2104,3214.6387,0
1645907580000,1.5272,1.5291,1.5268,1.5272,2415,1645907639999,3689.5523,49,1236,1888.4781,0
1645907640000,1.5274,1.5274,1.5254,1.5258,3849,1645907699999,5875.1652,51,1570,2396.1817,0
1645907700000,1.5252,1.5257,1.5236,1.5256,3075,1645907759999,4686.9999,54,1608,2450.8552,0
1645907760000,1.5256,1.5256,1.5237,1.5237,1836,1645907819999,2798.9829,32,528,805.1134,0
1645907820000,1.5241,1.5241,1.5212,1.5212,13031,1645907879999,19840.4398,64,125,190.3310,0
1645907880000,1.5209,1.5209,1.5196,1.5196,9153,1645907939999,13913.6307,76,5306,8065.4290,0
1645907940000,1.5196,1.5202,1.5188,1.5194,5026,1645907999999,7636.2735,71,1491,2265.3540,0
1645908000000,1.5194,1.5198,1.5189,1.5194,3123,1645908059999,4745.2246,66,2086,3169.7931,0
1645908060000,1.5203,1.5220,1.5195,1.5214,2821,1645908119999,4288.8420,50,1954,2970.8733,0
1645908120000,1.5208,1.5214,1.5201,1.5202,776,1645908179999,1180.1828,30,145,220.5886,0
1645908180000,1.5203,1.5235,1.5203,1.5234,4179,1645908239999,6357.8484,44,3058,4650.5635,0
1645908240000,1.5234,1.5235,1.5217,1.5218,3689,1645908299999,5618.8121,39,145,220.8035,0
1645908300000,1.5219,1.5237,1.5218,1.5234,2982,1645908359999,4539.4082,39,1965,2991.2202,0
1645908360000,1.5241,1.5273,1.5240,1.5254,5200,1645908419999,7929.9662,51,3610,5504.9033,0
1645908420000,1.5256,1.5273,1.5253,1.5266,2572,1645908479999,3925.0601,34,2442,3726.6517,0
1645908480000,1.5265,1.5265,1.5249,1.5253,3628,1645908539999,5534.2086,59,1041,1588.1075,0
1645908540000,1.5256,1.5257,1.5240,1.5252,5917,1645908599999,9020.7676,48,1391,2120.8557,0
1645908600000,1.5247,1.5256,1.5229,1.5255,3606,1645908659999,5496.7128,44,2021,3081.3755,0
1645908660000,1.5257,1.5276,1.5241,1.5243,5272,1645908719999,8042.1860,47,4198,6403.5557,0
1645908720000,1.5255,1.5274,1.5255,1.5262,1087,1645908779999,1658.5529,21,771,1176.2376,0
1645908780000,1.5257,1.5257,1.5232,1.5236,3194,1645908839999,4867.3577,54,2077,3165.3537,0
1645908840000,1.5239,1.5264,1.5237,1.5258,1474,1645908899999,2247.9479,22,1404,2141.1945,0
1645908900000,1.5262,1.5265,1.5219,1.5220,7904,1645908959999,12044.6267,76,2426,3694.7377,0
1645908960000,1.5220,1.5232,1.5194,1.5232,19646,1645909019999,29875.4786,100,6970,10601.7175,0
1645909020000,1.5222,1.5241,1.5213,1.5226,5376,1645909079999,8188.7169,48,4783,7285.6956,0
1645909080000,1.5224,1.5224,1.5193,1.5204,3328,1645909139999,5059.8734,49,1621,2463.1907,0
1645909140000,1.5205,1.5205,1.5173,1.5173,5177,1645909199999,7866.9967,62,336,510.7089,0
1645909200000,1.5171,1.5175,1.5140,1.5149,23860,1645909259999,36146.8046,110,14561,22056.2178,0
1645909260000,1.5151,1.5152,1.5138,1.5141,5246,1645909319999,7945.3279,41,2445,3703.3580,0
1645909320000,1.5145,1.5178,1.5144,1.5169,13216,1645909379999,20039.0208,99,10017,15186.6753,0
1645909380000,1.5170,1.5187,1.5150,1.5157,2035,1645909439999,3087.2070,38,652,989.1597,0
1645909440000,1.5158,1.5185,1.5158,1.5184,2559,1645909499999,3881.2523,31,2233,3386.5847,0
1645909500000,1.5176,1.5182,1.5153,1.5161,2782,1645909559999,4217.3981,47,1535,2327.2316,0
1645909560000,1.5155,1.5155,1.5145,1.5145,2849,1645909619999,4315.6303,28,2056,3114.4401,0
1645909620000,1.5145,1.5153,1.5139,1.5143,4248,1645909679999,6432.3968,38,435,658.8046,0
1645909680000,1.5143,1.5143,1.5126,1.5141,5371,1645909739999,8127.6603,66,2868,4339.9151,0
1645909740000,1.5139,1.5160,1.5129,1.5154,1992,1645909799999,3017.1173,37,1303,1974.3287,0
1645909800000,1.5156,1.5192,1.5156,1.5188,4209,1645909859999,6389.3820,35,2985,4530.8852,0
1645909860000,1.5189,1.5216,1.5188,1.5216,3295,1645909919999,5008.6215,41,1067,1621.3169,0
1645909920000,1.5210,1.5230,1.5210,1.5213,6433,1645909979999,9789.3407,61,2273,3458.9527,0
1645909980000,1.5210,1.5210,1.5176,1.5201,5031,1645910039999,7642.1313,43,1530,2325.6354,0
1645910040000,1.5210,1.5250,1.5199,1.5237,15433,1645910099999,23495.2923,113,9644,14685.7563,0
1645910100000,1.5237,1.5237,1.5196,1.5196,7119,1645910159999,10826.5958,66,2313,3516.5130,0
1645910160000,1.5199,1.5199,1.5164,1.5194,7448,1645910219999,11308.1459,67,3406,5172.7531,0
1645910220000,1.5197,1.5216,1.5185,1.5209,4262,1645910279999,6478.9484,58,3094,4703.8659,0
1645910280000,1.5207,1.5234,1.5203,1.5227,5320,1645910339999,8095.5234,42,3629,5520.7352,0
1645910340000,1.5228,1.5228,1.5188,1.5193,2862,1645910399999,4352.8080,36,63,95.7701,0
1645910400000,1.5196,1.5255,1.5195,1.5243,7423,1645910459999,11304.5667,71,3108,4731.2227,0
1645910460000,1.5251,1.5273,1.5216,1.5240,12096,1645910519999,18434.2132,127,6264,9549.0996,0
1645910520000,1.5248,1.5270,1.5231,1.5268,6401,1645910579999,9761.7625,66,3023,4610.8261,0
1645910580000,1.5265,1.5275,1.5242,1.5243,7071,1645910639999,10789.0693,46,803,1225.9379,0
1645910640000,1.5247,1.5281,1.5247,1.5271,1875,1645910699999,2861.7954,36,1259,1921.0816,0
1645910700000,1.5268,1.5289,1.5262,1.5283,3308,1645910759999,5052.4748,47,2085,3185.3389,0
1645910760000,1.5283,1.5290,1.5267,1.5274,4161,1645910819999,6357.0957,64,1666,2546.6624,0
1645910820000,1.5288,1.5288,1.5267,1.5267,1155,1645910879999,1764.2986,31,816,1246.4527,0
1645910880000,1.5271,1.5290,1.5271,1.5290,3324,1645910939999,5077.9767,37,1691,2582.8206,0
1645910940000,1.5290,1.5306,1.5289,1.5303,11570,1645910999999,17691.7546,36,9836,15040.2080,0
1645911000000,1.5308,1.5315,1.5258,1.5268,9979,1645911059999,15248.8341,78,6528,9973.0546,0
1645911060000,1.5260,1.5265,1.5215,1.5246,13756,1645911119999,20954.7731,108,10870,16558.4570,0
1645911120000,1.5233,1.5255,1.5223,1.5243,15118,1645911179999,23038.4957,86,13853,21110.6079,0
1645911180000,1.5242,1.5262,1.5240,1.5248,5344,1645911239999,8149.1820,54,1445,2203.4806,0
1645911240000,1.5254,1.5254,1.5217,1.5249,2633,1645911299999,4010.1062,38,1860,2831.7983,0
1645911300000,1.5245,1.5250,1.5237,1.5243,4177,1645911359999,6366.2842,39,472,719.4648,0
1645911360000,1.5246,1.5246,1.5219,1.5219,1544,1645911419999,2350.4967,30,1081,1645.2729,0
1645911420000,1.5220,1.5220,1.5196,1.5210,4118,1645911479999,6261.4416,55,2817,4283.6446,0
1645911480000,1.5215,1.5242,1.5214,1.5242,1530,1645911539999,2328.7588,27,1493,2272.4021,0
1645911540000,1.5243,1.5255,1.5238,1.5243,7435,1645911599999,11335.3464,55,2715,4139.1677,0
1645911600000,1.5243,1.5253,1.5243,1.5252,1121,1645911659999,1709.3614,25,671,1023.0715,0
1645911660000,1.5253,1.5265,1.5253,1.5256,8224,1645911719999,12549.5251,72,6889,10512.0435,0
1645911720000,1.5254,1.5271,1.5253,1.5271,2480,1645911779999,3784.5260,38,2052,3131.2422,0
1645911780000,1.5271,1.5285,1.5270,1.5272,6422,1645911839999,9810.6486,54,4386,6700.2916,0
1645911840000,1.5268,1.5277,1.5263,1.5263,575,1645911899999,877.9801,30,369,563.4041,0
1645911900000,1.5261,1.5271,1.5250,1.5271,4865,1645911959999,7421.5378,47,3720,5674.4672,0
1645911960000,1.5270,1.5275,1.5260,1.5269,6351,1645912019999,9696.6843,54,4340,6625.9326,0
1645912020000,1.5268,1.5268,1.5218,1.5226,7296,1645912079999,11121.4295,102,3432,5232.8056,0
1645912080000,1.5220,1.5233,1.5203,1.5223,5072,1645912139999,7718.9312,41,3770,5737.1991,0
1645912140000,1.5221,1.5255,1.5218,1.5254,5486,1645912199999,8357.6243,44,4942,7529.5167,0
1645912200000,1.5251,1.5252,1.5227,1.5227,1506,1645912259999,2295.5825,38,488,743.6859,0
1645912260000,1.5235,1.5241,1.5230,1.5235,3248,1645912319999,4947.8926,20,3179,4842.7634,0
1645912320000,1.5243,1.5244,1.5220,1.5221,5325,1645912379999,8111.4055,56,1503,2289.9683,0
1645912380000,1.5221,1.5227,1.5208,1.5210,5444,1645912439999,8285.1857,53,3621,5510.7545,0
1645912440000,1.5214,1.5231,1.5214,1.5224,2985,1645912499999,4542.8467,40,2293,3489.4049,0
1645912500000,1.5226,1.5236,1.5216,1.5229,3564,1645912559999,5426.4523,59,2710,4126.0122,0
1645912560000,1.5237,1.5237,1.5218,1.5219,5891,1645912619999,8967.5421,49,3228,4912.7467,0
1645912620000,1.5219,1.5260,1.5219,1.5260,3528,1645912679999,5373.0605,32,3496,5324.2809,0
1645912680000,1.5255,1.5271,1.5252,1.5268,3676,1645912739999,5607.8875,28,3220,4911.9346,0
1645912740000,1.5268,1.5271,1.5253,1.5255,9636,1645912799999,14711.2460,53,1636,2497.8448,0
1645912800000,1.5254,1.5296,1.5225,1.5225,32362,1645912859999,49414.4522,115,23609,36054.1060,0
1645912860000,1.5224,1.5224,1.5172,1.5172,15242,1645912919999,23152.8440,114,6777,10294.2773,0
1645912920000,1.5179,1.5223,1.5179,1.5215,8148,1645912979999,12385.4974,67,6166,9370.2553,0
1645912980000,1.5214,1.5234,1.5214,1.5233,2039,1645913039999,3103.5390,33,1516,2307.2702,0
1645913040000,1.5229,1.5257,1.5214,1.5240,11419,1645913099999,17405.4820,66,9360,14266.5938,0
1645913100000,1.5241,1.5291,1.5234,1.5284,32349,1645913159999,49394.4014,248,27352,41764.7862,0
1645913160000,1.5282,1.5331,1.5265,1.5331,20659,1645913219999,31608.0540,164,19506,29845.6725,0
1645913220000,1.5330,1.5331,1.5288,1.5331,14679,1645913279999,22483.0484,111,9352,14323.2541,0
1645913280000,1.5319,1.5321,1.5288,1.5300,8999,1645913339999,13771.2559,63,5054,7738.2223,0
1645913340000,1.5298,1.5344,1.5295,1.5342,3511,1645913399999,5376.6797,68,2491,3814.1464,0
1645913400000,1.5344,1.5376,1.5339,1.5358,9530,1645913459999,14639.6565,64,3171,4871.0263,0
1645913460000,1.5357,1.5380,1.5345,1.5379,11790,1645913519999,18108.1226,95,6796,10439.5603,0
1645913520000,1.5371,1.5385,1.5365,1.5382,3173,1645913579999,4878.2462,42,1806,2776.6211,0
1645913580000,1.5382,1.5409,1.5357,1.5389,20639,1645913639999,31742.5477,156,9878,15195.2552,0
1645913640000,1.5390,1.5404,1.5377,1.5393,6698,1645913699999,10311.8412,101,5363,8257.0003,0
1645913700000,1.5398,1.5423,1.5352,1.5354,32363,1645913759999,49797.5917,225,9084,13984.0678,0
1645913760000,1.5354,1.5389,1.5322,1.5322,14950,1645913819999,22959.8379,145,4460,6852.0093,0
1645913820000,1.5320,1.5320,1.5294,1.5313,5647,1645913879999,8647.2000,55,4670,7150.7817,0
1645913880000,1.5307,1.5309,1.5261,1.5285,9585,1645913939999,14638.0155,112,4786,7308.2865,0
1645913940000,1.5292,1.5292,1.5206,1.5242,9032,1645913999999,13756.5709,124,6520,9929.4171,0
1645914000000,1.5251,1.5278,1.5248,1.5269,7285,1645914059999,11118.0387,67,4263,6505.4906,0
1645914060000,1.5268,1.5269,1.5239,1.5252,3720,1645914119999,5673.1969,62,1491,2274.8023,0
1645914120000,1.5251,1.5294,1.5249,1.5294,7871,1645914179999,12007.4997,60,5241,7994.5491,0
1645914180000,1.5294,1.5298,1.5282,1.5288,2267,1645914239999,3466.5466,52,1258,1924.0300,0
1645914240000,1.5293,1.5305,1.5260,1.5305,6630,1645914299999,10132.6249,57,4582,7006.0503,0
1645914300000,1.5305,1.5305,1.5263,1.5278,7542,1645914359999,11532.5698,85,2053,3138.1019,0
1645914360000,1.5277,1.5297,1.5264,1.5297,1895,1645914419999,2894.3430,36,1095,1672.7149,0
1645914420000,1.5298,1.5298,1.5291,1.5291,1814,1645914479999,2774.1803,35,1444,2208.3197,0
1645914480000,1.5292,1.5292,1.5284,1.5284,575,1645914539999,879.2098,13,81,123.8652,0
1645914540000,1.5284,1.5285,1.5274,1.5274,4912,1645914599999,7507.1972,53,2555,3905.3175,0
1645914600000,1.5280,1.5336,1.5278,1.5336,14981,1645914659999,22922.0646,100,13218,20220.5538,0
1645914660000,1.5336,1.5354,1.5336,1.5349,8182,1645914719999,12555.2164,125,3430,5262.9482,0
1645914720000,1.5349,1.5366,1.5349,1.5366,6685,1645914779999,10267.3875,71,6122,9402.7557,0
1645914780000,1.5364,1.5424,1.5363,1.5424,11710,1645914839999,18023.7004,110,9844,15151.9097,0
1645914840000,1.5419,1.5546,1.5418,1.5537,63975,1645914899999,99030.6077,367,59495,92097.6765,0
1645914900000,1.5539,1.5570,1.5492,1.5518,57246,1645914959999,88866.6105,390,12835,19932.9138,0
1645914960000,1.5512,1.5525,1.5477,1.5487,46804,1645915019999,72519.3345,257,16639,25795.0553,0
1645915020000,1.5476,1.5483,1.5443,1.5475,17328,1645915079999,26791.6185,132,6101,9430.1325,0
1645915080000,1.5469,1.5496,1.5443,1.5496,23855,1645915139999,36885.3996,131,8593,13299.0491,0
1645915140000,1.5500,1.5516,1.5465,1.5474,9105,1645915199999,14099.4834,105,4412,6835.4485,0
1645915200000,1.5475,1.5496,1.5459,1.5478,5090,1645915259999,7878.9014,65,3991,6178.4622,0
1645915260000,1.5483,1.5520,1.5479,1.5520,15789,1645915319999,24481.6825,108,8015,12426.7132,0
1645915320000,1.5512,1.5519,1.5452,1.5458,13595,1645915379999,21055.4466,114,1567,2424.0796,0
1645915380000,1.5451,1.5454,1.5371,1.5382,20436,1645915439999,31508.6847,155,6754,10424.7340,0
1645915440000,1.5382,1.5445,1.5365,1.5445,47021,1645915499999,72412.5894,172,42917,66101.9461,0
1645915500000,1.5443,1.5478,1.5410,1.5478,12429,1645915559999,19195.5500,105,9007,13913.9062,0
1645915560000,1.5466,1.5480,1.5396,1.5404,41062,1645915619999,63386.6849,213,8987,13884.9549,0
1645915620000,1.5398,1.5398,1.5314,1.5326,35713,1645915679999,54835.1242,283,17208,26423.1170,0
1645915680000,1.5315,1.5457,1.5313,1.5444,29883,1645915739999,46002.3518,251,24516,37749.9483,0
1645915740000,1.5445,1.5530,1.5426,1.5498,36814,1645915799999,57014.9542,224,23520,36414.0061,0
1645915800000,1.5510,1.5580,1.5432,1.5561,64419,1645915859999,99906.9171,318,42904,66616.2160,0
1645915860000,1.5560,1.5560,1.5500,1.5540,27105,1645915919999,42099.4243,145,10175,15795.4700,0
1645915920000,1.5541,1.5596,1.5499,1.5507,77059,1645915979999,119842.5858,291,39038,60755.4867,0
1645915980000,1.5500,1.5500,1.5460,1.5497,32707,1645916039999,50624.2584,155,18966,29352.9970,0
1645916040000,1.5495,1.5497,1.5470,1.5495,4125,1645916099999,6388.4370,52,2017,3124.9746,0
1645916100000,1.5495,1.5496,1.5465,1.5469,21085,1645916159999,32635.8095,80,9054,14010.6369,0
1645916160000,1.5470,1.5479,1.5444,1.5458,13780,1645916219999,21307.3390,90,3676,5684.1989,0
1645916220000,1.5440,1.5447,1.5299,1.5354,117893,1645916279999,181266.7854,449,31523,48498.5933,0
1645916280000,1.5358,1.5390,1.5333,1.5339,19741,1645916339999,30322.1487,134,10642,16354.2939,0
1645916340000,1.5332,1.5384,1.5301,1.5366,28412,1645916399999,43534.6147,117,24154,36997.0220,0
1645916400000,1.5372,1.5379,1.5323,1.5347,15973,1645916459999,24510.8547,85,7527,11540.4598,0
1645916460000,1.5348,1.5372,1.5309,1.5312,32401,1645916519999,49746.9015,98,8570,13158.4785,0
1645916520000,1.5307,1.5346,1.5254,1.5280,37643,1645916579999,57609.1147,256,11740,17982.7949,0
1645916580000,1.5275,1.5291,1.5229,1.5256,25472,1645916639999,38857.6648,170,10838,16529.4743,0
1645916640000,1.5250,1.5282,1.5234,1.5273,20807,1645916699999,31746.3967,165,8011,12232.4659,0
1645916700000,1.5273,1.5298,1.5261,1.5292,29320,1645916759999,44808.0751,156,20137,30775.3955,0
1645916760000,1.5292,1.5373,1.5275,1.5373,32107,1645916819999,49169.5716,229,22225,34037.2320,0
1645916820000,1.5374,1.5423,1.5353,1.5415,29104,1645916879999,44768.9463,166,21223,32651.5460,0
1645916880000,1.5424,1.5460,1.5423,1.5439,12206,1645916939999,18846.5661,145,9458,14604.1346,0
1645916940000,1.5440,1.5496,1.5437,1.5494,48922,1645916999999,75671.9630,168,44748,69217.0711,0
1645917000000,1.5492,1.5518,1.5444,1.5494,23150,1645917059999,35850.3371,158,9445,14633.6667,0
1645917060000,1.5496,1.5593,1.5495,1.5542,82648,1645917119999,128588.4340,417,50024,77821.5301,0
1645917120000,1.5542,1.5577,1.5527,1.5558,35085,1645917179999,54545.7497,176,18022,28016.8570,0
1645917180000,1.5553,1.5563,1.5499,1.5514,49112,1645917239999,76295.4523,193,22036,34249.6802,0
1645917240000,1.5509,1.5523,1.5469,1.5471,13369,1645917299999,20719.5238,119,4034,6253.7195,0
1645917300000,1.5466,1.5471,1.5416,1.5425,69144,1645917359999,106795.1202,315,32487,50183.9588,0
1645917360000,1.5425,1.5439,1.5420,1.5425,18552,1645917419999,28620.6108,105,4643,7162.9996,0
1645917420000,1.5419,1.5426,1.5394,1.5401,36192,1645917479999,55775.7369,237,24253,37378.4344,0
1645917480000,1.5401,1.5458,1.5400,1.5413,29608,1645917539999,45661.0769,245,21247,32761.6677,0
1645917540000,1.5419,1.5419,1.5349,1.5349,40900,1645917599999,62929.4260,228,14562,22401.1886,0
1645917600000,1.5349,1.5399,1.5344,1.5369,32136,1645917659999,49385.2516,335,15905,24456.2245,0
1645917660000,1.5368,1.5383,1.5345,1.5357,36807,1645917719999,56556.8495,233,17996,27661.5428,0
1645917720000,1.5356,1.5357,1.5345,1.5345,5429,1645917779999,8335.3502,47,3520,5404.2865,0
1645917780000,1.5344,1.5347,1.5311,1.5311,19682,1645917839999,30179.3781,217,7662,11754.4372,0
1645917840000,1.5311,1.5319,1.5287,1.5299,33377,1645917899999,51073.5038,217,14007,21438.6028,0
1645917900000,1.5294,1.5320,1.5294,1.5311,11414,1645917959999,17470.8433,87,5644,8637.3553,0
1645917960000,1.5306,1.5317,1.5292,1.5294,15109,1645918019999,23126.9668,84,4184,6405.7516,0
1645918020000,1.5289,1.5292,1.5271,1.5286,31501,1645918079999,48146.5040,95,8696,13289.4112,0
1645918080000,1.5283,1.5367,1.5283,1.5358,24561,1645918139999,37687.2115,173,18871,28953.6688,0
1645918140000,1.5356,1.5356,1.5281,1.5281,12621,1645918199999,19323.5753,130,6873,10525.6445,0
1645918200000,1.5291,1.5297,1.5243,1.5256,37252,1645918259999,56900.0045,276,13415,20492.0500,0
1645918260000,1.5254,1.5256,1.5153,1.5153,51039,1645918319999,77632.1605,294,7737,11786.3060,0
1645918320000,1.5154,1.5186,1.5123,1.5184,46499,1645918379999,70445.9837,409,18537,28101.2322,0
1645918380000,1.5187,1.5222,1.5176,1.5221,14583,1645918439999,22163.6632,90,10491,15947.2208,0
1645918440000,1.5224,1.5316,1.5224,1.5276,41728,1645918499999,63730.6114,227,34182,52207.8580,0
1645918500000,1.5283,1.5289,1.5251,1.5279,13829,1645918559999,21120.1275,84,6409,9784.5268,0
1645918560000,1.5278,1.5319,1.5273,1.5303,8503,1645918619999,13014.1412,63,4448,6804.4390,0
1645918620000,1.5302,1.5308,1.5242,1.5242,26317,1645918679999,40163.7663,121,9847,15025.3900,0
1645918680000,1.5249,1.5264,1.5247,1.5263,10326,1645918739999,15747.8203,34,7879,12015.8950,0
1645918740000,1.5264,1.5264,1.5221,1.5222,10712,1645918799999,16326.7529,79,5121,7811.2087,0
1645918800000,1.5220,1.5227,1.5204,1.5226,15392,1645918859999,23421.9498,84,5263,8009.2151,0
1645918860000,1.5221,1.5258,1.5207,1.5250,17544,1645918919999,26718.2048,104,9330,14214.7169,0
1645918920000,1.5249,1.5250,1.5226,1.5228,15618,1645918979999,23800.5127,71,3687,5619.9961,0
1645918980000,1.5223,1.5228,1.5168,1.5205,46623,1645919039999,70866.9743,200,13443,20441.3471,0
1645919040000,1.5202,1.5246,1.5199,1.5210,18787,1645919099999,28601.4760,133,6559,9988.6224,0
1645919100000,1.5214,1.5225,1.5207,1.5210,16497,1645919159999,25099.7611,99,11847,18025.4332,0
1645919160000,1.5210,1.5220,1.5195,1.5203,15558,1645919219999,23662.7255,106,6632,10088.9936,0
1645919220000,1.5203,1.5210,1.5176,1.5178,17422,1645919279999,26476.2816,136,6095,9264.6773,0
1645919280000,1.5179,1.5209,1.5153,1.5157,10919,1645919339999,16573.7285,82,5382,8171.2049,0
1645919340000,1.5158,1.5169,1.5147,1.5147,10650,1645919399999,16146.0318,58,9076,13759.7104,0
1645919400000,1.5152,1.5177,1.5134,1.5173,9796,1645919459999,14846.9176,102,4572,6932.4341,0
1645919460000,1.5167,1.5210,1.5167,1.5180,5789,1645919519999,8796.1123,53,2981,4527.8398,0
1645919520000,1.5175,1.5191,1.5150,1.5166,11725,1645919579999,17783.8565,89,3831,5810.9151,0
1645919580000,1.5165,1.5199,1.5165,1.5191,7972,1645919639999,12106.0896,52,5689,8637.3608,0
1645919640000,1.5191,1.5194,1.5143,1.5146,6518,1645919699999,9885.3480,71,1120,1697.8289,0
1645919700000,1.5145,1.5171,1.5138,1.5171,17814,1645919759999,26988.4322,116,12603,19094.4641,0
1645919760000,1.5161,1.5189,1.5156,1.5159,8844,1645919819999,13416.5525,95,3441,5219.6586,0
1645919820000,1.5153,1.5180,1.5149,1.5163,5081,1645919879999,7702.6621,57,2531,3838.0365,0
1645919880000,1.5166,1.5188,1.5141,1.5180,11855,1645919939999,17974.0145,68,7743,11740.2135,0
1645919940000,1.5175,1.5249,1.5174,1.5242,40172,1645919999999,61118.4099,146,37563,57147.1757,0
