1644710400000,319.408,319.408,319.408,319.408,0.0,1644710459999,0.0000,0,0.0,0.0000,0
1644710460000,319.408,319.408,319.408,319.408,0.0,1644710519999,0.0000,0,0.0,0.0000,0
1644710520000,319.408,319.408,319.408,319.408,0.0,1644710579999,0.0000,0,0.0,0.0000,0
1644710580000,319.408,319.408,319.408,319.408,0.0,1644710639999,0.0000,0,0.0,0.0000,0
1644710640000,319.408,319.408,319.408,319.408,0.0,1644710699999,0.0000,0,0.0,0.0000,0
1644710700000,319.408,319.408,319.408,319.408,0.0,1644710759999,0.0000,0,0.0,0.0000,0
1644710760000,319.408,319.408,319.408,319.408,0.0,1644710819999,0.0000,0,0.0,0.0000,0
1644710820000,319.408,319.408,319.408,319.408,0.0,1644710879999,0.0000,0,0.0,0.0000,0
1644710880000,319.408,319.408,319.408,319.408,0.0,1644710939999,0.0000,0,0.0,0.0000,0
1644710940000,319.408,319.408,319.408,319.408,0.0,1644710999999,0.0000,0,0.0,0.0000,0
1644711000000,319.408,319.408,319.408,319.408,0.0,1644711059999,0.0000,0,0.0,0.0000,0
1644711060000,319.408,319.408,319.408,319.408,0.0,1644711119999,0.0000,0,0.0,0.0000,0
1644711120000,319.408,319.408,319.408,319.408,0.0,1644711179999,0.0000,0,0.0,0.0000,0
1644711180000,319.408,319.408,319.408,319.408,0.0,1644711239999,0.0000,0,0.0,0.0000,0
1644711240000,319.408,319.408,319.408,319.408,0.0,1644711299999,0.0000,0,0.0,0.0000,0
1644711300000,319.408,319.408,319.408,319.408,0.0,1644711359999,0.0000,0,0.0,0.0000,0
1644711360000,319.408,319.408,319.408,319.408,0.0,1644711419999,0.0000,0,0.0,0.0000,0
1644711420000,319.408,319.408,319.408,319.408,0.0,1644711479999,0.0000,0,0.0,0.0000,0
1644711480000,319.408,319.408,319.408,319.408,0.0,1644711539999,0.0000,0,0.0,0.0000,0
1644711540000,319.408,319.408,319.408,319.408,0.0,1644711599999,0.0000,0,0.0,0.0000,0
1644711600000,319.408,319.408,319.408,319.408,0.0,1644711659999,0.0000,0,0.0,0.0000,0
1644711660000,319.408,319.408,319.408,319.408,0.0,1644711719999,0.0000,0,0.0,0.0000,0
1644711720000,319.408,319.408,319.408,319.408,0.0,1644711779999,0.0000,0,0.0,0.0000,0
1644711780000,319.408,319.408,319.408,319.408,0.0,1644711839999,0.0000,0,0.0,0.0000,0
1644711840000,319.408,319.408,319.408,319.408,0.0,1644711899999,0.0000,0,0.0,0.0000,0
1644711900000,319.408,319.408,319.408,319.408,0.0,1644711959999,0.0000,0,0.0,0.0000,0
1644711960000,319.408,319.408,319.408,319.408,0.0,1644712019999,0.0000,0,0.0,0.0000,0
1644712020000,319.408,319.408,319.408,319.408,0.0,1644712079999,0.0000,0,0.0,0.0000,0
1644712080000,319.408,319.408,319.408,319.408,0.0,1644712139999,0.0000,0,0.0,0.0000,0
1644712140000,319.408,319.408,319.408,319.408,0.0,1644712199999,0.0000,0,0.0,0.0000,0
1644712200000,319.408,319.408,319.408,319.408,0.0,1644712259999,0.0000,0,0.0,0.0000,0
1644712260000,319.408,319.408,319.408,319.408,0.0,1644712319999,0.0000,0,0.0,0.0000,0
1644712320000,319.408,319.408,319.408,319.408,0.0,1644712379999,0.0000,0,0.0,0.0000,0
1644712380000,319.408,319.408,319.408,319.408,0.0,1644712439999,0.0000,0,0.0,0.0000,0
1644712440000,319.408,319.408,319.408,319.408,0.0,1644712499999,0.0000,0,0.0,0.0000,0
1644712500000,319.408,319.408,319.408,319.408,0.0,1644712559999,0.0000,0,0.0,0.0000,0
1644712560000,319.408,319.408,319.408,319.408,0.0,1644712619999,0.0000,0,0.0,0.0000,0
1644712620000,319.408,319.408,319.408,319.408,0.0,1644712679999,0.0000,0,0.0,0.0000,0
1644712680000,319.408,319.408,319.408,319.408,0.0,1644712739999,0.0000,0,0.0,0.0000,0
1644712740000,319.408,319.408,319.408,319.408,0.0,1644712799999,0.0000,0,0.0,0.0000,0
1644712800000,319.408,319.408,319.408,319.408,0.0,1644712859999,0.0000,0,0.0,0.0000,0
1644712860000,319.408,319.408,319.408,319.408,0.0,1644712919999,0.0000,0,0.0,0.0000,0
1644712920000,319.408,319.408,319.408,319.408,0.0,1644712979999,0.0000,0,0.0,0.0000,0
1644712980000,319.408,319.408,319.408,319.408,0.0,1644713039999,0.0000,0,0.0,0.0000,0
1644713040000,319.408,319.408,319.408,319.408,0.0,1644713099999,0.0000,0,0.0,0.0000,0
1644713100000,319.408,319.408,319.408,319.408,0.0,1644713159999,0.0000,0,0.0,0.0000,0
1644713160000,319.408,319.408,319.408,319.408,0.0,1644713219999,0.0000,0,0.0,0.0000,0
1644713220000,319.408,319.408,319.408,319.408,0.0,1644713279999,0.0000,0,0.0,0.0000,0
1644713280000,319.408,319.408,319.408,319.408,0.0,1644713339999,0.0000,0,0.0,0.0000,0
1644713340000,319.408,319.408,319.408,319.408,0.0,1644713399999,0.0000,0,0.0,0.0000,0
1644713400000,319.408,319.408,319.408,319.408,0.0,1644713459999,0.0000,0,0.0,0.0000,0
1644713460000,319.408,319.408,319.408,319.408,0.0,1644713519999,0.0000,0,0.0,0.0000,0
1644713520000,319.408,319.408,319.408,319.408,0.0,1644713579999,0.0000,0,0.0,0.0000,0
1644713580000,319.408,319.408,319.408,319.408,0.0,1644713639999,0.0000,0,0.0,0.0000,0
1644713640000,319.408,319.408,319.408,319.408,0.0,1644713699999,0.0000,0,0.0,0.0000,0
1644713700000,319.408,319.408,319.408,319.408,0.0,1644713759999,0.0000,0,0.0,0.0000,0
1644713760000,319.408,319.408,319.408,319.408,0.0,1644713819999,0.0000,0,0.0,0.0000,0
1644713820000,319.408,319.408,319.408,319.408,0.0,1644713879999,0.0000,0,0.0,0.0000,0
1644713880000,319.408,319.408,319.408,319.408,0.0,1644713939999,0.0000,0,0.0,0.0000,0
1644713940000,319.408,319.408,319.408,319.408,0.0,1644713999999,0.0000,0,0.0,0.0000,0
1644714000000,319.408,319.408,319.408,319.408,0.0,1644714059999,0.0000,0,0.0,0.0000,0
1644714060000,319.408,319.408,319.408,319.408,0.0,1644714119999,0.0000,0,0.0,0.0000,0
1644714120000,319.408,319.408,319.408,319.408,0.0,1644714179999,0.0000,0,0.0,0.0000,0
1644714180000,319.408,319.408,319.408,319.408,0.0,1644714239999,0.0000,0,0.0,0.0000,0
1644714240000,319.408,319.408,319.408,319.408,0.0,1644714299999,0.0000,0,0.0,0.0000,0
1644714300000,319.408,319.408,319.408,319.408,0.0,1644714359999,0.0000,0,0.0,0.0000,0
1644714360000,319.408,319.408,319.408,319.408,0.0,1644714419999,0.0000,0,0.0,0.0000,0
1644714420000,319.408,319.408,319.408,319.408,0.0,1644714479999,0.0000,0,0.0,0.0000,0
1644714480000,319.408,319.408,319.408,319.408,0.0,1644714539999,0.0000,0,0.0,0.0000,0
1644714540000,319.408,319.408,319.408,319.408,0.0,1644714599999,0.0000,0,0.0,0.0000,0
1644714600000,319.408,319.408,319.408,319.408,0.0,1644714659999,0.0000,0,0.0,0.0000,0
1644714660000,319.408,319.408,319.408,319.408,0.0,1644714719999,0.0000,0,0.0,0.0000,0
1644714720000,319.408,319.408,319.408,319.408,0.0,1644714779999,0.0000,0,0.0,0.0000,0
1644714780000,319.408,319.408,319.408,319.408,0.0,1644714839999,0.0000,0,0.0,0.0000,0
1644714840000,319.408,319.408,319.408,319.408,0.0,1644714899999,0.0000,0,0.0,0.0000,0
1644714900000,319.408,319.408,319.408,319.408,0.0,1644714959999,0.0000,0,0.0,0.0000,0
1644714960000,319.408,319.408,319.408,319.408,0.0,1644715019999,0.0000,0,0.0,0.0000,0
1644715020000,319.408,319.408,319.408,319.408,0.0,1644715079999,0.0000,0,0.0,0.0000,0
1644715080000,319.408,319.408,319.408,319.408,0.0,1644715139999,0.0000,0,0.0,0.0000,0
1644715140000,319.408,319.408,319.408,319.408,0.0,1644715199999,0.0000,0,0.0,0.0000,0
1644715200000,319.408,319.408,319.408,319.408,0.0,1644715259999,0.0000,0,0.0,0.0000,0
1644715260000,319.408,319.408,319.408,319.408,0.0,1644715319999,0.0000,0,0.0,0.0000,0
1644715320000,319.408,319.408,319.408,319.408,0.0,1644715379999,0.0000,0,0.0,0.0000,0
1644715380000,319.408,319.408,319.408,319.408,0.0,1644715439999,0.0000,0,0.0,0.0000,0
1644715440000,319.408,319.408,319.408,319.408,0.0,1644715499999,0.0000,0,0.0,0.0000,0
1644715500000,319.408,319.408,319.408,319.408,0.0,1644715559999,0.0000,0,0.0,0.0000,0
1644715560000,319.408,319.408,319.408,319.408,0.0,1644715619999,0.0000,0,0.0,0.0000,0
1644715620000,319.408,319.408,319.408,319.408,0.0,1644715679999,0.0000,0,0.0,0.0000,0
1644715680000,319.408,319.408,319.408,319.408,0.0,1644715739999,0.0000,0,0.0,0.0000,0
1644715740000,319.408,319.408,319.408,319.408,0.0,1644715799999,0.0000,0,0.0,0.0000,0
1644715800000,319.408,319.408,319.408,319.408,0.0,1644715859999,0.0000,0,0.0,0.0000,0
1644715860000,319.408,319.408,319.408,319.408,0.0,1644715919999,0.0000,0,0.0,0.0000,0
1644715920000,319.408,319.408,319.408,319.408,0.0,1644715979999,0.0000,0,0.0,0.0000,0
1644715980000,319.408,319.408,319.408,319.408,0.0,1644716039999,0.0000,0,0.0,0.0000,0
1644716040000,319.408,319.408,319.408,319.408,0.0,1644716099999,0.0000,0,0.0,0.0000,0
1644716100000,319.408,319.408,319.408,319.408,0.0,1644716159999,0.0000,0,0.0,0.0000,0
1644716160000,319.408,319.408,319.408,319.408,0.0,1644716219999,0.0000,0,0.0,0.0000,0
1644716220000,319.408,319.408,319.408,319.408,0.0,1644716279999,0.0000,0,0.0,0.0000,0
1644716280000,319.408,319.408,319.408,319.408,0.0,1644716339999,0.0000,0,0.0,0.0000,0
1644716340000,319.408,319.408,319.408,319.408,0.0,1644716399999,0.0000,0,0.0,0.0000,0
1644716400000,319.408,319.408,319.408,319.408,0.0,1644716459999,0.0000,0,0.0,0.0000,0
1644716460000,319.408,319.408,319.408,319.408,0.0,1644716519999,0.0000,0,0.0,0.0000,0
1644716520000,319.408,319.408,319.408,319.408,0.0,1644716579999,0.0000,0,0.0,0.0000,0
1644716580000,319.408,319.408,319.408,319.408,0.0,1644716639999,0.0000,0,0.0,0.0000,0
1644716640000,319.408,319.408,319.408,319.408,0.0,1644716699999,0.0000,0,0.0,0.0000,0
1644716700000,319.408,319.408,319.408,319.408,0.0,1644716759999,0.0000,0,0.0,0.0000,0
1644716760000,319.408,319.408,319.408,319.408,0.0,1644716819999,0.0000,0,0.0,0.0000,0
1644716820000,319.408,319.408,319.408,319.408,0.0,1644716879999,0.0000,0,0.0,0.0000,0
1644716880000,319.408,319.408,319.408,319.408,0.0,1644716939999,0.0000,0,0.0,0.0000,0
1644716940000,319.408,319.408,319.408,319.408,0.0,1644716999999,0.0000,0,0.0,0.0000,0
1644717000000,319.408,319.408,319.408,319.408,0.0,1644717059999,0.0000,0,0.0,0.0000,0
1644717060000,319.408,319.408,319.408,319.408,0.0,1644717119999,0.0000,0,0.0,0.0000,0
1644717120000,319.408,319.408,319.408,319.408,0.0,1644717179999,0.0000,0,0.0,0.0000,0
1644717180000,319.408,319.408,319.408,319.408,0.0,1644717239999,0.0000,0,0.0,0.0000,0
1644717240000,319.408,319.408,319.408,319.408,0.0,1644717299999,0.0000,0,0.0,0.0000,0
1644717300000,319.408,319.408,319.408,319.408,0.0,1644717359999,0.0000,0,0.0,0.0000,0
1644717360000,319.408,319.408,319.408,319.408,0.0,1644717419999,0.0000,0,0.0,0.0000,0
1644717420000,319.408,319.408,319.408,319.408,0.0,1644717479999,0.0000,0,0.0,0.0000,0
1644717480000,319.408,319.408,319.408,319.408,0.0,1644717539999,0.0000,0,0.0,0.0000,0
1644717540000,319.408,319.408,319.408,319.408,0.0,1644717599999,0.0000,0,0.0,0.0000,0
1644717600000,319.408,319.408,319.408,319.408,0.0,1644717659999,0.0000,0,0.0,0.0000,0
1644717660000,319.408,319.408,319.408,319.408,0.0,1644717719999,0.0000,0,0.0,0.0000,0
1644717720000,319.408,319.408,319.408,319.408,0.0,1644717779999,0.0000,0,0.0,0.0000,0
1644717780000,319.408,319.408,319.408,319.408,0.0,1644717839999,0.0000,0,0.0,0.0000,0
1644717840000,319.408,319.408,319.408,319.408,0.0,1644717899999,0.0000,0,0.0,0.0000,0
1644717900000,319.408,319.408,319.408,319.408,0.0,1644717959999,0.0000,0,0.0,0.0000,0
1644717960000,319.408,319.408,319.408,319.408,0.0,1644718019999,0.0000,0,0.0,0.0000,0
1644718020000,319.408,319.408,319.408,319.408,0.0,1644718079999,0.0000,0,0.0,0.0000,0
1644718080000,319.408,319.408,319.408,319.408,0.0,1644718139999,0.0000,0,0.0,0.0000,0
1644718140000,319.408,319.408,319.408,319.408,0.0,1644718199999,0.0000,0,0.0,0.0000,0
1644718200000,319.408,319.408,319.408,319.408,0.0,1644718259999,0.0000,0,0.0,0.0000,0
1644718260000,319.408,319.408,319.408,319.408,0.0,1644718319999,0.0000,0,0.0,0.0000,0
1644718320000,319.408,319.408,319.408,319.408,0.0,1644718379999,0.0000,0,0.0,0.0000,0
1644718380000,319.408,319.408,319.408,319.408,0.0,1644718439999,0.0000,0,0.0,0.0000,0
1644718440000,319.408,319.408,319.408,319.408,0.0,1644718499999,0.0000,0,0.0,0.0000,0
1644718500000,319.408,319.408,319.408,319.408,0.0,1644718559999,0.0000,0,0.0,0.0000,0
1644718560000,319.408,319.408,319.408,319.408,0.0,1644718619999,0.0000,0,0.0,0.0000,0
1644718620000,319.408,319.408,319.408,319.408,0.0,1644718679999,0.0000,0,0.0,0.0000,0
1644718680000,319.408,319.408,319.408,319.408,0.0,1644718739999,0.0000,0,0.0,0.0000,0
1644718740000,319.408,319.408,319.408,319.408,0.0,1644718799999,0.0000,0,0.0,0.0000,0
1644718800000,319.408,319.408,319.408,319.408,0.0,1644718859999,0.0000,0,0.0,0.0000,0
1644718860000,319.408,319.408,319.408,319.408,0.0,1644718919999,0.0000,0,0.0,0.0000,0
1644718920000,319.408,319.408,319.408,319.408,0.0,1644718979999,0.0000,0,0.0,0.0000,0
1644718980000,319.408,319.408,319.408,319.408,0.0,1644719039999,0.0000,0,0.0,0.0000,0
1644719040000,319.408,319.408,319.408,319.408,0.0,1644719099999,0.0000,0,0.0,0.0000,0
1644719100000,319.408,319.408,319.408,319.408,0.0,1644719159999,0.0000,0,0.0,0.0000,0
1644719160000,319.408,319.408,319.408,319.408,0.0,1644719219999,0.0000,0,0.0,0.0000,0
1644719220000,319.408,319.408,319.408,319.408,0.0,1644719279999,0.0000,0,0.0,0.0000,0
1644719280000,319.408,319.408,319.408,319.408,0.0,1644719339999,0.0000,0,0.0,0.0000,0
1644719340000,319.408,319.408,319.408,319.408,0.0,1644719399999,0.0000,0,0.0,0.0000,0
1644719400000,319.408,319.408,319.408,319.408,0.0,1644719459999,0.0000,0,0.0,0.0000,0
1644719460000,319.408,319.408,319.408,319.408,0.0,1644719519999,0.0000,0,0.0,0.0000,0
1644719520000,319.408,319.408,319.408,319.408,0.0,1644719579999,0.0000,0,0.0,0.0000,0
1644719580000,319.408,319.408,319.408,319.408,0.0,1644719639999,0.0000,0,0.0,0.0000,0
1644719640000,319.408,319.408,319.408,319.408,0.0,1644719699999,0.0000,0,0.0,0.0000,0
1644719700000,319.408,319.408,319.408,319.408,0.0,1644719759999,0.0000,0,0.0,0.0000,0
1644719760000,319.408,319.408,319.408,319.408,0.0,1644719819999,0.0000,0,0.0,0.0000,0
1644719820000,319.408,319.408,319.408,319.408,0.0,1644719879999,0.0000,0,0.0,0.0000,0
1644719880000,319.408,319.408,319.408,319.408,0.0,1644719939999,0.0000,0,0.0,0.0000,0
1644719940000,319.408,319.408,319.408,319.408,0.0,1644719999999,0.0000,0,0.0,0.0000,0
1644720000000,319.408,319.408,319.408,319.408,0.0,1644720059999,0.0000,0,0.0,0.0000,0
1644720060000,319.408,319.408,319.408,319.408,0.0,1644720119999,0.0000,0,0.0,0.0000,0
1644720120000,319.408,319.408,319.408,319.408,0.0,1644720179999,0.0000,0,0.0,0.0000,0
1644720180000,319.408,319.408,319.408,319.408,0.0,1644720239999,0.0000,0,0.0,0.0000,0
1644720240000,319.408,319.408,319.408,319.408,0.0,1644720299999,0.0000,0,0.0,0.0000,0
1644720300000,319.408,319.408,319.408,319.408,0.0,1644720359999,0.0000,0,0.0,0.0000,0
1644720360000,319.408,319.408,319.408,319.408,0.0,1644720419999,0.0000,0,0.0,0.0000,0
1644720420000,319.408,319.408,319.408,319.408,0.0,1644720479999,0.0000,0,0.0,0.0000,0
1644720480000,319.408,319.408,319.408,319.408,0.0,1644720539999,0.0000,0,0.0,0.0000,0
1644720540000,319.408,319.408,319.408,319.408,0.0,1644720599999,0.0000,0,0.0,0.0000,0
1644720600000,319.408,319.408,319.408,319.408,0.0,1644720659999,0.0000,0,0.0,0.0000,0
1644720660000,319.408,319.408,319.408,319.408,0.0,1644720719999,0.0000,0,0.0,0.0000,0
1644720720000,319.408,319.408,319.408,319.408,0.0,1644720779999,0.0000,0,0.0,0.0000,0
1644720780000,319.408,319.408,319.408,319.408,0.0,1644720839999,0.0000,0,0.0,0.0000,0
1644720840000,319.408,319.408,319.408,319.408,0.0,1644720899999,0.0000,0,0.0,0.0000,0
1644720900000,319.408,319.408,319.408,319.408,0.0,1644720959999,0.0000,0,0.0,0.0000,0
1644720960000,319.408,319.408,319.408,319.408,0.0,1644721019999,0.0000,0,0.0,0.0000,0
1644721020000,319.408,319.408,319.408,319.408,0.0,1644721079999,0.0000,0,0.0,0.0000,0
1644721080000,319.408,319.408,319.408,319.408,0.0,1644721139999,0.0000,0,0.0,0.0000,0
1644721140000,319.408,319.408,319.408,319.408,0.0,1644721199999,0.0000,0,0.0,0.0000,0
1644721200000,319.408,319.408,319.408,319.408,0.0,1644721259999,0.0000,0,0.0,0.0000,0
1644721260000,319.408,319.408,319.408,319.408,0.0,1644721319999,0.0000,0,0.0,0.0000,0
1644721320000,319.408,319.408,319.408,319.408,0.0,1644721379999,0.0000,0,0.0,0.0000,0
1644721380000,319.408,319.408,319.408,319.408,0.0,1644721439999,0.0000,0,0.0,0.0000,0
1644721440000,319.408,319.408,319.408,319.408,0.0,1644721499999,0.0000,0,0.0,0.0000,0
1644721500000,319.408,319.408,319.408,319.408,0.0,1644721559999,0.0000,0,0.0,0.0000,0
1644721560000,319.408,319.408,319.408,319.408,0.0,1644721619999,0.0000,0,0.0,0.0000,0
1644721620000,319.408,319.408,319.408,319.408,0.0,1644721679999,0.0000,0,0.0,0.0000,0
1644721680000,319.408,319.408,319.408,319.408,0.0,1644721739999,0.0000,0,0.0,0.0000,0
1644721740000,319.408,319.408,319.408,319.408,0.0,1644721799999,0.0000,0,0.0,0.0000,0
1644721800000,319.408,319.408,319.408,319.408,0.0,1644721859999,0.0000,0,0.0,0.0000,0
1644721860000,319.408,319.408,319.408,319.408,0.0,1644721919999,0.0000,0,0.0,0.0000,0
1644721920000,319.408,319.408,319.408,319.408,0.0,1644721979999,0.0000,0,0.0,0.0000,0
1644721980000,319.408,319.408,319.408,319.408,0.0,1644722039999,0.0000,0,0.0,0.0000,0
1644722040000,319.408,319.408,319.408,319.408,0.0,1644722099999,0.0000,0,0.0,0.0000,0
1644722100000,319.408,319.408,319.408,319.408,0.0,1644722159999,0.0000,0,0.0,0.0000,0
1644722160000,319.408,319.408,319.408,319.408,0.0,1644722219999,0.0000,0,0.0,0.0000,0
1644722220000,319.408,319.408,319.408,319.408,0.0,1644722279999,0.0000,0,0.0,0.0000,0
1644722280000,319.408,319.408,319.408,319.408,0.0,1644722339999,0.0000,0,0.0,0.0000,0
1644722340000,319.408,319.408,319.408,319.408,0.0,1644722399999,0.0000,0,0.0,0.0000,0
1644722400000,319.408,319.408,319.408,319.408,0.0,1644722459999,0.0000,0,0.0,0.0000,0
1644722460000,319.408,319.408,319.408,319.408,0.0,1644722519999,0.0000,0,0.0,0.0000,0
1644722520000,319.408,319.408,319.408,319.408,0.0,1644722579999,0.0000,0,0.0,0.0000,0
1644722580000,319.408,319.408,319.408,319.408,0.0,1644722639999,0.0000,0,0.0,0.0000,0
1644722640000,319.408,319.408,319.408,319.408,0.0,1644722699999,0.0000,0,0.0,0.0000,0
1644722700000,319.408,319.408,319.408,319.408,0.0,1644722759999,0.0000,0,0.0,0.0000,0
1644722760000,319.408,319.408,319.408,319.408,0.0,1644722819999,0.0000,0,0.0,0.0000,0
1644722820000,319.408,319.408,319.408,319.408,0.0,1644722879999,0.0000,0,0.0,0.0000,0
1644722880000,319.408,319.408,319.408,319.408,0.0,1644722939999,0.0000,0,0.0,0.0000,0
1644722940000,319.408,319.408,319.408,319.408,0.0,1644722999999,0.0000,0,0.0,0.0000,0
1644723000000,319.408,319.408,319.408,319.408,0.0,1644723059999,0.0000,0,0.0,0.0000,0
1644723060000,319.408,319.408,319.408,319.408,0.0,1644723119999,0.0000,0,0.0,0.0000,0
1644723120000,319.408,319.408,319.408,319.408,0.0,1644723179999,0.0000,0,0.0,0.0000,0
1644723180000,319.408,319.408,319.408,319.408,0.0,1644723239999,0.0000,0,0.0,0.0000,0
1644723240000,319.408,319.408,319.408,319.408,0.0,1644723299999,0.0000,0,0.0,0.0000,0
1644723300000,319.408,319.408,319.408,319.408,0.0,1644723359999,0.0000,0,0.0,0.0000,0
1644723360000,319.408,319.408,319.408,319.408,0.0,1644723419999,0.0000,0,0.0,0.0000,0
1644723420000,319.408,319.408,319.408,319.408,0.0,1644723479999,0.0000,0,0.0,0.0000,0
1644723480000,319.408,319.408,319.408,319.408,0.0,1644723539999,0.0000,0,0.0,0.0000,0
1644723540000,319.408,319.408,319.408,319.408,0.0,1644723599999,0.0000,0,0.0,0.0000,0
1644723600000,319.408,319.408,319.408,319.408,0.0,1644723659999,0.0000,0,0.0,0.0000,0
1644723660000,319.408,319.408,319.408,319.408,0.0,1644723719999,0.0000,0,0.0,0.0000,0
1644723720000,319.408,319.408,319.408,319.408,0.0,1644723779999,0.0000,0,0.0,0.0000,0
1644723780000,319.408,319.408,319.408,319.408,0.0,1644723839999,0.0000,0,0.0,0.0000,0
1644723840000,319.408,319.408,319.408,319.408,0.0,1644723899999,0.0000,0,0.0,0.0000,0
1644723900000,319.408,319.408,319.408,319.408,0.0,1644723959999,0.0000,0,0.0,0.0000,0
1644723960000,319.408,319.408,319.408,319.408,0.0,1644724019999,0.0000,0,0.0,0.0000,0
1644724020000,319.408,319.408,319.408,319.408,0.0,1644724079999,0.0000,0,0.0,0.0000,0
1644724080000,319.408,319.408,319.408,319.408,0.0,1644724139999,0.0000,0,0.0,0.0000,0
1644724140000,319.408,319.408,319.408,319.408,0.0,1644724199999,0.0000,0,0.0,0.0000,0
1644724200000,319.408,319.408,319.408,319.408,0.0,1644724259999,0.0000,0,0.0,0.0000,0
1644724260000,319.408,319.408,319.408,319.408,0.0,1644724319999,0.0000,0,0.0,0.0000,0
1644724320000,319.408,319.408,319.408,319.408,0.0,1644724379999,0.0000,0,0.0,0.0000,0
1644724380000,319.408,319.408,319.408,319.408,0.0,1644724439999,0.0000,0,0.0,0.0000,0
1644724440000,319.408,319.408,319.408,319.408,0.0,1644724499999,0.0000,0,0.0,0.0000,0
1644724500000,319.408,319.408,319.408,319.408,0.0,1644724559999,0.0000,0,0.0,0.0000,0
1644724560000,319.408,319.408,319.408,319.408,0.0,1644724619999,0.0000,0,0.0,0.0000,0
1644724620000,319.408,319.408,319.408,319.408,0.0,1644724679999,0.0000,0,0.0,0.0000,0
1644724680000,319.408,319.408,319.408,319.408,0.0,1644724739999,0.0000,0,0.0,0.0000,0
1644724740000,319.408,319.408,319.408,319.408,0.0,1644724799999,0.0000,0,0.0,0.0000,0
1644724800000,319.408,319.408,319.408,319.408,0.0,1644724859999,0.0000,0,0.0,0.0000,0
1644724860000,319.408,319.408,319.408,319.408,0.0,1644724919999,0.0000,0,0.0,0.0000,0
1644724920000,319.408,319.408,319.408,319.408,0.0,1644724979999,0.0000,0,0.0,0.0000,0
1644724980000,319.408,319.408,319.408,319.408,0.0,1644725039999,0.0000,0,0.0,0.0000,0
1644725040000,319.408,319.408,319.408,319.408,0.0,1644725099999,0.0000,0,0.0,0.0000,0
1644725100000,319.408,319.408,319.408,319.408,0.0,1644725159999,0.0000,0,0.0,0.0000,0
1644725160000,319.408,319.408,319.408,319.408,0.0,1644725219999,0.0000,0,0.0,0.0000,0
1644725220000,319.408,319.408,319.408,319.408,0.0,1644725279999,0.0000,0,0.0,0.0000,0
1644725280000,319.408,319.408,319.408,319.408,0.0,1644725339999,0.0000,0,0.0,0.0000,0
1644725340000,319.408,319.408,319.408,319.408,0.0,1644725399999,0.0000,0,0.0,0.0000,0
1644725400000,319.408,319.408,319.408,319.408,0.0,1644725459999,0.0000,0,0.0,0.0000,0
1644725460000,319.408,319.408,319.408,319.408,0.0,1644725519999,0.0000,0,0.0,0.0000,0
1644725520000,319.408,319.408,319.408,319.408,0.0,1644725579999,0.0000,0,0.0,0.0000,0
1644725580000,319.408,319.408,319.408,319.408,0.0,1644725639999,0.0000,0,0.0,0.0000,0
1644725640000,319.408,319.408,319.408,319.408,0.0,1644725699999,0.0000,0,0.0,0.0000,0
1644725700000,319.408,319.408,319.408,319.408,0.0,1644725759999,0.0000,0,0.0,0.0000,0
1644725760000,319.408,319.408,319.408,319.408,0.0,1644725819999,0.0000,0,0.0,0.0000,0
1644725820000,319.408,319.408,319.408,319.408,0.0,1644725879999,0.0000,0,0.0,0.0000,0
1644725880000,319.408,319.408,319.408,319.408,0.0,1644725939999,0.0000,0,0.0,0.0000,0
1644725940000,319.408,319.408,319.408,319.408,0.0,1644725999999,0.0000,0,0.0,0.0000,0
1644726000000,319.408,319.408,319.408,319.408,0.0,1644726059999,0.0000,0,0.0,0.0000,0
1644726060000,319.408,319.408,319.408,319.408,0.0,1644726119999,0.0000,0,0.0,0.0000,0
1644726120000,319.408,319.408,319.408,319.408,0.0,1644726179999,0.0000,0,0.0,0.0000,0
1644726180000,319.408,319.408,319.408,319.408,0.0,1644726239999,0.0000,0,0.0,0.0000,0
1644726240000,319.408,319.408,319.408,319.408,0.0,1644726299999,0.0000,0,0.0,0.0000,0
1644726300000,319.408,319.408,319.408,319.408,0.0,1644726359999,0.0000,0,0.0,0.0000,0
1644726360000,319.408,319.408,319.408,319.408,0.0,1644726419999,0.0000,0,0.0,0.0000,0
1644726420000,319.408,319.408,319.408,319.408,0.0,1644726479999,0.0000,0,0.0,0.0000,0
1644726480000,319.408,319.408,319.408,319.408,0.0,1644726539999,0.0000,0,0.0,0.0000,0
1644726540000,319.408,319.408,319.408,319.408,0.0,1644726599999,0.0000,0,0.0,0.0000,0
1644726600000,319.408,319.408,319.408,319.408,0.0,1644726659999,0.0000,0,0.0,0.0000,0
1644726660000,319.408,319.408,319.408,319.408,0.0,1644726719999,0.0000,0,0.0,0.0000,0
1644726720000,319.408,319.408,319.408,319.408,0.0,1644726779999,0.0000,0,0.0,0.0000,0
1644726780000,319.408,319.408,319.408,319.408,0.0,1644726839999,0.0000,0,0.0,0.0000,0
1644726840000,319.408,319.408,319.408,319.408,0.0,1644726899999,0.0000,0,0.0,0.0000,0
1644726900000,319.408,319.408,319.408,319.408,0.0,1644726959999,0.0000,0,0.0,0.0000,0
1644726960000,319.408,319.408,319.408,319.408,0.0,1644727019999,0.0000,0,0.0,0.0000,0
1644727020000,319.408,319.408,319.408,319.408,0.0,1644727079999,0.0000,0,0.0,0.0000,0
1644727080000,319.408,319.408,319.408,319.408,0.0,1644727139999,0.0000,0,0.0,0.0000,0
1644727140000,319.408,319.408,319.408,319.408,0.0,1644727199999,0.0000,0,0.0,0.0000,0
1644727200000,319.408,319.408,319.408,319.408,0.0,1644727259999,0.0000,0,0.0,0.0000,0
1644727260000,319.408,319.408,319.408,319.408,0.0,1644727319999,0.0000,0,0.0,0.0000,0
1644727320000,319.408,319.408,319.408,319.408,0.0,1644727379999,0.0000,0,0.0,0.0000,0
1644727380000,319.408,319.408,319.408,319.408,0.0,1644727439999,0.0000,0,0.0,0.0000,0
1644727440000,319.408,319.408,319.408,319.408,0.0,1644727499999,0.0000,0,0.0,0.0000,0
1644727500000,319.408,319.408,319.408,319.408,0.0,1644727559999,0.0000,0,0.0,0.0000,0
1644727560000,319.408,319.408,319.408,319.408,0.0,1644727619999,0.0000,0,0.0,0.0000,0
1644727620000,319.408,319.408,319.408,319.408,0.0,1644727679999,0.0000,0,0.0,0.0000,0
1644727680000,319.408,319.408,319.408,319.408,0.0,1644727739999,0.0000,0,0.0,0.0000,0
1644727740000,319.408,319.408,319.408,319.408,0.0,1644727799999,0.0000,0,0.0,0.0000,0
1644727800000,319.408,319.408,319.408,319.408,0.0,1644727859999,0.0000,0,0.0,0.0000,0
1644727860000,319.408,319.408,319.408,319.408,0.0,1644727919999,0.0000,0,0.0,0.0000,0
1644727920000,319.408,319.408,319.408,319.408,0.0,1644727979999,0.0000,0,0.0,0.0000,0
1644727980000,319.408,319.408,319.408,319.408,0.0,1644728039999,0.0000,0,0.0,0.0000,0
1644728040000,319.408,319.408,319.408,319.408,0.0,1644728099999,0.0000,0,0.0,0.0000,0
1644728100000,319.408,319.408,319.408,319.408,0.0,1644728159999,0.0000,0,0.0,0.0000,0
1644728160000,319.408,319.408,319.408,319.408,0.0,1644728219999,0.0000,0,0.0,0.0000,0
1644728220000,319.408,319.408,319.408,319.408,0.0,1644728279999,0.0000,0,0.0,0.0000,0
1644728280000,319.408,319.408,319.408,319.408,0.0,1644728339999,0.0000,0,0.0,0.0000,0
1644728340000,319.408,319.408,319.408,319.408,0.0,1644728399999,0.0000,0,0.0,0.0000,0
1644728400000,319.408,319.408,319.408,319.408,0.0,1644728459999,0.0000,0,0.0,0.0000,0
1644728460000,319.408,319.408,319.408,319.408,0.0,1644728519999,0.0000,0,0.0,0.0000,0
1644728520000,319.408,319.408,319.408,319.408,0.0,1644728579999,0.0000,0,0.0,0.0000,0
1644728580000,319.408,319.408,319.408,319.408,0.0,1644728639999,0.0000,0,0.0,0.0000,0
1644728640000,319.408,319.408,319.408,319.408,0.0,1644728699999,0.0000,0,0.0,0.0000,0
1644728700000,319.408,319.408,319.408,319.408,0.0,1644728759999,0.0000,0,0.0,0.0000,0
1644728760000,319.408,319.408,319.408,319.408,0.0,1644728819999,0.0000,0,0.0,0.0000,0
1644728820000,319.408,319.408,319.408,319.408,0.0,1644728879999,0.0000,0,0.0,0.0000,0
1644728880000,319.408,319.408,319.408,319.408,0.0,1644728939999,0.0000,0,0.0,0.0000,0
1644728940000,319.408,319.408,319.408,319.408,0.0,1644728999999,0.0000,0,0.0,0.0000,0
1644729000000,319.408,319.408,319.408,319.408,0.0,1644729059999,0.0000,0,0.0,0.0000,0
1644729060000,319.408,319.408,319.408,319.408,0.0,1644729119999,0.0000,0,0.0,0.0000,0
1644729120000,319.408,319.408,319.408,319.408,0.0,1644729179999,0.0000,0,0.0,0.0000,0
1644729180000,319.408,319.408,319.408,319.408,0.0,1644729239999,0.0000,0,0.0,0.0000,0
1644729240000,319.408,319.408,319.408,319.408,0.0,1644729299999,0.0000,0,0.0,0.0000,0
1644729300000,319.408,319.408,319.408,319.408,0.0,1644729359999,0.0000,0,0.0,0.0000,0
1644729360000,319.408,319.408,319.408,319.408,0.0,1644729419999,0.0000,0,0.0,0.0000,0
1644729420000,319.408,319.408,319.408,319.408,0.0,1644729479999,0.0000,0,0.0,0.0000,0
1644729480000,319.408,319.408,319.408,319.408,0.0,1644729539999,0.0000,0,0.0,0.0000,0
1644729540000,319.408,319.408,319.408,319.408,0.0,1644729599999,0.0000,0,0.0,0.0000,0
1644729600000,319.408,319.408,319.408,319.408,0.0,1644729659999,0.0000,0,0.0,0.0000,0
1644729660000,319.408,319.408,319.408,319.408,0.0,1644729719999,0.0000,0,0.0,0.0000,0
1644729720000,319.408,319.408,319.408,319.408,0.0,1644729779999,0.0000,0,0.0,0.0000,0
1644729780000,319.408,319.408,319.408,319.408,0.0,1644729839999,0.0000,0,0.0,0.0000,0
1644729840000,319.408,319.408,319.408,319.408,0.0,1644729899999,0.0000,0,0.0,0.0000,0
1644729900000,319.408,319.408,319.408,319.408,0.0,1644729959999,0.0000,0,0.0,0.0000,0
1644729960000,319.408,319.408,319.408,319.408,0.0,1644730019999,0.0000,0,0.0,0.0000,0
1644730020000,319.408,319.408,319.408,319.408,0.0,1644730079999,0.0000,0,0.0,0.0000,0
1644730080000,319.408,319.408,319.408,319.408,0.0,1644730139999,0.0000,0,0.0,0.0000,0
1644730140000,319.408,319.408,319.408,319.408,0.0,1644730199999,0.0000,0,0.0,0.0000,0
1644730200000,319.408,319.408,319.408,319.408,0.0,1644730259999,0.0000,0,0.0,0.0000,0
1644730260000,319.408,319.408,319.408,319.408,0.0,1644730319999,0.0000,0,0.0,0.0000,0
1644730320000,319.408,319.408,319.408,319.408,0.0,1644730379999,0.0000,0,0.0,0.0000,0
1644730380000,319.408,319.408,319.408,319.408,0.0,1644730439999,0.0000,0,0.0,0.0000,0
1644730440000,319.408,319.408,319.408,319.408,0.0,1644730499999,0.0000,0,0.0,0.0000,0
1644730500000,319.408,319.408,319.408,319.408,0.0,1644730559999,0.0000,0,0.0,0.0000,0
1644730560000,319.408,319.408,319.408,319.408,0.0,1644730619999,0.0000,0,0.0,0.0000,0
1644730620000,319.408,319.408,319.408,319.408,0.0,1644730679999,0.0000,0,0.0,0.0000,0
1644730680000,319.408,319.408,319.408,319.408,0.0,1644730739999,0.0000,0,0.0,0.0000,0
1644730740000,319.408,319.408,319.408,319.408,0.0,1644730799999,0.0000,0,0.0,0.0000,0
1644730800000,319.408,319.408,319.408,319.408,0.0,1644730859999,0.0000,0,0.0,0.0000,0
1644730860000,319.408,319.408,319.408,319.408,0.0,1644730919999,0.0000,0,0.0,0.0000,0
1644730920000,319.408,319.408,319.408,319.408,0.0,1644730979999,0.0000,0,0.0,0.0000,0
1644730980000,319.408,319.408,319.408,319.408,0.0,1644731039999,0.0000,0,0.0,0.0000,0
1644731040000,319.408,319.408,319.408,319.408,0.0,1644731099999,0.0000,0,0.0,0.0000,0
1644731100000,319.408,319.408,319.408,319.408,0.0,1644731159999,0.0000,0,0.0,0.0000,0
1644731160000,319.408,319.408,319.408,319.408,0.0,1644731219999,0.0000,0,0.0,0.0000,0
1644731220000,319.408,319.408,319.408,319.408,0.0,1644731279999,0.0000,0,0.0,0.0000,0
1644731280000,319.408,319.408,319.408,319.408,0.0,1644731339999,0.0000,0,0.0,0.0000,0
1644731340000,319.408,319.408,319.408,319.408,0.0,1644731399999,0.0000,0,0.0,0.0000,0
1644731400000,319.408,319.408,319.408,319.408,0.0,1644731459999,0.0000,0,0.0,0.0000,0
1644731460000,319.408,319.408,319.408,319.408,0.0,1644731519999,0.0000,0,0.0,0.0000,0
1644731520000,319.408,319.408,319.408,319.408,0.0,1644731579999,0.0000,0,0.0,0.0000,0
1644731580000,319.408,319.408,319.408,319.408,0.0,1644731639999,0.0000,0,0.0,0.0000,0
1644731640000,319.408,319.408,319.408,319.408,0.0,1644731699999,0.0000,0,0.0,0.0000,0
1644731700000,319.408,319.408,319.408,319.408,0.0,1644731759999,0.0000,0,0.0,0.0000,0
1644731760000,319.408,319.408,319.408,319.408,0.0,1644731819999,0.0000,0,0.0,0.0000,0
1644731820000,319.408,319.408,319.408,319.408,0.0,1644731879999,0.0000,0,0.0,0.0000,0
1644731880000,319.408,319.408,319.408,319.408,0.0,1644731939999,0.0000,0,0.0,0.0000,0
1644731940000,319.408,319.408,319.408,319.408,0.0,1644731999999,0.0000,0,0.0,0.0000,0
1644732000000,319.408,319.408,319.408,319.408,0.0,1644732059999,0.0000,0,0.0,0.0000,0
1644732060000,319.408,319.408,319.408,319.408,0.0,1644732119999,0.0000,0,0.0,0.0000,0
1644732120000,319.408,319.408,319.408,319.408,0.0,1644732179999,0.0000,0,0.0,0.0000,0
1644732180000,319.408,319.408,319.408,319.408,0.0,1644732239999,0.0000,0,0.0,0.0000,0
1644732240000,319.408,319.408,319.408,319.408,0.0,1644732299999,0.0000,0,0.0,0.0000,0
1644732300000,319.408,319.408,319.408,319.408,0.0,1644732359999,0.0000,0,0.0,0.0000,0
1644732360000,319.408,319.408,319.408,319.408,0.0,1644732419999,0.0000,0,0.0,0.0000,0
1644732420000,319.408,319.408,319.408,319.408,0.0,1644732479999,0.0000,0,0.0,0.0000,0
1644732480000,319.408,319.408,319.408,319.408,0.0,1644732539999,0.0000,0,0.0,0.0000,0
1644732540000,319.408,319.408,319.408,319.408,0.0,1644732599999,0.0000,0,0.0,0.0000,0
1644732600000,319.408,319.408,319.408,319.408,0.0,1644732659999,0.0000,0,0.0,0.0000,0
1644732660000,319.408,319.408,319.408,319.408,0.0,1644732719999,0.0000,0,0.0,0.0000,0
1644732720000,319.408,319.408,319.408,319.408,0.0,1644732779999,0.0000,0,0.0,0.0000,0
1644732780000,319.408,319.408,319.408,319.408,0.0,1644732839999,0.0000,0,0.0,0.0000,0
1644732840000,319.408,319.408,319.408,319.408,0.0,1644732899999,0.0000,0,0.0,0.0000,0
1644732900000,319.408,319.408,319.408,319.408,0.0,1644732959999,0.0000,0,0.0,0.0000,0
1644732960000,319.408,319.408,319.408,319.408,0.0,1644733019999,0.0000,0,0.0,0.0000,0
1644733020000,319.408,319.408,319.408,319.408,0.0,1644733079999,0.0000,0,0.0,0.0000,0
1644733080000,319.408,319.408,319.408,319.408,0.0,1644733139999,0.0000,0,0.0,0.0000,0
1644733140000,319.408,319.408,319.408,319.408,0.0,1644733199999,0.0000,0,0.0,0.0000,0
1644733200000,319.408,319.408,319.408,319.408,0.0,1644733259999,0.0000,0,0.0,0.0000,0
1644733260000,319.408,319.408,319.408,319.408,0.0,1644733319999,0.0000,0,0.0,0.0000,0
1644733320000,319.408,319.408,319.408,319.408,0.0,1644733379999,0.0000,0,0.0,0.0000,0
1644733380000,319.408,319.408,319.408,319.408,0.0,1644733439999,0.0000,0,0.0,0.0000,0
1644733440000,319.408,319.408,319.408,319.408,0.0,1644733499999,0.0000,0,0.0,0.0000,0
1644733500000,319.408,319.408,319.408,319.408,0.0,1644733559999,0.0000,0,0.0,0.0000,0
1644733560000,319.408,319.408,319.408,319.408,0.0,1644733619999,0.0000,0,0.0,0.0000,0
1644733620000,319.408,319.408,319.408,319.408,0.0,1644733679999,0.0000,0,0.0,0.0000,0
1644733680000,319.408,319.408,319.408,319.408,0.0,1644733739999,0.0000,0,0.0,0.0000,0
1644733740000,319.408,319.408,319.408,319.408,0.0,1644733799999,0.0000,0,0.0,0.0000,0
1644733800000,319.408,319.408,319.408,319.408,0.0,1644733859999,0.0000,0,0.0,0.0000,0
1644733860000,319.408,319.408,319.408,319.408,0.0,1644733919999,0.0000,0,0.0,0.0000,0
1644733920000,319.408,319.408,319.408,319.408,0.0,1644733979999,0.0000,0,0.0,0.0000,0
1644733980000,319.408,319.408,319.408,319.408,0.0,1644734039999,0.0000,0,0.0,0.0000,0
1644734040000,319.408,319.408,319.408,319.408,0.0,1644734099999,0.0000,0,0.0,0.0000,0
1644734100000,319.408,319.408,319.408,319.408,0.0,1644734159999,0.0000,0,0.0,0.0000,0
1644734160000,319.408,319.408,319.408,319.408,0.0,1644734219999,0.0000,0,0.0,0.0000,0
1644734220000,319.408,319.408,319.408,319.408,0.0,1644734279999,0.0000,0,0.0,0.0000,0
1644734280000,319.408,319.408,319.408,319.408,0.0,1644734339999,0.0000,0,0.0,0.0000,0
1644734340000,319.408,319.408,319.408,319.408,0.0,1644734399999,0.0000,0,0.0,0.0000,0
1644734400000,319.408,319.408,319.408,319.408,0.0,1644734459999,0.0000,0,0.0,0.0000,0
1644734460000,319.408,319.408,319.408,319.408,0.0,1644734519999,0.0000,0,0.0,0.0000,0
1644734520000,319.408,319.408,319.408,319.408,0.0,1644734579999,0.0000,0,0.0,0.0000,0
1644734580000,319.408,319.408,319.408,319.408,0.0,1644734639999,0.0000,0,0.0,0.0000,0
1644734640000,319.408,319.408,319.408,319.408,0.0,1644734699999,0.0000,0,0.0,0.0000,0
1644734700000,319.408,319.408,319.408,319.408,0.0,1644734759999,0.0000,0,0.0,0.0000,0
1644734760000,319.408,319.408,319.408,319.408,0.0,1644734819999,0.0000,0,0.0,0.0000,0
1644734820000,319.408,319.408,319.408,319.408,0.0,1644734879999,0.0000,0,0.0,0.0000,0
1644734880000,319.408,319.408,319.408,319.408,0.0,1644734939999,0.0000,0,0.0,0.0000,0
1644734940000,319.408,319.408,319.408,319.408,0.0,1644734999999,0.0000,0,0.0,0.0000,0
1644735000000,319.408,319.408,319.408,319.408,0.0,1644735059999,0.0000,0,0.0,0.0000,0
1644735060000,319.408,319.408,319.408,319.408,0.0,1644735119999,0.0000,0,0.0,0.0000,0
1644735120000,319.408,319.408,319.408,319.408,0.0,1644735179999,0.0000,0,0.0,0.0000,0
1644735180000,319.408,319.408,319.408,319.408,0.0,1644735239999,0.0000,0,0.0,0.0000,0
1644735240000,319.408,319.408,319.408,319.408,0.0,1644735299999,0.0000,0,0.0,0.0000,0
1644735300000,319.408,319.408,319.408,319.408,0.0,1644735359999,0.0000,0,0.0,0.0000,0
1644735360000,319.408,319.408,319.408,319.408,0.0,1644735419999,0.0000,0,0.0,0.0000,0
1644735420000,319.408,319.408,319.408,319.408,0.0,1644735479999,0.0000,0,0.0,0.0000,0
1644735480000,319.408,319.408,319.408,319.408,0.0,1644735539999,0.0000,0,0.0,0.0000,0
1644735540000,319.408,319.408,319.408,319.408,0.0,1644735599999,0.0000,0,0.0,0.0000,0
1644735600000,319.408,319.408,319.408,319.408,0.0,1644735659999,0.0000,0,0.0,0.0000,0
1644735660000,319.408,319.408,319.408,319.408,0.0,1644735719999,0.0000,0,0.0,0.0000,0
1644735720000,319.408,319.408,319.408,319.408,0.0,1644735779999,0.0000,0,0.0,0.0000,0
1644735780000,319.408,319.408,319.408,319.408,0.0,1644735839999,0.0000,0,0.0,0.0000,0
1644735840000,319.408,319.408,319.408,319.408,0.0,1644735899999,0.0000,0,0.0,0.0000,0
1644735900000,319.408,319.408,319.408,319.408,0.0,1644735959999,0.0000,0,0.0,0.0000,0
1644735960000,319.408,319.408,319.408,319.408,0.0,1644736019999,0.0000,0,0.0,0.0000,0
1644736020000,319.408,319.408,319.408,319.408,0.0,1644736079999,0.0000,0,0.0,0.0000,0
1644736080000,319.408,319.408,319.408,319.408,0.0,1644736139999,0.0000,0,0.0,0.0000,0
1644736140000,319.408,319.408,319.408,319.408,0.0,1644736199999,0.0000,0,0.0,0.0000,0
1644736200000,319.408,319.408,319.408,319.408,0.0,1644736259999,0.0000,0,0.0,0.0000,0
1644736260000,319.408,319.408,319.408,319.408,0.0,1644736319999,0.0000,0,0.0,0.0000,0
1644736320000,319.408,319.408,319.408,319.408,0.0,1644736379999,0.0000,0,0.0,0.0000,0
1644736380000,319.408,319.408,319.408,319.408,0.0,1644736439999,0.0000,0,0.0,0.0000,0
1644736440000,319.408,319.408,319.408,319.408,0.0,1644736499999,0.0000,0,0.0,0.0000,0
1644736500000,319.408,319.408,319.408,319.408,0.0,1644736559999,0.0000,0,0.0,0.0000,0
1644736560000,319.408,319.408,319.408,319.408,0.0,1644736619999,0.0000,0,0.0,0.0000,0
1644736620000,319.408,319.408,319.408,319.408,0.0,1644736679999,0.0000,0,0.0,0.0000,0
1644736680000,319.408,319.408,319.408,319.408,0.0,1644736739999,0.0000,0,0.0,0.0000,0
1644736740000,319.408,319.408,319.408,319.408,0.0,1644736799999,0.0000,0,0.0,0.0000,0
1644736800000,319.408,319.408,319.408,319.408,0.0,1644736859999,0.0000,0,0.0,0.0000,0
1644736860000,319.408,319.408,319.408,319.408,0.0,1644736919999,0.0000,0,0.0,0.0000,0
1644736920000,319.408,319.408,319.408,319.408,0.0,1644736979999,0.0000,0,0.0,0.0000,0
1644736980000,319.408,319.408,319.408,319.408,0.0,1644737039999,0.0000,0,0.0,0.0000,0
1644737040000,319.408,319.408,319.408,319.408,0.0,1644737099999,0.0000,0,0.0,0.0000,0
1644737100000,319.408,319.408,319.408,319.408,0.0,1644737159999,0.0000,0,0.0,0.0000,0
1644737160000,319.408,319.408,319.408,319.408,0.0,1644737219999,0.0000,0,0.0,0.0000,0
1644737220000,319.408,319.408,319.408,319.408,0.0,1644737279999,0.0000,0,0.0,0.0000,0
1644737280000,319.408,319.408,319.408,319.408,0.0,1644737339999,0.0000,0,0.0,0.0000,0
1644737340000,319.408,319.408,319.408,319.408,0.0,1644737399999,0.0000,0,0.0,0.0000,0
1644737400000,319.408,319.408,319.408,319.408,0.0,1644737459999,0.0000,0,0.0,0.0000,0
1644737460000,319.408,319.408,319.408,319.408,0.0,1644737519999,0.0000,0,0.0,0.0000,0
1644737520000,319.408,319.408,319.408,319.408,0.0,1644737579999,0.0000,0,0.0,0.0000,0
1644737580000,319.408,319.408,319.408,319.408,0.0,1644737639999,0.0000,0,0.0,0.0000,0
1644737640000,319.408,319.408,319.408,319.408,0.0,1644737699999,0.0000,0,0.0,0.0000,0
1644737700000,319.408,319.408,319.408,319.408,0.0,1644737759999,0.0000,0,0.0,0.0000,0
1644737760000,319.408,319.408,319.408,319.408,0.0,1644737819999,0.0000,0,0.0,0.0000,0
1644737820000,319.408,319.408,319.408,319.408,0.0,1644737879999,0.0000,0,0.0,0.0000,0
1644737880000,319.408,319.408,319.408,319.408,0.0,1644737939999,0.0000,0,0.0,0.0000,0
1644737940000,319.408,319.408,319.408,319.408,0.0,1644737999999,0.0000,0,0.0,0.0000,0
1644738000000,319.408,319.408,319.408,319.408,0.0,1644738059999,0.0000,0,0.0,0.0000,0
1644738060000,319.408,319.408,319.408,319.408,0.0,1644738119999,0.0000,0,0.0,0.0000,0
1644738120000,319.408,319.408,319.408,319.408,0.0,1644738179999,0.0000,0,0.0,0.0000,0
1644738180000,319.408,319.408,319.408,319.408,0.0,1644738239999,0.0000,0,0.0,0.0000,0
1644738240000,319.408,319.408,319.408,319.408,0.0,1644738299999,0.0000,0,0.0,0.0000,0
1644738300000,319.408,319.408,319.408,319.408,0.0,1644738359999,0.0000,0,0.0,0.0000,0
1644738360000,319.408,319.408,319.408,319.408,0.0,1644738419999,0.0000,0,0.0,0.0000,0
1644738420000,319.408,319.408,319.408,319.408,0.0,1644738479999,0.0000,0,0.0,0.0000,0
1644738480000,319.408,319.408,319.408,319.408,0.0,1644738539999,0.0000,0,0.0,0.0000,0
1644738540000,319.408,319.408,319.408,319.408,0.0,1644738599999,0.0000,0,0.0,0.0000,0
1644738600000,319.408,319.408,319.408,319.408,0.0,1644738659999,0.0000,0,0.0,0.0000,0
1644738660000,319.408,319.408,319.408,319.408,0.0,1644738719999,0.0000,0,0.0,0.0000,0
1644738720000,319.408,319.408,319.408,319.408,0.0,1644738779999,0.0000,0,0.0,0.0000,0
1644738780000,319.408,319.408,319.408,319.408,0.0,1644738839999,0.0000,0,0.0,0.0000,0
1644738840000,319.408,319.408,319.408,319.408,0.0,1644738899999,0.0000,0,0.0,0.0000,0
1644738900000,319.408,319.408,319.408,319.408,0.0,1644738959999,0.0000,0,0.0,0.0000,0
1644738960000,319.408,319.408,319.408,319.408,0.0,1644739019999,0.0000,0,0.0,0.0000,0
1644739020000,319.408,319.408,319.408,319.408,0.0,1644739079999,0.0000,0,0.0,0.0000,0
1644739080000,319.408,319.408,319.408,319.408,0.0,1644739139999,0.0000,0,0.0,0.0000,0
1644739140000,319.408,319.408,319.408,319.408,0.0,1644739199999,0.0000,0,0.0,0.0000,0
1644739200000,319.408,319.408,319.408,319.408,0.0,1644739259999,0.0000,0,0.0,0.0000,0
1644739260000,319.408,319.408,319.408,319.408,0.0,1644739319999,0.0000,0,0.0,0.0000,0
1644739320000,319.408,319.408,319.408,319.408,0.0,1644739379999,0.0000,0,0.0,0.0000,0
1644739380000,319.408,319.408,319.408,319.408,0.0,1644739439999,0.0000,0,0.0,0.0000,0
1644739440000,319.408,319.408,319.408,319.408,0.0,1644739499999,0.0000,0,0.0,0.0000,0
1644739500000,319.408,319.408,319.408,319.408,0.0,1644739559999,0.0000,0,0.0,0.0000,0
1644739560000,319.408,319.408,319.408,319.408,0.0,1644739619999,0.0000,0,0.0,0.0000,0
1644739620000,319.408,319.408,319.408,319.408,0.0,1644739679999,0.0000,0,0.0,0.0000,0
1644739680000,319.408,319.408,319.408,319.408,0.0,1644739739999,0.0000,0,0.0,0.0000,0
1644739740000,319.408,319.408,319.408,319.408,0.0,1644739799999,0.0000,0,0.0,0.0000,0
1644739800000,319.408,319.408,319.408,319.408,0.0,1644739859999,0.0000,0,0.0,0.0000,0
1644739860000,319.408,319.408,319.408,319.408,0.0,1644739919999,0.0000,0,0.0,0.0000,0
1644739920000,319.408,319.408,319.408,319.408,0.0,1644739979999,0.0000,0,0.0,0.0000,0
1644739980000,319.408,319.408,319.408,319.408,0.0,1644740039999,0.0000,0,0.0,0.0000,0
1644740040000,319.408,319.408,319.408,319.408,0.0,1644740099999,0.0000,0,0.0,0.0000,0
1644740100000,319.408,319.408,319.408,319.408,0.0,1644740159999,0.0000,0,0.0,0.0000,0
1644740160000,319.408,319.408,319.408,319.408,0.0,1644740219999,0.0000,0,0.0,0.0000,0
1644740220000,319.408,319.408,319.408,319.408,0.0,1644740279999,0.0000,0,0.0,0.0000,0
1644740280000,319.408,319.408,319.408,319.408,0.0,1644740339999,0.0000,0,0.0,0.0000,0
1644740340000,319.408,319.408,319.408,319.408,0.0,1644740399999,0.0000,0,0.0,0.0000,0
1644740400000,319.408,319.408,319.408,319.408,0.0,1644740459999,0.0000,0,0.0,0.0000,0
1644740460000,319.408,319.408,319.408,319.408,0.0,1644740519999,0.0000,0,0.0,0.0000,0
1644740520000,319.408,319.408,319.408,319.408,0.0,1644740579999,0.0000,0,0.0,0.0000,0
1644740580000,319.408,319.408,319.408,319.408,0.0,1644740639999,0.0000,0,0.0,0.0000,0
1644740640000,319.408,319.408,319.408,319.408,0.0,1644740699999,0.0000,0,0.0,0.0000,0
1644740700000,319.408,319.408,319.408,319.408,0.0,1644740759999,0.0000,0,0.0,0.0000,0
1644740760000,319.408,319.408,319.408,319.408,0.0,1644740819999,0.0000,0,0.0,0.0000,0
1644740820000,319.408,319.408,319.408,319.408,0.0,1644740879999,0.0000,0,0.0,0.0000,0
1644740880000,319.408,319.408,319.408,319.408,0.0,1644740939999,0.0000,0,0.0,0.0000,0
1644740940000,319.408,319.408,319.408,319.408,0.0,1644740999999,0.0000,0,0.0,0.0000,0
1644741000000,319.408,319.408,319.408,319.408,0.0,1644741059999,0.0000,0,0.0,0.0000,0
1644741060000,319.408,319.408,319.408,319.408,0.0,1644741119999,0.0000,0,0.0,0.0000,0
1644741120000,319.408,319.408,319.408,319.408,0.0,1644741179999,0.0000,0,0.0,0.0000,0
1644741180000,319.408,319.408,319.408,319.408,0.0,1644741239999,0.0000,0,0.0,0.0000,0
1644741240000,319.408,319.408,319.408,319.408,0.0,1644741299999,0.0000,0,0.0,0.0000,0
1644741300000,319.408,319.408,319.408,319.408,0.0,1644741359999,0.0000,0,0.0,0.0000,0
1644741360000,319.408,319.408,319.408,319.408,0.0,1644741419999,0.0000,0,0.0,0.0000,0
1644741420000,319.408,319.408,319.408,319.408,0.0,1644741479999,0.0000,0,0.0,0.0000,0
1644741480000,319.408,319.408,319.408,319.408,0.0,1644741539999,0.0000,0,0.0,0.0000,0
1644741540000,319.408,319.408,319.408,319.408,0.0,1644741599999,0.0000,0,0.0,0.0000,0
1644741600000,319.408,319.408,319.408,319.408,0.0,1644741659999,0.0000,0,0.0,0.0000,0
1644741660000,319.408,319.408,319.408,319.408,0.0,1644741719999,0.0000,0,0.0,0.0000,0
1644741720000,319.408,319.408,319.408,319.408,0.0,1644741779999,0.0000,0,0.0,0.0000,0
1644741780000,319.408,319.408,319.408,319.408,0.0,1644741839999,0.0000,0,0.0,0.0000,0
1644741840000,319.408,319.408,319.408,319.408,0.0,1644741899999,0.0000,0,0.0,0.0000,0
1644741900000,319.408,319.408,319.408,319.408,0.0,1644741959999,0.0000,0,0.0,0.0000,0
1644741960000,319.408,319.408,319.408,319.408,0.0,1644742019999,0.0000,0,0.0,0.0000,0
1644742020000,319.408,319.408,319.408,319.408,0.0,1644742079999,0.0000,0,0.0,0.0000,0
1644742080000,319.408,319.408,319.408,319.408,0.0,1644742139999,0.0000,0,0.0,0.0000,0
1644742140000,319.408,319.408,319.408,319.408,0.0,1644742199999,0.0000,0,0.0,0.0000,0
1644742200000,319.408,319.408,319.408,319.408,0.0,1644742259999,0.0000,0,0.0,0.0000,0
1644742260000,319.408,319.408,319.408,319.408,0.0,1644742319999,0.0000,0,0.0,0.0000,0
1644742320000,319.408,319.408,319.408,319.408,0.0,1644742379999,0.0000,0,0.0,0.0000,0
1644742380000,319.408,319.408,319.408,319.408,0.0,1644742439999,0.0000,0,0.0,0.0000,0
1644742440000,319.408,319.408,319.408,319.408,0.0,1644742499999,0.0000,0,0.0,0.0000,0
1644742500000,319.408,319.408,319.408,319.408,0.0,1644742559999,0.0000,0,0.0,0.0000,0
1644742560000,319.408,319.408,319.408,319.408,0.0,1644742619999,0.0000,0,0.0,0.0000,0
1644742620000,319.408,319.408,319.408,319.408,0.0,1644742679999,0.0000,0,0.0,0.0000,0
1644742680000,319.408,319.408,319.408,319.408,0.0,1644742739999,0.0000,0,0.0,0.0000,0
1644742740000,319.408,319.408,319.408,319.408,0.0,1644742799999,0.0000,0,0.0,0.0000,0
1644742800000,319.408,319.408,319.408,319.408,0.0,1644742859999,0.0000,0,0.0,0.0000,0
1644742860000,319.408,319.408,319.408,319.408,0.0,1644742919999,0.0000,0,0.0,0.0000,0
1644742920000,319.408,319.408,319.408,319.408,0.0,1644742979999,0.0000,0,0.0,0.0000,0
1644742980000,319.408,319.408,319.408,319.408,0.0,1644743039999,0.0000,0,0.0,0.0000,0
1644743040000,319.408,319.408,319.408,319.408,0.0,1644743099999,0.0000,0,0.0,0.0000,0
1644743100000,319.408,319.408,319.408,319.408,0.0,1644743159999,0.0000,0,0.0,0.0000,0
1644743160000,319.408,319.408,319.408,319.408,0.0,1644743219999,0.0000,0,0.0,0.0000,0
1644743220000,319.408,319.408,319.408,319.408,0.0,1644743279999,0.0000,0,0.0,0.0000,0
1644743280000,319.408,319.408,319.408,319.408,0.0,1644743339999,0.0000,0,0.0,0.0000,0
1644743340000,319.408,319.408,319.408,319.408,0.0,1644743399999,0.0000,0,0.0,0.0000,0
1644743400000,319.408,319.408,319.408,319.408,0.0,1644743459999,0.0000,0,0.0,0.0000,0
1644743460000,319.408,319.408,319.408,319.408,0.0,1644743519999,0.0000,0,0.0,0.0000,0
1644743520000,319.408,319.408,319.408,319.408,0.0,1644743579999,0.0000,0,0.0,0.0000,0
1644743580000,319.408,319.408,319.408,319.408,0.0,1644743639999,0.0000,0,0.0,0.0000,0
1644743640000,319.408,319.408,319.408,319.408,0.0,1644743699999,0.0000,0,0.0,0.0000,0
1644743700000,319.408,319.408,319.408,319.408,0.0,1644743759999,0.0000,0,0.0,0.0000,0
1644743760000,319.408,319.408,319.408,319.408,0.0,1644743819999,0.0000,0,0.0,0.0000,0
1644743820000,319.408,319.408,319.408,319.408,0.0,1644743879999,0.0000,0,0.0,0.0000,0
1644743880000,319.408,319.408,319.408,319.408,0.0,1644743939999,0.0000,0,0.0,0.0000,0
1644743940000,319.408,319.408,319.408,319.408,0.0,1644743999999,0.0000,0,0.0,0.0000,0
1644744000000,319.408,319.408,319.408,319.408,0.0,1644744059999,0.0000,0,0.0,0.0000,0
1644744060000,319.408,319.408,319.408,319.408,0.0,1644744119999,0.0000,0,0.0,0.0000,0
1644744120000,319.408,319.408,319.408,319.408,0.0,1644744179999,0.0000,0,0.0,0.0000,0
1644744180000,319.408,319.408,319.408,319.408,0.0,1644744239999,0.0000,0,0.0,0.0000,0
1644744240000,319.408,319.408,319.408,319.408,0.0,1644744299999,0.0000,0,0.0,0.0000,0
1644744300000,319.408,319.408,319.408,319.408,0.0,1644744359999,0.0000,0,0.0,0.0000,0
1644744360000,319.408,319.408,319.408,319.408,0.0,1644744419999,0.0000,0,0.0,0.0000,0
1644744420000,319.408,319.408,319.408,319.408,0.0,1644744479999,0.0000,0,0.0,0.0000,0
1644744480000,319.408,319.408,319.408,319.408,0.0,1644744539999,0.0000,0,0.0,0.0000,0
1644744540000,319.408,319.408,319.408,319.408,0.0,1644744599999,0.0000,0,0.0,0.0000,0
1644744600000,319.408,319.408,319.408,319.408,0.0,1644744659999,0.0000,0,0.0,0.0000,0
1644744660000,319.408,319.408,319.408,319.408,0.0,1644744719999,0.0000,0,0.0,0.0000,0
1644744720000,319.408,319.408,319.408,319.408,0.0,1644744779999,0.0000,0,0.0,0.0000,0
1644744780000,319.408,319.408,319.408,319.408,0.0,1644744839999,0.0000,0,0.0,0.0000,0
1644744840000,319.408,319.408,319.408,319.408,0.0,1644744899999,0.0000,0,0.0,0.0000,0
1644744900000,319.408,319.408,319.408,319.408,0.0,1644744959999,0.0000,0,0.0,0.0000,0
1644744960000,319.408,319.408,319.408,319.408,0.0,1644745019999,0.0000,0,0.0,0.0000,0
1644745020000,319.408,319.408,319.408,319.408,0.0,1644745079999,0.0000,0,0.0,0.0000,0
1644745080000,319.408,319.408,319.408,319.408,0.0,1644745139999,0.0000,0,0.0,0.0000,0
1644745140000,319.408,319.408,319.408,319.408,0.0,1644745199999,0.0000,0,0.0,0.0000,0
1644745200000,319.408,319.408,319.408,319.408,0.0,1644745259999,0.0000,0,0.0,0.0000,0
1644745260000,319.408,319.408,319.408,319.408,0.0,1644745319999,0.0000,0,0.0,0.0000,0
1644745320000,319.408,319.408,319.408,319.408,0.0,1644745379999,0.0000,0,0.0,0.0000,0
1644745380000,319.408,319.408,319.408,319.408,0.0,1644745439999,0.0000,0,0.0,0.0000,0
1644745440000,319.408,319.408,319.408,319.408,0.0,1644745499999,0.0000,0,0.0,0.0000,0
1644745500000,319.408,319.408,319.408,319.408,0.0,1644745559999,0.0000,0,0.0,0.0000,0
1644745560000,319.408,319.408,319.408,319.408,0.0,1644745619999,0.0000,0,0.0,0.0000,0
1644745620000,319.408,319.408,319.408,319.408,0.0,1644745679999,0.0000,0,0.0,0.0000,0
1644745680000,319.408,319.408,319.408,319.408,0.0,1644745739999,0.0000,0,0.0,0.0000,0
1644745740000,319.408,319.408,319.408,319.408,0.0,1644745799999,0.0000,0,0.0,0.0000,0
1644745800000,319.408,319.408,319.408,319.408,0.0,1644745859999,0.0000,0,0.0,0.0000,0
1644745860000,319.408,319.408,319.408,319.408,0.0,1644745919999,0.0000,0,0.0,0.0000,0
1644745920000,319.408,319.408,319.408,319.408,0.0,1644745979999,0.0000,0,0.0,0.0000,0
1644745980000,319.408,319.408,319.408,319.408,0.0,1644746039999,0.0000,0,0.0,0.0000,0
1644746040000,319.408,319.408,319.408,319.408,0.0,1644746099999,0.0000,0,0.0,0.0000,0
1644746100000,319.408,319.408,319.408,319.408,0.0,1644746159999,0.0000,0,0.0,0.0000,0
1644746160000,319.408,319.408,319.408,319.408,0.0,1644746219999,0.0000,0,0.0,0.0000,0
1644746220000,319.408,319.408,319.408,319.408,0.0,1644746279999,0.0000,0,0.0,0.0000,0
1644746280000,319.408,319.408,319.408,319.408,0.0,1644746339999,0.0000,0,0.0,0.0000,0
1644746340000,319.408,319.408,319.408,319.408,0.0,1644746399999,0.0000,0,0.0,0.0000,0
1644746400000,319.408,319.408,319.408,319.408,0.0,1644746459999,0.0000,0,0.0,0.0000,0
1644746460000,319.408,319.408,319.408,319.408,0.0,1644746519999,0.0000,0,0.0,0.0000,0
1644746520000,319.408,319.408,319.408,319.408,0.0,1644746579999,0.0000,0,0.0,0.0000,0
1644746580000,319.408,319.408,319.408,319.408,0.0,1644746639999,0.0000,0,0.0,0.0000,0
1644746640000,319.408,319.408,319.408,319.408,0.0,1644746699999,0.0000,0,0.0,0.0000,0
1644746700000,319.408,319.408,319.408,319.408,0.0,1644746759999,0.0000,0,0.0,0.0000,0
1644746760000,319.408,319.408,319.408,319.408,0.0,1644746819999,0.0000,0,0.0,0.0000,0
1644746820000,319.408,319.408,319.408,319.408,0.0,1644746879999,0.0000,0,0.0,0.0000,0
1644746880000,319.408,319.408,319.408,319.408,0.0,1644746939999,0.0000,0,0.0,0.0000,0
1644746940000,319.408,319.408,319.408,319.408,0.0,1644746999999,0.0000,0,0.0,0.0000,0
1644747000000,319.408,319.408,319.408,319.408,0.0,1644747059999,0.0000,0,0.0,0.0000,0
1644747060000,319.408,319.408,319.408,319.408,0.0,1644747119999,0.0000,0,0.0,0.0000,0
1644747120000,319.408,319.408,319.408,319.408,0.0,1644747179999,0.0000,0,0.0,0.0000,0
1644747180000,319.408,319.408,319.408,319.408,0.0,1644747239999,0.0000,0,0.0,0.0000,0
1644747240000,319.408,319.408,319.408,319.408,0.0,1644747299999,0.0000,0,0.0,0.0000,0
1644747300000,319.408,319.408,319.408,319.408,0.0,1644747359999,0.0000,0,0.0,0.0000,0
1644747360000,319.408,319.408,319.408,319.408,0.0,1644747419999,0.0000,0,0.0,0.0000,0
1644747420000,319.408,319.408,319.408,319.408,0.0,1644747479999,0.0000,0,0.0,0.0000,0
1644747480000,319.408,319.408,319.408,319.408,0.0,1644747539999,0.0000,0,0.0,0.0000,0
1644747540000,319.408,319.408,319.408,319.408,0.0,1644747599999,0.0000,0,0.0,0.0000,0
1644747600000,319.408,319.408,319.408,319.408,0.0,1644747659999,0.0000,0,0.0,0.0000,0
1644747660000,319.408,319.408,319.408,319.408,0.0,1644747719999,0.0000,0,0.0,0.0000,0
1644747720000,319.408,319.408,319.408,319.408,0.0,1644747779999,0.0000,0,0.0,0.0000,0
1644747780000,319.408,319.408,319.408,319.408,0.0,1644747839999,0.0000,0,0.0,0.0000,0
1644747840000,319.408,319.408,319.408,319.408,0.0,1644747899999,0.0000,0,0.0,0.0000,0
1644747900000,319.408,319.408,319.408,319.408,0.0,1644747959999,0.0000,0,0.0,0.0000,0
1644747960000,319.408,319.408,319.408,319.408,0.0,1644748019999,0.0000,0,0.0,0.0000,0
1644748020000,319.408,319.408,319.408,319.408,0.0,1644748079999,0.0000,0,0.0,0.0000,0
1644748080000,319.408,319.408,319.408,319.408,0.0,1644748139999,0.0000,0,0.0,0.0000,0
1644748140000,319.408,319.408,319.408,319.408,0.0,1644748199999,0.0000,0,0.0,0.0000,0
1644748200000,319.408,319.408,319.408,319.408,0.0,1644748259999,0.0000,0,0.0,0.0000,0
1644748260000,319.408,319.408,319.408,319.408,0.0,1644748319999,0.0000,0,0.0,0.0000,0
1644748320000,319.408,319.408,319.408,319.408,0.0,1644748379999,0.0000,0,0.0,0.0000,0
1644748380000,319.408,319.408,319.408,319.408,0.0,1644748439999,0.0000,0,0.0,0.0000,0
1644748440000,319.408,319.408,319.408,319.408,0.0,1644748499999,0.0000,0,0.0,0.0000,0
1644748500000,319.408,319.408,319.408,319.408,0.0,1644748559999,0.0000,0,0.0,0.0000,0
1644748560000,319.408,319.408,319.408,319.408,0.0,1644748619999,0.0000,0,0.0,0.0000,0
1644748620000,319.408,319.408,319.408,319.408,0.0,1644748679999,0.0000,0,0.0,0.0000,0
1644748680000,319.408,319.408,319.408,319.408,0.0,1644748739999,0.0000,0,0.0,0.0000,0
1644748740000,319.408,319.408,319.408,319.408,0.0,1644748799999,0.0000,0,0.0,0.0000,0
1644748800000,319.408,319.408,319.408,319.408,0.0,1644748859999,0.0000,0,0.0,0.0000,0
1644748860000,319.408,319.408,319.408,319.408,0.0,1644748919999,0.0000,0,0.0,0.0000,0
1644748920000,319.408,319.408,319.408,319.408,0.0,1644748979999,0.0000,0,0.0,0.0000,0
1644748980000,319.408,319.408,319.408,319.408,0.0,1644749039999,0.0000,0,0.0,0.0000,0
1644749040000,319.408,319.408,319.408,319.408,0.0,1644749099999,0.0000,0,0.0,0.0000,0
1644749100000,319.408,319.408,319.408,319.408,0.0,1644749159999,0.0000,0,0.0,0.0000,0
1644749160000,319.408,319.408,319.408,319.408,0.0,1644749219999,0.0000,0,0.0,0.0000,0
1644749220000,319.408,319.408,319.408,319.408,0.0,1644749279999,0.0000,0,0.0,0.0000,0
1644749280000,319.408,319.408,319.408,319.408,0.0,1644749339999,0.0000,0,0.0,0.0000,0
1644749340000,319.408,319.408,319.408,319.408,0.0,1644749399999,0.0000,0,0.0,0.0000,0
1644749400000,319.408,319.408,319.408,319.408,0.0,1644749459999,0.0000,0,0.0,0.0000,0
1644749460000,319.408,319.408,319.408,319.408,0.0,1644749519999,0.0000,0,0.0,0.0000,0
1644749520000,319.408,319.408,319.408,319.408,0.0,1644749579999,0.0000,0,0.0,0.0000,0
1644749580000,319.408,319.408,319.408,319.408,0.0,1644749639999,0.0000,0,0.0,0.0000,0
1644749640000,319.408,319.408,319.408,319.408,0.0,1644749699999,0.0000,0,0.0,0.0000,0
1644749700000,319.408,319.408,319.408,319.408,0.0,1644749759999,0.0000,0,0.0,0.0000,0
1644749760000,319.408,319.408,319.408,319.408,0.0,1644749819999,0.0000,0,0.0,0.0000,0
1644749820000,319.408,319.408,319.408,319.408,0.0,1644749879999,0.0000,0,0.0,0.0000,0
1644749880000,319.408,319.408,319.408,319.408,0.0,1644749939999,0.0000,0,0.0,0.0000,0
1644749940000,319.408,319.408,319.408,319.408,0.0,1644749999999,0.0000,0,0.0,0.0000,0
1644750000000,319.408,319.408,319.408,319.408,0.0,1644750059999,0.0000,0,0.0,0.0000,0
1644750060000,319.408,319.408,319.408,319.408,0.0,1644750119999,0.0000,0,0.0,0.0000,0
1644750120000,319.408,319.408,319.408,319.408,0.0,1644750179999,0.0000,0,0.0,0.0000,0
1644750180000,319.408,319.408,319.408,319.408,0.0,1644750239999,0.0000,0,0.0,0.0000,0
1644750240000,319.408,319.408,319.408,319.408,0.0,1644750299999,0.0000,0,0.0,0.0000,0
1644750300000,319.408,319.408,319.408,319.408,0.0,1644750359999,0.0000,0,0.0,0.0000,0
1644750360000,319.408,319.408,319.408,319.408,0.0,1644750419999,0.0000,0,0.0,0.0000,0
1644750420000,319.408,319.408,319.408,319.408,0.0,1644750479999,0.0000,0,0.0,0.0000,0
1644750480000,319.408,319.408,319.408,319.408,0.0,1644750539999,0.0000,0,0.0,0.0000,0
1644750540000,319.408,319.408,319.408,319.408,0.0,1644750599999,0.0000,0,0.0,0.0000,0
1644750600000,319.408,319.408,319.408,319.408,0.0,1644750659999,0.0000,0,0.0,0.0000,0
1644750660000,319.408,319.408,319.408,319.408,0.0,1644750719999,0.0000,0,0.0,0.0000,0
1644750720000,319.408,319.408,319.408,319.408,0.0,1644750779999,0.0000,0,0.0,0.0000,0
1644750780000,319.408,319.408,319.408,319.408,0.0,1644750839999,0.0000,0,0.0,0.0000,0
1644750840000,319.408,319.408,319.408,319.408,0.0,1644750899999,0.0000,0,0.0,0.0000,0
1644750900000,319.408,319.408,319.408,319.408,0.0,1644750959999,0.0000,0,0.0,0.0000,0
1644750960000,319.408,319.408,319.408,319.408,0.0,1644751019999,0.0000,0,0.0,0.0000,0
1644751020000,319.408,319.408,319.408,319.408,0.0,1644751079999,0.0000,0,0.0,0.0000,0
1644751080000,319.408,319.408,319.408,319.408,0.0,1644751139999,0.0000,0,0.0,0.0000,0
1644751140000,319.408,319.408,319.408,319.408,0.0,1644751199999,0.0000,0,0.0,0.0000,0
1644751200000,319.408,319.408,319.408,319.408,0.0,1644751259999,0.0000,0,0.0,0.0000,0
1644751260000,319.408,319.408,319.408,319.408,0.0,1644751319999,0.0000,0,0.0,0.0000,0
1644751320000,319.408,319.408,319.408,319.408,0.0,1644751379999,0.0000,0,0.0,0.0000,0
1644751380000,319.408,319.408,319.408,319.408,0.0,1644751439999,0.0000,0,0.0,0.0000,0
1644751440000,319.408,319.408,319.408,319.408,0.0,1644751499999,0.0000,0,0.0,0.0000,0
1644751500000,319.408,319.408,319.408,319.408,0.0,1644751559999,0.0000,0,0.0,0.0000,0
1644751560000,319.408,319.408,319.408,319.408,0.0,1644751619999,0.0000,0,0.0,0.0000,0
1644751620000,319.408,319.408,319.408,319.408,0.0,1644751679999,0.0000,0,0.0,0.0000,0
1644751680000,319.408,319.408,319.408,319.408,0.0,1644751739999,0.0000,0,0.0,0.0000,0
1644751740000,319.408,319.408,319.408,319.408,0.0,1644751799999,0.0000,0,0.0,0.0000,0
1644751800000,319.408,319.408,319.408,319.408,0.0,1644751859999,0.0000,0,0.0,0.0000,0
1644751860000,319.408,319.408,319.408,319.408,0.0,1644751919999,0.0000,0,0.0,0.0000,0
1644751920000,319.408,319.408,319.408,319.408,0.0,1644751979999,0.0000,0,0.0,0.0000,0
1644751980000,319.408,319.408,319.408,319.408,0.0,1644752039999,0.0000,0,0.0,0.0000,0
1644752040000,319.408,319.408,319.408,319.408,0.0,1644752099999,0.0000,0,0.0,0.0000,0
1644752100000,319.408,319.408,319.408,319.408,0.0,1644752159999,0.0000,0,0.0,0.0000,0
1644752160000,319.408,319.408,319.408,319.408,0.0,1644752219999,0.0000,0,0.0,0.0000,0
1644752220000,319.408,319.408,319.408,319.408,0.0,1644752279999,0.0000,0,0.0,0.0000,0
1644752280000,319.408,319.408,319.408,319.408,0.0,1644752339999,0.0000,0,0.0,0.0000,0
1644752340000,319.408,319.408,319.408,319.408,0.0,1644752399999,0.0000,0,0.0,0.0000,0
1644752400000,319.408,319.408,319.408,319.408,0.0,1644752459999,0.0000,0,0.0,0.0000,0
1644752460000,319.408,319.408,319.408,319.408,0.0,1644752519999,0.0000,0,0.0,0.0000,0
1644752520000,319.408,319.408,319.408,319.408,0.0,1644752579999,0.0000,0,0.0,0.0000,0
1644752580000,319.408,319.408,319.408,319.408,0.0,1644752639999,0.0000,0,0.0,0.0000,0
1644752640000,319.408,319.408,319.408,319.408,0.0,1644752699999,0.0000,0,0.0,0.0000,0
1644752700000,319.408,319.408,319.408,319.408,0.0,1644752759999,0.0000,0,0.0,0.0000,0
1644752760000,319.408,319.408,319.408,319.408,0.0,1644752819999,0.0000,0,0.0,0.0000,0
1644752820000,319.408,319.408,319.408,319.408,0.0,1644752879999,0.0000,0,0.0,0.0000,0
1644752880000,319.408,319.408,319.408,319.408,0.0,1644752939999,0.0000,0,0.0,0.0000,0
1644752940000,319.408,319.408,319.408,319.408,0.0,1644752999999,0.0000,0,0.0,0.0000,0
1644753000000,319.408,319.408,319.408,319.408,0.0,1644753059999,0.0000,0,0.0,0.0000,0
1644753060000,319.408,319.408,319.408,319.408,0.0,1644753119999,0.0000,0,0.0,0.0000,0
1644753120000,319.408,319.408,319.408,319.408,0.0,1644753179999,0.0000,0,0.0,0.0000,0
1644753180000,319.408,319.408,319.408,319.408,0.0,1644753239999,0.0000,0,0.0,0.0000,0
1644753240000,319.408,319.408,319.408,319.408,0.0,1644753299999,0.0000,0,0.0,0.0000,0
1644753300000,319.408,319.408,319.408,319.408,0.0,1644753359999,0.0000,0,0.0,0.0000,0
1644753360000,319.408,319.408,319.408,319.408,0.0,1644753419999,0.0000,0,0.0,0.0000,0
1644753420000,319.408,319.408,319.408,319.408,0.0,1644753479999,0.0000,0,0.0,0.0000,0
1644753480000,319.408,319.408,319.408,319.408,0.0,1644753539999,0.0000,0,0.0,0.0000,0
1644753540000,319.408,319.408,319.408,319.408,0.0,1644753599999,0.0000,0,0.0,0.0000,0
1644753600000,319.408,319.408,319.408,319.408,0.0,1644753659999,0.0000,0,0.0,0.0000,0
1644753660000,319.408,319.408,319.408,319.408,0.0,1644753719999,0.0000,0,0.0,0.0000,0
1644753720000,319.408,319.408,319.408,319.408,0.0,1644753779999,0.0000,0,0.0,0.0000,0
1644753780000,319.408,319.408,319.408,319.408,0.0,1644753839999,0.0000,0,0.0,0.0000,0
1644753840000,319.408,319.408,319.408,319.408,0.0,1644753899999,0.0000,0,0.0,0.0000,0
1644753900000,319.408,319.408,319.408,319.408,0.0,1644753959999,0.0000,0,0.0,0.0000,0
1644753960000,319.408,319.408,319.408,319.408,0.0,1644754019999,0.0000,0,0.0,0.0000,0
1644754020000,319.408,319.408,319.408,319.408,0.0,1644754079999,0.0000,0,0.0,0.0000,0
1644754080000,319.408,319.408,319.408,319.408,0.0,1644754139999,0.0000,0,0.0,0.0000,0
1644754140000,319.408,319.408,319.408,319.408,0.0,1644754199999,0.0000,0,0.0,0.0000,0
1644754200000,319.408,319.408,319.408,319.408,0.0,1644754259999,0.0000,0,0.0,0.0000,0
1644754260000,319.408,319.408,319.408,319.408,0.0,1644754319999,0.0000,0,0.0,0.0000,0
1644754320000,319.408,319.408,319.408,319.408,0.0,1644754379999,0.0000,0,0.0,0.0000,0
1644754380000,319.408,319.408,319.408,319.408,0.0,1644754439999,0.0000,0,0.0,0.0000,0
1644754440000,319.408,319.408,319.408,319.408,0.0,1644754499999,0.0000,0,0.0,0.0000,0
1644754500000,319.408,319.408,319.408,319.408,0.0,1644754559999,0.0000,0,0.0,0.0000,0
1644754560000,319.408,319.408,319.408,319.408,0.0,1644754619999,0.0000,0,0.0,0.0000,0
1644754620000,319.408,319.408,319.408,319.408,0.0,1644754679999,0.0000,0,0.0,0.0000,0
1644754680000,319.408,319.408,319.408,319.408,0.0,1644754739999,0.0000,0,0.0,0.0000,0
1644754740000,319.408,319.408,319.408,319.408,0.0,1644754799999,0.0000,0,0.0,0.0000,0
1644754800000,319.408,319.408,319.408,319.408,0.0,1644754859999,0.0000,0,0.0,0.0000,0
1644754860000,319.408,319.408,319.408,319.408,0.0,1644754919999,0.0000,0,0.0,0.0000,0
1644754920000,319.408,319.408,319.408,319.408,0.0,1644754979999,0.0000,0,0.0,0.0000,0
1644754980000,319.408,319.408,319.408,319.408,0.0,1644755039999,0.0000,0,0.0,0.0000,0
1644755040000,319.408,319.408,319.408,319.408,0.0,1644755099999,0.0000,0,0.0,0.0000,0
1644755100000,319.408,319.408,319.408,319.408,0.0,1644755159999,0.0000,0,0.0,0.0000,0
1644755160000,319.408,319.408,319.408,319.408,0.0,1644755219999,0.0000,0,0.0,0.0000,0
1644755220000,319.408,319.408,319.408,319.408,0.0,1644755279999,0.0000,0,0.0,0.0000,0
1644755280000,319.408,319.408,319.408,319.408,0.0,1644755339999,0.0000,0,0.0,0.0000,0
1644755340000,319.408,319.408,319.408,319.408,0.0,1644755399999,0.0000,0,0.0,0.0000,0
1644755400000,319.408,319.408,319.408,319.408,0.0,1644755459999,0.0000,0,0.0,0.0000,0
1644755460000,319.408,319.408,319.408,319.408,0.0,1644755519999,0.0000,0,0.0,0.0000,0
1644755520000,319.408,319.408,319.408,319.408,0.0,1644755579999,0.0000,0,0.0,0.0000,0
1644755580000,319.408,319.408,319.408,319.408,0.0,1644755639999,0.0000,0,0.0,0.0000,0
1644755640000,319.408,319.408,319.408,319.408,0.0,1644755699999,0.0000,0,0.0,0.0000,0
1644755700000,319.408,319.408,319.408,319.408,0.0,1644755759999,0.0000,0,0.0,0.0000,0
1644755760000,319.408,319.408,319.408,319.408,0.0,1644755819999,0.0000,0,0.0,0.0000,0
1644755820000,319.408,319.408,319.408,319.408,0.0,1644755879999,0.0000,0,0.0,0.0000,0
1644755880000,319.408,319.408,319.408,319.408,0.0,1644755939999,0.0000,0,0.0,0.0000,0
1644755940000,319.408,319.408,319.408,319.408,0.0,1644755999999,0.0000,0,0.0,0.0000,0
1644756000000,319.408,319.408,319.408,319.408,0.0,1644756059999,0.0000,0,0.0,0.0000,0
1644756060000,319.408,319.408,319.408,319.408,0.0,1644756119999,0.0000,0,0.0,0.0000,0
1644756120000,319.408,319.408,319.408,319.408,0.0,1644756179999,0.0000,0,0.0,0.0000,0
1644756180000,319.408,319.408,319.408,319.408,0.0,1644756239999,0.0000,0,0.0,0.0000,0
1644756240000,319.408,319.408,319.408,319.408,0.0,1644756299999,0.0000,0,0.0,0.0000,0
1644756300000,319.408,319.408,319.408,319.408,0.0,1644756359999,0.0000,0,0.0,0.0000,0
1644756360000,319.408,319.408,319.408,319.408,0.0,1644756419999,0.0000,0,0.0,0.0000,0
1644756420000,319.408,319.408,319.408,319.408,0.0,1644756479999,0.0000,0,0.0,0.0000,0
1644756480000,319.408,319.408,319.408,319.408,0.0,1644756539999,0.0000,0,0.0,0.0000,0
1644756540000,319.408,319.408,319.408,319.408,0.0,1644756599999,0.0000,0,0.0,0.0000,0
1644756600000,319.408,319.408,319.408,319.408,0.0,1644756659999,0.0000,0,0.0,0.0000,0
1644756660000,319.408,319.408,319.408,319.408,0.0,1644756719999,0.0000,0,0.0,0.0000,0
1644756720000,319.408,319.408,319.408,319.408,0.0,1644756779999,0.0000,0,0.0,0.0000,0
1644756780000,319.408,319.408,319.408,319.408,0.0,1644756839999,0.0000,0,0.0,0.0000,0
1644756840000,319.408,319.408,319.408,319.408,0.0,1644756899999,0.0000,0,0.0,0.0000,0
1644756900000,319.408,319.408,319.408,319.408,0.0,1644756959999,0.0000,0,0.0,0.0000,0
1644756960000,319.408,319.408,319.408,319.408,0.0,1644757019999,0.0000,0,0.0,0.0000,0
1644757020000,319.408,319.408,319.408,319.408,0.0,1644757079999,0.0000,0,0.0,0.0000,0
1644757080000,319.408,319.408,319.408,319.408,0.0,1644757139999,0.0000,0,0.0,0.0000,0
1644757140000,319.408,319.408,319.408,319.408,0.0,1644757199999,0.0000,0,0.0,0.0000,0
1644757200000,319.408,319.408,319.408,319.408,0.0,1644757259999,0.0000,0,0.0,0.0000,0
1644757260000,319.408,319.408,319.408,319.408,0.0,1644757319999,0.0000,0,0.0,0.0000,0
1644757320000,319.408,319.408,319.408,319.408,0.0,1644757379999,0.0000,0,0.0,0.0000,0
1644757380000,319.408,319.408,319.408,319.408,0.0,1644757439999,0.0000,0,0.0,0.0000,0
1644757440000,319.408,319.408,319.408,319.408,0.0,1644757499999,0.0000,0,0.0,0.0000,0
1644757500000,319.408,319.408,319.408,319.408,0.0,1644757559999,0.0000,0,0.0,0.0000,0
1644757560000,319.408,319.408,319.408,319.408,0.0,1644757619999,0.0000,0,0.0,0.0000,0
1644757620000,319.408,319.408,319.408,319.408,0.0,1644757679999,0.0000,0,0.0,0.0000,0
1644757680000,319.408,319.408,319.408,319.408,0.0,1644757739999,0.0000,0,0.0,0.0000,0
1644757740000,319.408,319.408,319.408,319.408,0.0,1644757799999,0.0000,0,0.0,0.0000,0
1644757800000,319.408,319.408,319.408,319.408,0.0,1644757859999,0.0000,0,0.0,0.0000,0
1644757860000,319.408,319.408,319.408,319.408,0.0,1644757919999,0.0000,0,0.0,0.0000,0
1644757920000,319.408,319.408,319.408,319.408,0.0,1644757979999,0.0000,0,0.0,0.0000,0
1644757980000,319.408,319.408,319.408,319.408,0.0,1644758039999,0.0000,0,0.0,0.0000,0
1644758040000,319.408,319.408,319.408,319.408,0.0,1644758099999,0.0000,0,0.0,0.0000,0
1644758100000,319.408,319.408,319.408,319.408,0.0,1644758159999,0.0000,0,0.0,0.0000,0
1644758160000,319.408,319.408,319.408,319.408,0.0,1644758219999,0.0000,0,0.0,0.0000,0
1644758220000,319.408,319.408,319.408,319.408,0.0,1644758279999,0.0000,0,0.0,0.0000,0
1644758280000,319.408,319.408,319.408,319.408,0.0,1644758339999,0.0000,0,0.0,0.0000,0
1644758340000,319.408,319.408,319.408,319.408,0.0,1644758399999,0.0000,0,0.0,0.0000,0
1644758400000,319.408,319.408,319.408,319.408,0.0,1644758459999,0.0000,0,0.0,0.0000,0
1644758460000,319.408,319.408,319.408,319.408,0.0,1644758519999,0.0000,0,0.0,0.0000,0
1644758520000,319.408,319.408,319.408,319.408,0.0,1644758579999,0.0000,0,0.0,0.0000,0
1644758580000,319.408,319.408,319.408,319.408,0.0,1644758639999,0.0000,0,0.0,0.0000,0
1644758640000,319.408,319.408,319.408,319.408,0.0,1644758699999,0.0000,0,0.0,0.0000,0
1644758700000,319.408,319.408,319.408,319.408,0.0,1644758759999,0.0000,0,0.0,0.0000,0
1644758760000,319.408,319.408,319.408,319.408,0.0,1644758819999,0.0000,0,0.0,0.0000,0
1644758820000,319.408,319.408,319.408,319.408,0.0,1644758879999,0.0000,0,0.0,0.0000,0
1644758880000,319.408,319.408,319.408,319.408,0.0,1644758939999,0.0000,0,0.0,0.0000,0
1644758940000,319.408,319.408,319.408,319.408,0.0,1644758999999,0.0000,0,0.0,0.0000,0
1644759000000,319.408,319.408,319.408,319.408,0.0,1644759059999,0.0000,0,0.0,0.0000,0
1644759060000,319.408,319.408,319.408,319.408,0.0,1644759119999,0.0000,0,0.0,0.0000,0
1644759120000,319.408,319.408,319.408,319.408,0.0,1644759179999,0.0000,0,0.0,0.0000,0
1644759180000,319.408,319.408,319.408,319.408,0.0,1644759239999,0.0000,0,0.0,0.0000,0
1644759240000,319.408,319.408,319.408,319.408,0.0,1644759299999,0.0000,0,0.0,0.0000,0
1644759300000,319.408,319.408,319.408,319.408,0.0,1644759359999,0.0000,0,0.0,0.0000,0
1644759360000,319.408,319.408,319.408,319.408,0.0,1644759419999,0.0000,0,0.0,0.0000,0
1644759420000,319.408,319.408,319.408,319.408,0.0,1644759479999,0.0000,0,0.0,0.0000,0
1644759480000,319.408,319.408,319.408,319.408,0.0,1644759539999,0.0000,0,0.0,0.0000,0
1644759540000,319.408,319.408,319.408,319.408,0.0,1644759599999,0.0000,0,0.0,0.0000,0
1644759600000,319.408,319.408,319.408,319.408,0.0,1644759659999,0.0000,0,0.0,0.0000,0
1644759660000,319.408,319.408,319.408,319.408,0.0,1644759719999,0.0000,0,0.0,0.0000,0
1644759720000,319.408,319.408,319.408,319.408,0.0,1644759779999,0.0000,0,0.0,0.0000,0
1644759780000,319.408,319.408,319.408,319.408,0.0,1644759839999,0.0000,0,0.0,0.0000,0
1644759840000,319.408,319.408,319.408,319.408,0.0,1644759899999,0.0000,0,0.0,0.0000,0
1644759900000,319.408,319.408,319.408,319.408,0.0,1644759959999,0.0000,0,0.0,0.0000,0
1644759960000,319.408,319.408,319.408,319.408,0.0,1644760019999,0.0000,0,0.0,0.0000,0
1644760020000,319.408,319.408,319.408,319.408,0.0,1644760079999,0.0000,0,0.0,0.0000,0
1644760080000,319.408,319.408,319.408,319.408,0.0,1644760139999,0.0000,0,0.0,0.0000,0
1644760140000,319.408,319.408,319.408,319.408,0.0,1644760199999,0.0000,0,0.0,0.0000,0
1644760200000,319.408,319.408,319.408,319.408,0.0,1644760259999,0.0000,0,0.0,0.0000,0
1644760260000,319.408,319.408,319.408,319.408,0.0,1644760319999,0.0000,0,0.0,0.0000,0
1644760320000,319.408,319.408,319.408,319.408,0.0,1644760379999,0.0000,0,0.0,0.0000,0
1644760380000,319.408,319.408,319.408,319.408,0.0,1644760439999,0.0000,0,0.0,0.0000,0
1644760440000,319.408,319.408,319.408,319.408,0.0,1644760499999,0.0000,0,0.0,0.0000,0
1644760500000,319.408,319.408,319.408,319.408,0.0,1644760559999,0.0000,0,0.0,0.0000,0
1644760560000,319.408,319.408,319.408,319.408,0.0,1644760619999,0.0000,0,0.0,0.0000,0
1644760620000,319.408,319.408,319.408,319.408,0.0,1644760679999,0.0000,0,0.0,0.0000,0
1644760680000,319.408,319.408,319.408,319.408,0.0,1644760739999,0.0000,0,0.0,0.0000,0
1644760740000,319.408,319.408,319.408,319.408,0.0,1644760799999,0.0000,0,0.0,0.0000,0
1644760800000,319.408,319.408,319.408,319.408,0.0,1644760859999,0.0000,0,0.0,0.0000,0
1644760860000,319.408,319.408,319.408,319.408,0.0,1644760919999,0.0000,0,0.0,0.0000,0
1644760920000,319.408,319.408,319.408,319.408,0.0,1644760979999,0.0000,0,0.0,0.0000,0
1644760980000,319.408,319.408,319.408,319.408,0.0,1644761039999,0.0000,0,0.0,0.0000,0
1644761040000,319.408,319.408,319.408,319.408,0.0,1644761099999,0.0000,0,0.0,0.0000,0
1644761100000,319.408,319.408,319.408,319.408,0.0,1644761159999,0.0000,0,0.0,0.0000,0
1644761160000,319.408,319.408,319.408,319.408,0.0,1644761219999,0.0000,0,0.0,0.0000,0
1644761220000,319.408,319.408,319.408,319.408,0.0,1644761279999,0.0000,0,0.0,0.0000,0
1644761280000,319.408,319.408,319.408,319.408,0.0,1644761339999,0.0000,0,0.0,0.0000,0
1644761340000,319.408,319.408,319.408,319.408,0.0,1644761399999,0.0000,0,0.0,0.0000,0
1644761400000,319.408,319.408,319.408,319.408,0.0,1644761459999,0.0000,0,0.0,0.0000,0
1644761460000,319.408,319.408,319.408,319.408,0.0,1644761519999,0.0000,0,0.0,0.0000,0
1644761520000,319.408,319.408,319.408,319.408,0.0,1644761579999,0.0000,0,0.0,0.0000,0
1644761580000,319.408,319.408,319.408,319.408,0.0,1644761639999,0.0000,0,0.0,0.0000,0
1644761640000,319.408,319.408,319.408,319.408,0.0,1644761699999,0.0000,0,0.0,0.0000,0
1644761700000,319.408,319.408,319.408,319.408,0.0,1644761759999,0.0000,0,0.0,0.0000,0
1644761760000,319.408,319.408,319.408,319.408,0.0,1644761819999,0.0000,0,0.0,0.0000,0
1644761820000,319.408,319.408,319.408,319.408,0.0,1644761879999,0.0000,0,0.0,0.0000,0
1644761880000,319.408,319.408,319.408,319.408,0.0,1644761939999,0.0000,0,0.0,0.0000,0
1644761940000,319.408,319.408,319.408,319.408,0.0,1644761999999,0.0000,0,0.0,0.0000,0
1644762000000,319.408,319.408,319.408,319.408,0.0,1644762059999,0.0000,0,0.0,0.0000,0
1644762060000,319.408,319.408,319.408,319.408,0.0,1644762119999,0.0000,0,0.0,0.0000,0
1644762120000,319.408,319.408,319.408,319.408,0.0,1644762179999,0.0000,0,0.0,0.0000,0
1644762180000,319.408,319.408,319.408,319.408,0.0,1644762239999,0.0000,0,0.0,0.0000,0
1644762240000,319.408,319.408,319.408,319.408,0.0,1644762299999,0.0000,0,0.0,0.0000,0
1644762300000,319.408,319.408,319.408,319.408,0.0,1644762359999,0.0000,0,0.0,0.0000,0
1644762360000,319.408,319.408,319.408,319.408,0.0,1644762419999,0.0000,0,0.0,0.0000,0
1644762420000,319.408,319.408,319.408,319.408,0.0,1644762479999,0.0000,0,0.0,0.0000,0
1644762480000,319.408,319.408,319.408,319.408,0.0,1644762539999,0.0000,0,0.0,0.0000,0
1644762540000,319.408,319.408,319.408,319.408,0.0,1644762599999,0.0000,0,0.0,0.0000,0
1644762600000,319.408,319.408,319.408,319.408,0.0,1644762659999,0.0000,0,0.0,0.0000,0
1644762660000,319.408,319.408,319.408,319.408,0.0,1644762719999,0.0000,0,0.0,0.0000,0
1644762720000,319.408,319.408,319.408,319.408,0.0,1644762779999,0.0000,0,0.0,0.0000,0
1644762780000,319.408,319.408,319.408,319.408,0.0,1644762839999,0.0000,0,0.0,0.0000,0
1644762840000,319.408,319.408,319.408,319.408,0.0,1644762899999,0.0000,0,0.0,0.0000,0
1644762900000,319.408,319.408,319.408,319.408,0.0,1644762959999,0.0000,0,0.0,0.0000,0
1644762960000,319.408,319.408,319.408,319.408,0.0,1644763019999,0.0000,0,0.0,0.0000,0
1644763020000,319.408,319.408,319.408,319.408,0.0,1644763079999,0.0000,0,0.0,0.0000,0
1644763080000,319.408,319.408,319.408,319.408,0.0,1644763139999,0.0000,0,0.0,0.0000,0
1644763140000,319.408,319.408,319.408,319.408,0.0,1644763199999,0.0000,0,0.0,0.0000,0
1644763200000,319.408,319.408,319.408,319.408,0.0,1644763259999,0.0000,0,0.0,0.0000,0
1644763260000,319.408,319.408,319.408,319.408,0.0,1644763319999,0.0000,0,0.0,0.0000,0
1644763320000,319.408,319.408,319.408,319.408,0.0,1644763379999,0.0000,0,0.0,0.0000,0
1644763380000,319.408,319.408,319.408,319.408,0.0,1644763439999,0.0000,0,0.0,0.0000,0
1644763440000,319.408,319.408,319.408,319.408,0.0,1644763499999,0.0000,0,0.0,0.0000,0
1644763500000,319.408,319.408,319.408,319.408,0.0,1644763559999,0.0000,0,0.0,0.0000,0
1644763560000,319.408,319.408,319.408,319.408,0.0,1644763619999,0.0000,0,0.0,0.0000,0
1644763620000,319.408,319.408,319.408,319.408,0.0,1644763679999,0.0000,0,0.0,0.0000,0
1644763680000,319.408,319.408,319.408,319.408,0.0,1644763739999,0.0000,0,0.0,0.0000,0
1644763740000,319.408,319.408,319.408,319.408,0.0,1644763799999,0.0000,0,0.0,0.0000,0
1644763800000,319.408,319.408,319.408,319.408,0.0,1644763859999,0.0000,0,0.0,0.0000,0
1644763860000,319.408,319.408,319.408,319.408,0.0,1644763919999,0.0000,0,0.0,0.0000,0
1644763920000,319.408,319.408,319.408,319.408,0.0,1644763979999,0.0000,0,0.0,0.0000,0
1644763980000,319.408,319.408,319.408,319.408,0.0,1644764039999,0.0000,0,0.0,0.0000,0
1644764040000,319.408,319.408,319.408,319.408,0.0,1644764099999,0.0000,0,0.0,0.0000,0
1644764100000,319.408,319.408,319.408,319.408,0.0,1644764159999,0.0000,0,0.0,0.0000,0
1644764160000,319.408,319.408,319.408,319.408,0.0,1644764219999,0.0000,0,0.0,0.0000,0
1644764220000,319.408,319.408,319.408,319.408,0.0,1644764279999,0.0000,0,0.0,0.0000,0
1644764280000,319.408,319.408,319.408,319.408,0.0,1644764339999,0.0000,0,0.0,0.0000,0
1644764340000,319.408,319.408,319.408,319.408,0.0,1644764399999,0.0000,0,0.0,0.0000,0
1644764400000,319.408,319.408,319.408,319.408,0.0,1644764459999,0.0000,0,0.0,0.0000,0
1644764460000,319.408,319.408,319.408,319.408,0.0,1644764519999,0.0000,0,0.0,0.0000,0
1644764520000,319.408,319.408,319.408,319.408,0.0,1644764579999,0.0000,0,0.0,0.0000,0
1644764580000,319.408,319.408,319.408,319.408,0.0,1644764639999,0.0000,0,0.0,0.0000,0
1644764640000,319.408,319.408,319.408,319.408,0.0,1644764699999,0.0000,0,0.0,0.0000,0
1644764700000,319.408,319.408,319.408,319.408,0.0,1644764759999,0.0000,0,0.0,0.0000,0
1644764760000,319.408,319.408,319.408,319.408,0.0,1644764819999,0.0000,0,0.0,0.0000,0
1644764820000,319.408,319.408,319.408,319.408,0.0,1644764879999,0.0000,0,0.0,0.0000,0
1644764880000,319.408,319.408,319.408,319.408,0.0,1644764939999,0.0000,0,0.0,0.0000,0
1644764940000,319.408,319.408,319.408,319.408,0.0,1644764999999,0.0000,0,0.0,0.0000,0
1644765000000,319.408,319.408,319.408,319.408,0.0,1644765059999,0.0000,0,0.0,0.0000,0
1644765060000,319.408,319.408,319.408,319.408,0.0,1644765119999,0.0000,0,0.0,0.0000,0
1644765120000,319.408,319.408,319.408,319.408,0.0,1644765179999,0.0000,0,0.0,0.0000,0
1644765180000,319.408,319.408,319.408,319.408,0.0,1644765239999,0.0000,0,0.0,0.0000,0
1644765240000,319.408,319.408,319.408,319.408,0.0,1644765299999,0.0000,0,0.0,0.0000,0
1644765300000,319.408,319.408,319.408,319.408,0.0,1644765359999,0.0000,0,0.0,0.0000,0
1644765360000,319.408,319.408,319.408,319.408,0.0,1644765419999,0.0000,0,0.0,0.0000,0
1644765420000,319.408,319.408,319.408,319.408,0.0,1644765479999,0.0000,0,0.0,0.0000,0
1644765480000,319.408,319.408,319.408,319.408,0.0,1644765539999,0.0000,0,0.0,0.0000,0
1644765540000,319.408,319.408,319.408,319.408,0.0,1644765599999,0.0000,0,0.0,0.0000,0
1644765600000,319.408,319.408,319.408,319.408,0.0,1644765659999,0.0000,0,0.0,0.0000,0
1644765660000,319.408,319.408,319.408,319.408,0.0,1644765719999,0.0000,0,0.0,0.0000,0
1644765720000,319.408,319.408,319.408,319.408,0.0,1644765779999,0.0000,0,0.0,0.0000,0
1644765780000,319.408,319.408,319.408,319.408,0.0,1644765839999,0.0000,0,0.0,0.0000,0
1644765840000,319.408,319.408,319.408,319.408,0.0,1644765899999,0.0000,0,0.0,0.0000,0
1644765900000,319.408,319.408,319.408,319.408,0.0,1644765959999,0.0000,0,0.0,0.0000,0
1644765960000,319.408,319.408,319.408,319.408,0.0,1644766019999,0.0000,0,0.0,0.0000,0
1644766020000,319.408,319.408,319.408,319.408,0.0,1644766079999,0.0000,0,0.0,0.0000,0
1644766080000,319.408,319.408,319.408,319.408,0.0,1644766139999,0.0000,0,0.0,0.0000,0
1644766140000,319.408,319.408,319.408,319.408,0.0,1644766199999,0.0000,0,0.0,0.0000,0
1644766200000,319.408,319.408,319.408,319.408,0.0,1644766259999,0.0000,0,0.0,0.0000,0
1644766260000,319.408,319.408,319.408,319.408,0.0,1644766319999,0.0000,0,0.0,0.0000,0
1644766320000,319.408,319.408,319.408,319.408,0.0,1644766379999,0.0000,0,0.0,0.0000,0
1644766380000,319.408,319.408,319.408,319.408,0.0,1644766439999,0.0000,0,0.0,0.0000,0
1644766440000,319.408,319.408,319.408,319.408,0.0,1644766499999,0.0000,0,0.0,0.0000,0
1644766500000,319.408,319.408,319.408,319.408,0.0,1644766559999,0.0000,0,0.0,0.0000,0
1644766560000,319.408,319.408,319.408,319.408,0.0,1644766619999,0.0000,0,0.0,0.0000,0
1644766620000,319.408,319.408,319.408,319.408,0.0,1644766679999,0.0000,0,0.0,0.0000,0
1644766680000,319.408,319.408,319.408,319.408,0.0,1644766739999,0.0000,0,0.0,0.0000,0
1644766740000,319.408,319.408,319.408,319.408,0.0,1644766799999,0.0000,0,0.0,0.0000,0
1644766800000,319.408,319.408,319.408,319.408,0.0,1644766859999,0.0000,0,0.0,0.0000,0
1644766860000,319.408,319.408,319.408,319.408,0.0,1644766919999,0.0000,0,0.0,0.0000,0
1644766920000,319.408,319.408,319.408,319.408,0.0,1644766979999,0.0000,0,0.0,0.0000,0
1644766980000,319.408,319.408,319.408,319.408,0.0,1644767039999,0.0000,0,0.0,0.0000,0
1644767040000,319.408,319.408,319.408,319.408,0.0,1644767099999,0.0000,0,0.0,0.0000,0
1644767100000,319.408,319.408,319.408,319.408,0.0,1644767159999,0.0000,0,0.0,0.0000,0
1644767160000,319.408,319.408,319.408,319.408,0.0,1644767219999,0.0000,0,0.0,0.0000,0
1644767220000,319.408,319.408,319.408,319.408,0.0,1644767279999,0.0000,0,0.0,0.0000,0
1644767280000,319.408,319.408,319.408,319.408,0.0,1644767339999,0.0000,0,0.0,0.0000,0
1644767340000,319.408,319.408,319.408,319.408,0.0,1644767399999,0.0000,0,0.0,0.0000,0
1644767400000,319.408,319.408,319.408,319.408,0.0,1644767459999,0.0000,0,0.0,0.0000,0
1644767460000,319.408,319.408,319.408,319.408,0.0,1644767519999,0.0000,0,0.0,0.0000,0
1644767520000,319.408,319.408,319.408,319.408,0.0,1644767579999,0.0000,0,0.0,0.0000,0
1644767580000,319.408,319.408,319.408,319.408,0.0,1644767639999,0.0000,0,0.0,0.0000,0
1644767640000,319.408,319.408,319.408,319.408,0.0,1644767699999,0.0000,0,0.0,0.0000,0
1644767700000,319.408,319.408,319.408,319.408,0.0,1644767759999,0.0000,0,0.0,0.0000,0
1644767760000,319.408,319.408,319.408,319.408,0.0,1644767819999,0.0000,0,0.0,0.0000,0
1644767820000,319.408,319.408,319.408,319.408,0.0,1644767879999,0.0000,0,0.0,0.0000,0
1644767880000,319.408,319.408,319.408,319.408,0.0,1644767939999,0.0000,0,0.0,0.0000,0
1644767940000,319.408,319.408,319.408,319.408,0.0,1644767999999,0.0000,0,0.0,0.0000,0
1644768000000,319.408,319.408,319.408,319.408,0.0,1644768059999,0.0000,0,0.0,0.0000,0
1644768060000,319.408,319.408,319.408,319.408,0.0,1644768119999,0.0000,0,0.0,0.0000,0
1644768120000,319.408,319.408,319.408,319.408,0.0,1644768179999,0.0000,0,0.0,0.0000,0
1644768180000,319.408,319.408,319.408,319.408,0.0,1644768239999,0.0000,0,0.0,0.0000,0
1644768240000,319.408,319.408,319.408,319.408,0.0,1644768299999,0.0000,0,0.0,0.0000,0
1644768300000,319.408,319.408,319.408,319.408,0.0,1644768359999,0.0000,0,0.0,0.0000,0
1644768360000,319.408,319.408,319.408,319.408,0.0,1644768419999,0.0000,0,0.0,0.0000,0
1644768420000,319.408,319.408,319.408,319.408,0.0,1644768479999,0.0000,0,0.0,0.0000,0
1644768480000,319.408,319.408,319.408,319.408,0.0,1644768539999,0.0000,0,0.0,0.0000,0
1644768540000,319.408,319.408,319.408,319.408,0.0,1644768599999,0.0000,0,0.0,0.0000,0
1644768600000,319.408,319.408,319.408,319.408,0.0,1644768659999,0.0000,0,0.0,0.0000,0
1644768660000,319.408,319.408,319.408,319.408,0.0,1644768719999,0.0000,0,0.0,0.0000,0
1644768720000,319.408,319.408,319.408,319.408,0.0,1644768779999,0.0000,0,0.0,0.0000,0
1644768780000,319.408,319.408,319.408,319.408,0.0,1644768839999,0.0000,0,0.0,0.0000,0
1644768840000,319.408,319.408,319.408,319.408,0.0,1644768899999,0.0000,0,0.0,0.0000,0
1644768900000,319.408,319.408,319.408,319.408,0.0,1644768959999,0.0000,0,0.0,0.0000,0
1644768960000,319.408,319.408,319.408,319.408,0.0,1644769019999,0.0000,0,0.0,0.0000,0
1644769020000,319.408,319.408,319.408,319.408,0.0,1644769079999,0.0000,0,0.0,0.0000,0
1644769080000,319.408,319.408,319.408,319.408,0.0,1644769139999,0.0000,0,0.0,0.0000,0
1644769140000,319.408,319.408,319.408,319.408,0.0,1644769199999,0.0000,0,0.0,0.0000,0
1644769200000,319.408,319.408,319.408,319.408,0.0,1644769259999,0.0000,0,0.0,0.0000,0
1644769260000,319.408,319.408,319.408,319.408,0.0,1644769319999,0.0000,0,0.0,0.0000,0
1644769320000,319.408,319.408,319.408,319.408,0.0,1644769379999,0.0000,0,0.0,0.0000,0
1644769380000,319.408,319.408,319.408,319.408,0.0,1644769439999,0.0000,0,0.0,0.0000,0
1644769440000,319.408,319.408,319.408,319.408,0.0,1644769499999,0.0000,0,0.0,0.0000,0
1644769500000,319.408,319.408,319.408,319.408,0.0,1644769559999,0.0000,0,0.0,0.0000,0
1644769560000,319.408,319.408,319.408,319.408,0.0,1644769619999,0.0000,0,0.0,0.0000,0
1644769620000,319.408,319.408,319.408,319.408,0.0,1644769679999,0.0000,0,0.0,0.0000,0
1644769680000,319.408,319.408,319.408,319.408,0.0,1644769739999,0.0000,0,0.0,0.0000,0
1644769740000,319.408,319.408,319.408,319.408,0.0,1644769799999,0.0000,0,0.0,0.0000,0
1644769800000,319.408,319.408,319.408,319.408,0.0,1644769859999,0.0000,0,0.0,0.0000,0
1644769860000,319.408,319.408,319.408,319.408,0.0,1644769919999,0.0000,0,0.0,0.0000,0
1644769920000,319.408,319.408,319.408,319.408,0.0,1644769979999,0.0000,0,0.0,0.0000,0
1644769980000,319.408,319.408,319.408,319.408,0.0,1644770039999,0.0000,0,0.0,0.0000,0
1644770040000,319.408,319.408,319.408,319.408,0.0,1644770099999,0.0000,0,0.0,0.0000,0
1644770100000,319.408,319.408,319.408,319.408,0.0,1644770159999,0.0000,0,0.0,0.0000,0
1644770160000,319.408,319.408,319.408,319.408,0.0,1644770219999,0.0000,0,0.0,0.0000,0
1644770220000,319.408,319.408,319.408,319.408,0.0,1644770279999,0.0000,0,0.0,0.0000,0
1644770280000,319.408,319.408,319.408,319.408,0.0,1644770339999,0.0000,0,0.0,0.0000,0
1644770340000,319.408,319.408,319.408,319.408,0.0,1644770399999,0.0000,0,0.0,0.0000,0
1644770400000,319.408,319.408,319.408,319.408,0.0,1644770459999,0.0000,0,0.0,0.0000,0
1644770460000,319.408,319.408,319.408,319.408,0.0,1644770519999,0.0000,0,0.0,0.0000,0
1644770520000,319.408,319.408,319.408,319.408,0.0,1644770579999,0.0000,0,0.0,0.0000,0
1644770580000,319.408,319.408,319.408,319.408,0.0,1644770639999,0.0000,0,0.0,0.0000,0
1644770640000,319.408,319.408,319.408,319.408,0.0,1644770699999,0.0000,0,0.0,0.0000,0
1644770700000,319.408,319.408,319.408,319.408,0.0,1644770759999,0.0000,0,0.0,0.0000,0
1644770760000,319.408,319.408,319.408,319.408,0.0,1644770819999,0.0000,0,0.0,0.0000,0
1644770820000,319.408,319.408,319.408,319.408,0.0,1644770879999,0.0000,0,0.0,0.0000,0
1644770880000,319.408,319.408,319.408,319.408,0.0,1644770939999,0.0000,0,0.0,0.0000,0
1644770940000,319.408,319.408,319.408,319.408,0.0,1644770999999,0.0000,0,0.0,0.0000,0
1644771000000,319.408,319.408,319.408,319.408,0.0,1644771059999,0.0000,0,0.0,0.0000,0
1644771060000,319.408,319.408,319.408,319.408,0.0,1644771119999,0.0000,0,0.0,0.0000,0
1644771120000,319.408,319.408,319.408,319.408,0.0,1644771179999,0.0000,0,0.0,0.0000,0
1644771180000,319.408,319.408,319.408,319.408,0.0,1644771239999,0.0000,0,0.0,0.0000,0
1644771240000,319.408,319.408,319.408,319.408,0.0,1644771299999,0.0000,0,0.0,0.0000,0
1644771300000,319.408,319.408,319.408,319.408,0.0,1644771359999,0.0000,0,0.0,0.0000,0
1644771360000,319.408,319.408,319.408,319.408,0.0,1644771419999,0.0000,0,0.0,0.0000,0
1644771420000,319.408,319.408,319.408,319.408,0.0,1644771479999,0.0000,0,0.0,0.0000,0
1644771480000,319.408,319.408,319.408,319.408,0.0,1644771539999,0.0000,0,0.0,0.0000,0
1644771540000,319.408,319.408,319.408,319.408,0.0,1644771599999,0.0000,0,0.0,0.0000,0
1644771600000,319.408,319.408,319.408,319.408,0.0,1644771659999,0.0000,0,0.0,0.0000,0
1644771660000,319.408,319.408,319.408,319.408,0.0,1644771719999,0.0000,0,0.0,0.0000,0
1644771720000,319.408,319.408,319.408,319.408,0.0,1644771779999,0.0000,0,0.0,0.0000,0
1644771780000,319.408,319.408,319.408,319.408,0.0,1644771839999,0.0000,0,0.0,0.0000,0
1644771840000,319.408,319.408,319.408,319.408,0.0,1644771899999,0.0000,0,0.0,0.0000,0
1644771900000,319.408,319.408,319.408,319.408,0.0,1644771959999,0.0000,0,0.0,0.0000,0
1644771960000,319.408,319.408,319.408,319.408,0.0,1644772019999,0.0000,0,0.0,0.0000,0
1644772020000,319.408,319.408,319.408,319.408,0.0,1644772079999,0.0000,0,0.0,0.0000,0
1644772080000,319.408,319.408,319.408,319.408,0.0,1644772139999,0.0000,0,0.0,0.0000,0
1644772140000,319.408,319.408,319.408,319.408,0.0,1644772199999,0.0000,0,0.0,0.0000,0
1644772200000,319.408,319.408,319.408,319.408,0.0,1644772259999,0.0000,0,0.0,0.0000,0
1644772260000,319.408,319.408,319.408,319.408,0.0,1644772319999,0.0000,0,0.0,0.0000,0
1644772320000,319.408,319.408,319.408,319.408,0.0,1644772379999,0.0000,0,0.0,0.0000,0
1644772380000,319.408,319.408,319.408,319.408,0.0,1644772439999,0.0000,0,0.0,0.0000,0
1644772440000,319.408,319.408,319.408,319.408,0.0,1644772499999,0.0000,0,0.0,0.0000,0
1644772500000,319.408,319.408,319.408,319.408,0.0,1644772559999,0.0000,0,0.0,0.0000,0
1644772560000,319.408,319.408,319.408,319.408,0.0,1644772619999,0.0000,0,0.0,0.0000,0
1644772620000,319.408,319.408,319.408,319.408,0.0,1644772679999,0.0000,0,0.0,0.0000,0
1644772680000,319.408,319.408,319.408,319.408,0.0,1644772739999,0.0000,0,0.0,0.0000,0
1644772740000,319.408,319.408,319.408,319.408,0.0,1644772799999,0.0000,0,0.0,0.0000,0
1644772800000,319.408,319.408,319.408,319.408,0.0,1644772859999,0.0000,0,0.0,0.0000,0
1644772860000,319.408,319.408,319.408,319.408,0.0,1644772919999,0.0000,0,0.0,0.0000,0
1644772920000,319.408,319.408,319.408,319.408,0.0,1644772979999,0.0000,0,0.0,0.0000,0
1644772980000,319.408,319.408,319.408,319.408,0.0,1644773039999,0.0000,0,0.0,0.0000,0
1644773040000,319.408,319.408,319.408,319.408,0.0,1644773099999,0.0000,0,0.0,0.0000,0
1644773100000,319.408,319.408,319.408,319.408,0.0,1644773159999,0.0000,0,0.0,0.0000,0
1644773160000,319.408,319.408,319.408,319.408,0.0,1644773219999,0.0000,0,0.0,0.0000,0
1644773220000,319.408,319.408,319.408,319.408,0.0,1644773279999,0.0000,0,0.0,0.0000,0
1644773280000,319.408,319.408,319.408,319.408,0.0,1644773339999,0.0000,0,0.0,0.0000,0
1644773340000,319.408,319.408,319.408,319.408,0.0,1644773399999,0.0000,0,0.0,0.0000,0
1644773400000,319.408,319.408,319.408,319.408,0.0,1644773459999,0.0000,0,0.0,0.0000,0
1644773460000,319.408,319.408,319.408,319.408,0.0,1644773519999,0.0000,0,0.0,0.0000,0
1644773520000,319.408,319.408,319.408,319.408,0.0,1644773579999,0.0000,0,0.0,0.0000,0
1644773580000,319.408,319.408,319.408,319.408,0.0,1644773639999,0.0000,0,0.0,0.0000,0
1644773640000,319.408,319.408,319.408,319.408,0.0,1644773699999,0.0000,0,0.0,0.0000,0
1644773700000,319.408,319.408,319.408,319.408,0.0,1644773759999,0.0000,0,0.0,0.0000,0
1644773760000,319.408,319.408,319.408,319.408,0.0,1644773819999,0.0000,0,0.0,0.0000,0
1644773820000,319.408,319.408,319.408,319.408,0.0,1644773879999,0.0000,0,0.0,0.0000,0
1644773880000,319.408,319.408,319.408,319.408,0.0,1644773939999,0.0000,0,0.0,0.0000,0
1644773940000,319.408,319.408,319.408,319.408,0.0,1644773999999,0.0000,0,0.0,0.0000,0
1644774000000,319.408,319.408,319.408,319.408,0.0,1644774059999,0.0000,0,0.0,0.0000,0
1644774060000,319.408,319.408,319.408,319.408,0.0,1644774119999,0.0000,0,0.0,0.0000,0
1644774120000,319.408,319.408,319.408,319.408,0.0,1644774179999,0.0000,0,0.0,0.0000,0
1644774180000,319.408,319.408,319.408,319.408,0.0,1644774239999,0.0000,0,0.0,0.0000,0
1644774240000,319.408,319.408,319.408,319.408,0.0,1644774299999,0.0000,0,0.0,0.0000,0
1644774300000,319.408,319.408,319.408,319.408,0.0,1644774359999,0.0000,0,0.0,0.0000,0
1644774360000,319.408,319.408,319.408,319.408,0.0,1644774419999,0.0000,0,0.0,0.0000,0
1644774420000,319.408,319.408,319.408,319.408,0.0,1644774479999,0.0000,0,0.0,0.0000,0
1644774480000,319.408,319.408,319.408,319.408,0.0,1644774539999,0.0000,0,0.0,0.0000,0
1644774540000,319.408,319.408,319.408,319.408,0.0,1644774599999,0.0000,0,0.0,0.0000,0
1644774600000,319.408,319.408,319.408,319.408,0.0,1644774659999,0.0000,0,0.0,0.0000,0
1644774660000,319.408,319.408,319.408,319.408,0.0,1644774719999,0.0000,0,0.0,0.0000,0
1644774720000,319.408,319.408,319.408,319.408,0.0,1644774779999,0.0000,0,0.0,0.0000,0
1644774780000,319.408,319.408,319.408,319.408,0.0,1644774839999,0.0000,0,0.0,0.0000,0
1644774840000,319.408,319.408,319.408,319.408,0.0,1644774899999,0.0000,0,0.0,0.0000,0
1644774900000,319.408,319.408,319.408,319.408,0.0,1644774959999,0.0000,0,0.0,0.0000,0
1644774960000,319.408,319.408,319.408,319.408,0.0,1644775019999,0.0000,0,0.0,0.0000,0
1644775020000,319.408,319.408,319.408,319.408,0.0,1644775079999,0.0000,0,0.0,0.0000,0
1644775080000,319.408,319.408,319.408,319.408,0.0,1644775139999,0.0000,0,0.0,0.0000,0
1644775140000,319.408,319.408,319.408,319.408,0.0,1644775199999,0.0000,0,0.0,0.0000,0
1644775200000,319.408,319.408,319.408,319.408,0.0,1644775259999,0.0000,0,0.0,0.0000,0
1644775260000,319.408,319.408,319.408,319.408,0.0,1644775319999,0.0000,0,0.0,0.0000,0
1644775320000,319.408,319.408,319.408,319.408,0.0,1644775379999,0.0000,0,0.0,0.0000,0
1644775380000,319.408,319.408,319.408,319.408,0.0,1644775439999,0.0000,0,0.0,0.0000,0
1644775440000,319.408,319.408,319.408,319.408,0.0,1644775499999,0.0000,0,0.0,0.0000,0
1644775500000,319.408,319.408,319.408,319.408,0.0,1644775559999,0.0000,0,0.0,0.0000,0
1644775560000,319.408,319.408,319.408,319.408,0.0,1644775619999,0.0000,0,0.0,0.0000,0
1644775620000,319.408,319.408,319.408,319.408,0.0,1644775679999,0.0000,0,0.0,0.0000,0
1644775680000,319.408,319.408,319.408,319.408,0.0,1644775739999,0.0000,0,0.0,0.0000,0
1644775740000,319.408,319.408,319.408,319.408,0.0,1644775799999,0.0000,0,0.0,0.0000,0
1644775800000,319.408,319.408,319.408,319.408,0.0,1644775859999,0.0000,0,0.0,0.0000,0
1644775860000,319.408,319.408,319.408,319.408,0.0,1644775919999,0.0000,0,0.0,0.0000,0
1644775920000,319.408,319.408,319.408,319.408,0.0,1644775979999,0.0000,0,0.0,0.0000,0
1644775980000,319.408,319.408,319.408,319.408,0.0,1644776039999,0.0000,0,0.0,0.0000,0
1644776040000,319.408,319.408,319.408,319.408,0.0,1644776099999,0.0000,0,0.0,0.0000,0
1644776100000,319.408,319.408,319.408,319.408,0.0,1644776159999,0.0000,0,0.0,0.0000,0
1644776160000,319.408,319.408,319.408,319.408,0.0,1644776219999,0.0000,0,0.0,0.0000,0
1644776220000,319.408,319.408,319.408,319.408,0.0,1644776279999,0.0000,0,0.0,0.0000,0
1644776280000,319.408,319.408,319.408,319.408,0.0,1644776339999,0.0000,0,0.0,0.0000,0
1644776340000,319.408,319.408,319.408,319.408,0.0,1644776399999,0.0000,0,0.0,0.0000,0
1644776400000,319.408,319.408,319.408,319.408,0.0,1644776459999,0.0000,0,0.0,0.0000,0
1644776460000,319.408,319.408,319.408,319.408,0.0,1644776519999,0.0000,0,0.0,0.0000,0
1644776520000,319.408,319.408,319.408,319.408,0.0,1644776579999,0.0000,0,0.0,0.0000,0
1644776580000,319.408,319.408,319.408,319.408,0.0,1644776639999,0.0000,0,0.0,0.0000,0
1644776640000,319.408,319.408,319.408,319.408,0.0,1644776699999,0.0000,0,0.0,0.0000,0
1644776700000,319.408,319.408,319.408,319.408,0.0,1644776759999,0.0000,0,0.0,0.0000,0
1644776760000,319.408,319.408,319.408,319.408,0.0,1644776819999,0.0000,0,0.0,0.0000,0
1644776820000,319.408,319.408,319.408,319.408,0.0,1644776879999,0.0000,0,0.0,0.0000,0
1644776880000,319.408,319.408,319.408,319.408,0.0,1644776939999,0.0000,0,0.0,0.0000,0
1644776940000,319.408,319.408,319.408,319.408,0.0,1644776999999,0.0000,0,0.0,0.0000,0
1644777000000,319.408,319.408,319.408,319.408,0.0,1644777059999,0.0000,0,0.0,0.0000,0
1644777060000,319.408,319.408,319.408,319.408,0.0,1644777119999,0.0000,0,0.0,0.0000,0
1644777120000,319.408,319.408,319.408,319.408,0.0,1644777179999,0.0000,0,0.0,0.0000,0
1644777180000,319.408,319.408,319.408,319.408,0.0,1644777239999,0.0000,0,0.0,0.0000,0
1644777240000,319.408,319.408,319.408,319.408,0.0,1644777299999,0.0000,0,0.0,0.0000,0
1644777300000,319.408,319.408,319.408,319.408,0.0,1644777359999,0.0000,0,0.0,0.0000,0
1644777360000,319.408,319.408,319.408,319.408,0.0,1644777419999,0.0000,0,0.0,0.0000,0
1644777420000,319.408,319.408,319.408,319.408,0.0,1644777479999,0.0000,0,0.0,0.0000,0
1644777480000,319.408,319.408,319.408,319.408,0.0,1644777539999,0.0000,0,0.0,0.0000,0
1644777540000,319.408,319.408,319.408,319.408,0.0,1644777599999,0.0000,0,0.0,0.0000,0
1644777600000,319.408,319.408,319.408,319.408,0.0,1644777659999,0.0000,0,0.0,0.0000,0
1644777660000,319.408,319.408,319.408,319.408,0.0,1644777719999,0.0000,0,0.0,0.0000,0
1644777720000,319.408,319.408,319.408,319.408,0.0,1644777779999,0.0000,0,0.0,0.0000,0
1644777780000,319.408,319.408,319.408,319.408,0.0,1644777839999,0.0000,0,0.0,0.0000,0
1644777840000,319.408,319.408,319.408,319.408,0.0,1644777899999,0.0000,0,0.0,0.0000,0
1644777900000,319.408,319.408,319.408,319.408,0.0,1644777959999,0.0000,0,0.0,0.0000,0
1644777960000,319.408,319.408,319.408,319.408,0.0,1644778019999,0.0000,0,0.0,0.0000,0
1644778020000,319.408,319.408,319.408,319.408,0.0,1644778079999,0.0000,0,0.0,0.0000,0
1644778080000,319.408,319.408,319.408,319.408,0.0,1644778139999,0.0000,0,0.0,0.0000,0
1644778140000,319.408,319.408,319.408,319.408,0.0,1644778199999,0.0000,0,0.0,0.0000,0
1644778200000,319.408,319.408,319.408,319.408,0.0,1644778259999,0.0000,0,0.0,0.0000,0
1644778260000,319.408,319.408,319.408,319.408,0.0,1644778319999,0.0000,0,0.0,0.0000,0
1644778320000,319.408,319.408,319.408,319.408,0.0,1644778379999,0.0000,0,0.0,0.0000,0
1644778380000,319.408,319.408,319.408,319.408,0.0,1644778439999,0.0000,0,0.0,0.0000,0
1644778440000,319.408,319.408,319.408,319.408,0.0,1644778499999,0.0000,0,0.0,0.0000,0
1644778500000,319.408,319.408,319.408,319.408,0.0,1644778559999,0.0000,0,0.0,0.0000,0
1644778560000,319.408,319.408,319.408,319.408,0.0,1644778619999,0.0000,0,0.0,0.0000,0
1644778620000,319.408,319.408,319.408,319.408,0.0,1644778679999,0.0000,0,0.0,0.0000,0
1644778680000,319.408,319.408,319.408,319.408,0.0,1644778739999,0.0000,0,0.0,0.0000,0
1644778740000,319.408,319.408,319.408,319.408,0.0,1644778799999,0.0000,0,0.0,0.0000,0
1644778800000,319.408,319.408,319.408,319.408,0.0,1644778859999,0.0000,0,0.0,0.0000,0
1644778860000,319.408,319.408,319.408,319.408,0.0,1644778919999,0.0000,0,0.0,0.0000,0
1644778920000,319.408,319.408,319.408,319.408,0.0,1644778979999,0.0000,0,0.0,0.0000,0
1644778980000,319.408,319.408,319.408,319.408,0.0,1644779039999,0.0000,0,0.0,0.0000,0
1644779040000,319.408,319.408,319.408,319.408,0.0,1644779099999,0.0000,0,0.0,0.0000,0
1644779100000,319.408,319.408,319.408,319.408,0.0,1644779159999,0.0000,0,0.0,0.0000,0
1644779160000,319.408,319.408,319.408,319.408,0.0,1644779219999,0.0000,0,0.0,0.0000,0
1644779220000,319.408,319.408,319.408,319.408,0.0,1644779279999,0.0000,0,0.0,0.0000,0
1644779280000,319.408,319.408,319.408,319.408,0.0,1644779339999,0.0000,0,0.0,0.0000,0
1644779340000,319.408,319.408,319.408,319.408,0.0,1644779399999,0.0000,0,0.0,0.0000,0
1644779400000,319.408,319.408,319.408,319.408,0.0,1644779459999,0.0000,0,0.0,0.0000,0
1644779460000,319.408,319.408,319.408,319.408,0.0,1644779519999,0.0000,0,0.0,0.0000,0
1644779520000,319.408,319.408,319.408,319.408,0.0,1644779579999,0.0000,0,0.0,0.0000,0
1644779580000,319.408,319.408,319.408,319.408,0.0,1644779639999,0.0000,0,0.0,0.0000,0
1644779640000,319.408,319.408,319.408,319.408,0.0,1644779699999,0.0000,0,0.0,0.0000,0
1644779700000,319.408,319.408,319.408,319.408,0.0,1644779759999,0.0000,0,0.0,0.0000,0
1644779760000,319.408,319.408,319.408,319.408,0.0,1644779819999,0.0000,0,0.0,0.0000,0
1644779820000,319.408,319.408,319.408,319.408,0.0,1644779879999,0.0000,0,0.0,0.0000,0
1644779880000,319.408,319.408,319.408,319.408,0.0,1644779939999,0.0000,0,0.0,0.0000,0
1644779940000,319.408,319.408,319.408,319.408,0.0,1644779999999,0.0000,0,0.0,0.0000,0
1644780000000,319.408,319.408,319.408,319.408,0.0,1644780059999,0.0000,0,0.0,0.0000,0
1644780060000,319.408,319.408,319.408,319.408,0.0,1644780119999,0.0000,0,0.0,0.0000,0
1644780120000,319.408,319.408,319.408,319.408,0.0,1644780179999,0.0000,0,0.0,0.0000,0
1644780180000,319.408,319.408,319.408,319.408,0.0,1644780239999,0.0000,0,0.0,0.0000,0
1644780240000,319.408,319.408,319.408,319.408,0.0,1644780299999,0.0000,0,0.0,0.0000,0
1644780300000,319.408,319.408,319.408,319.408,0.0,1644780359999,0.0000,0,0.0,0.0000,0
1644780360000,319.408,319.408,319.408,319.408,0.0,1644780419999,0.0000,0,0.0,0.0000,0
1644780420000,319.408,319.408,319.408,319.408,0.0,1644780479999,0.0000,0,0.0,0.0000,0
1644780480000,319.408,319.408,319.408,319.408,0.0,1644780539999,0.0000,0,0.0,0.0000,0
1644780540000,319.408,319.408,319.408,319.408,0.0,1644780599999,0.0000,0,0.0,0.0000,0
1644780600000,319.408,319.408,319.408,319.408,0.0,1644780659999,0.0000,0,0.0,0.0000,0
1644780660000,319.408,319.408,319.408,319.408,0.0,1644780719999,0.0000,0,0.0,0.0000,0
1644780720000,319.408,319.408,319.408,319.408,0.0,1644780779999,0.0000,0,0.0,0.0000,0
1644780780000,319.408,319.408,319.408,319.408,0.0,1644780839999,0.0000,0,0.0,0.0000,0
1644780840000,319.408,319.408,319.408,319.408,0.0,1644780899999,0.0000,0,0.0,0.0000,0
1644780900000,319.408,319.408,319.408,319.408,0.0,1644780959999,0.0000,0,0.0,0.0000,0
1644780960000,319.408,319.408,319.408,319.408,0.0,1644781019999,0.0000,0,0.0,0.0000,0
1644781020000,319.408,319.408,319.408,319.408,0.0,1644781079999,0.0000,0,0.0,0.0000,0
1644781080000,319.408,319.408,319.408,319.408,0.0,1644781139999,0.0000,0,0.0,0.0000,0
1644781140000,319.408,319.408,319.408,319.408,0.0,1644781199999,0.0000,0,0.0,0.0000,0
1644781200000,319.408,319.408,319.408,319.408,0.0,1644781259999,0.0000,0,0.0,0.0000,0
1644781260000,319.408,319.408,319.408,319.408,0.0,1644781319999,0.0000,0,0.0,0.0000,0
1644781320000,319.408,319.408,319.408,319.408,0.0,1644781379999,0.0000,0,0.0,0.0000,0
1644781380000,319.408,319.408,319.408,319.408,0.0,1644781439999,0.0000,0,0.0,0.0000,0
1644781440000,319.408,319.408,319.408,319.408,0.0,1644781499999,0.0000,0,0.0,0.0000,0
1644781500000,319.408,319.408,319.408,319.408,0.0,1644781559999,0.0000,0,0.0,0.0000,0
1644781560000,319.408,319.408,319.408,319.408,0.0,1644781619999,0.0000,0,0.0,0.0000,0
1644781620000,319.408,319.408,319.408,319.408,0.0,1644781679999,0.0000,0,0.0,0.0000,0
1644781680000,319.408,319.408,319.408,319.408,0.0,1644781739999,0.0000,0,0.0,0.0000,0
1644781740000,319.408,319.408,319.408,319.408,0.0,1644781799999,0.0000,0,0.0,0.0000,0
1644781800000,319.408,319.408,319.408,319.408,0.0,1644781859999,0.0000,0,0.0,0.0000,0
1644781860000,319.408,319.408,319.408,319.408,0.0,1644781919999,0.0000,0,0.0,0.0000,0
1644781920000,319.408,319.408,319.408,319.408,0.0,1644781979999,0.0000,0,0.0,0.0000,0
1644781980000,319.408,319.408,319.408,319.408,0.0,1644782039999,0.0000,0,0.0,0.0000,0
1644782040000,319.408,319.408,319.408,319.408,0.0,1644782099999,0.0000,0,0.0,0.0000,0
1644782100000,319.408,319.408,319.408,319.408,0.0,1644782159999,0.0000,0,0.0,0.0000,0
1644782160000,319.408,319.408,319.408,319.408,0.0,1644782219999,0.0000,0,0.0,0.0000,0
1644782220000,319.408,319.408,319.408,319.408,0.0,1644782279999,0.0000,0,0.0,0.0000,0
1644782280000,319.408,319.408,319.408,319.408,0.0,1644782339999,0.0000,0,0.0,0.0000,0
1644782340000,319.408,319.408,319.408,319.408,0.0,1644782399999,0.0000,0,0.0,0.0000,0
1644782400000,319.408,319.408,319.408,319.408,0.0,1644782459999,0.0000,0,0.0,0.0000,0
1644782460000,319.408,319.408,319.408,319.408,0.0,1644782519999,0.0000,0,0.0,0.0000,0
1644782520000,319.408,319.408,319.408,319.408,0.0,1644782579999,0.0000,0,0.0,0.0000,0
1644782580000,319.408,319.408,319.408,319.408,0.0,1644782639999,0.0000,0,0.0,0.0000,0
1644782640000,319.408,319.408,319.408,319.408,0.0,1644782699999,0.0000,0,0.0,0.0000,0
1644782700000,319.408,319.408,319.408,319.408,0.0,1644782759999,0.0000,0,0.0,0.0000,0
1644782760000,319.408,319.408,319.408,319.408,0.0,1644782819999,0.0000,0,0.0,0.0000,0
1644782820000,319.408,319.408,319.408,319.408,0.0,1644782879999,0.0000,0,0.0,0.0000,0
1644782880000,319.408,319.408,319.408,319.408,0.0,1644782939999,0.0000,0,0.0,0.0000,0
1644782940000,319.408,319.408,319.408,319.408,0.0,1644782999999,0.0000,0,0.0,0.0000,0
1644783000000,319.408,319.408,319.408,319.408,0.0,1644783059999,0.0000,0,0.0,0.0000,0
1644783060000,319.408,319.408,319.408,319.408,0.0,1644783119999,0.0000,0,0.0,0.0000,0
1644783120000,319.408,319.408,319.408,319.408,0.0,1644783179999,0.0000,0,0.0,0.0000,0
1644783180000,319.408,319.408,319.408,319.408,0.0,1644783239999,0.0000,0,0.0,0.0000,0
1644783240000,319.408,319.408,319.408,319.408,0.0,1644783299999,0.0000,0,0.0,0.0000,0
1644783300000,319.408,319.408,319.408,319.408,0.0,1644783359999,0.0000,0,0.0,0.0000,0
1644783360000,319.408,319.408,319.408,319.408,0.0,1644783419999,0.0000,0,0.0,0.0000,0
1644783420000,319.408,319.408,319.408,319.408,0.0,1644783479999,0.0000,0,0.0,0.0000,0
1644783480000,319.408,319.408,319.408,319.408,0.0,1644783539999,0.0000,0,0.0,0.0000,0
1644783540000,319.408,319.408,319.408,319.408,0.0,1644783599999,0.0000,0,0.0,0.0000,0
1644783600000,319.408,319.408,319.408,319.408,0.0,1644783659999,0.0000,0,0.0,0.0000,0
1644783660000,319.408,319.408,319.408,319.408,0.0,1644783719999,0.0000,0,0.0,0.0000,0
1644783720000,319.408,319.408,319.408,319.408,0.0,1644783779999,0.0000,0,0.0,0.0000,0
1644783780000,319.408,319.408,319.408,319.408,0.0,1644783839999,0.0000,0,0.0,0.0000,0
1644783840000,319.408,319.408,319.408,319.408,0.0,1644783899999,0.0000,0,0.0,0.0000,0
1644783900000,319.408,319.408,319.408,319.408,0.0,1644783959999,0.0000,0,0.0,0.0000,0
1644783960000,319.408,319.408,319.408,319.408,0.0,1644784019999,0.0000,0,0.0,0.0000,0
1644784020000,319.408,319.408,319.408,319.408,0.0,1644784079999,0.0000,0,0.0,0.0000,0
1644784080000,319.408,319.408,319.408,319.408,0.0,1644784139999,0.0000,0,0.0,0.0000,0
1644784140000,319.408,319.408,319.408,319.408,0.0,1644784199999,0.0000,0,0.0,0.0000,0
1644784200000,319.408,319.408,319.408,319.408,0.0,1644784259999,0.0000,0,0.0,0.0000,0
1644784260000,319.408,319.408,319.408,319.408,0.0,1644784319999,0.0000,0,0.0,0.0000,0
1644784320000,319.408,319.408,319.408,319.408,0.0,1644784379999,0.0000,0,0.0,0.0000,0
1644784380000,319.408,319.408,319.408,319.408,0.0,1644784439999,0.0000,0,0.0,0.0000,0
1644784440000,319.408,319.408,319.408,319.408,0.0,1644784499999,0.0000,0,0.0,0.0000,0
1644784500000,319.408,319.408,319.408,319.408,0.0,1644784559999,0.0000,0,0.0,0.0000,0
1644784560000,319.408,319.408,319.408,319.408,0.0,1644784619999,0.0000,0,0.0,0.0000,0
1644784620000,319.408,319.408,319.408,319.408,0.0,1644784679999,0.0000,0,0.0,0.0000,0
1644784680000,319.408,319.408,319.408,319.408,0.0,1644784739999,0.0000,0,0.0,0.0000,0
1644784740000,319.408,319.408,319.408,319.408,0.0,1644784799999,0.0000,0,0.0,0.0000,0
1644784800000,319.408,319.408,319.408,319.408,0.0,1644784859999,0.0000,0,0.0,0.0000,0
1644784860000,319.408,319.408,319.408,319.408,0.0,1644784919999,0.0000,0,0.0,0.0000,0
1644784920000,319.408,319.408,319.408,319.408,0.0,1644784979999,0.0000,0,0.0,0.0000,0
1644784980000,319.408,319.408,319.408,319.408,0.0,1644785039999,0.0000,0,0.0,0.0000,0
1644785040000,319.408,319.408,319.408,319.408,0.0,1644785099999,0.0000,0,0.0,0.0000,0
1644785100000,319.408,319.408,319.408,319.408,0.0,1644785159999,0.0000,0,0.0,0.0000,0
1644785160000,319.408,319.408,319.408,319.408,0.0,1644785219999,0.0000,0,0.0,0.0000,0
1644785220000,319.408,319.408,319.408,319.408,0.0,1644785279999,0.0000,0,0.0,0.0000,0
1644785280000,319.408,319.408,319.408,319.408,0.0,1644785339999,0.0000,0,0.0,0.0000,0
1644785340000,319.408,319.408,319.408,319.408,0.0,1644785399999,0.0000,0,0.0,0.0000,0
1644785400000,319.408,319.408,319.408,319.408,0.0,1644785459999,0.0000,0,0.0,0.0000,0
1644785460000,319.408,319.408,319.408,319.408,0.0,1644785519999,0.0000,0,0.0,0.0000,0
1644785520000,319.408,319.408,319.408,319.408,0.0,1644785579999,0.0000,0,0.0,0.0000,0
1644785580000,319.408,319.408,319.408,319.408,0.0,1644785639999,0.0000,0,0.0,0.0000,0
1644785640000,319.408,319.408,319.408,319.408,0.0,1644785699999,0.0000,0,0.0,0.0000,0
1644785700000,319.408,319.408,319.408,319.408,0.0,1644785759999,0.0000,0,0.0,0.0000,0
1644785760000,319.408,319.408,319.408,319.408,0.0,1644785819999,0.0000,0,0.0,0.0000,0
1644785820000,319.408,319.408,319.408,319.408,0.0,1644785879999,0.0000,0,0.0,0.0000,0
1644785880000,319.408,319.408,319.408,319.408,0.0,1644785939999,0.0000,0,0.0,0.0000,0
1644785940000,319.408,319.408,319.408,319.408,0.0,1644785999999,0.0000,0,0.0,0.0000,0
1644786000000,319.408,319.408,319.408,319.408,0.0,1644786059999,0.0000,0,0.0,0.0000,0
1644786060000,319.408,319.408,319.408,319.408,0.0,1644786119999,0.0000,0,0.0,0.0000,0
1644786120000,319.408,319.408,319.408,319.408,0.0,1644786179999,0.0000,0,0.0,0.0000,0
1644786180000,319.408,319.408,319.408,319.408,0.0,1644786239999,0.0000,0,0.0,0.0000,0
1644786240000,319.408,319.408,319.408,319.408,0.0,1644786299999,0.0000,0,0.0,0.0000,0
1644786300000,319.408,319.408,319.408,319.408,0.0,1644786359999,0.0000,0,0.0,0.0000,0
1644786360000,319.408,319.408,319.408,319.408,0.0,1644786419999,0.0000,0,0.0,0.0000,0
1644786420000,319.408,319.408,319.408,319.408,0.0,1644786479999,0.0000,0,0.0,0.0000,0
1644786480000,319.408,319.408,319.408,319.408,0.0,1644786539999,0.0000,0,0.0,0.0000,0
1644786540000,319.408,319.408,319.408,319.408,0.0,1644786599999,0.0000,0,0.0,0.0000,0
1644786600000,319.408,319.408,319.408,319.408,0.0,1644786659999,0.0000,0,0.0,0.0000,0
1644786660000,319.408,319.408,319.408,319.408,0.0,1644786719999,0.0000,0,0.0,0.0000,0
1644786720000,319.408,319.408,319.408,319.408,0.0,1644786779999,0.0000,0,0.0,0.0000,0
1644786780000,319.408,319.408,319.408,319.408,0.0,1644786839999,0.0000,0,0.0,0.0000,0
1644786840000,319.408,319.408,319.408,319.408,0.0,1644786899999,0.0000,0,0.0,0.0000,0
1644786900000,319.408,319.408,319.408,319.408,0.0,1644786959999,0.0000,0,0.0,0.0000,0
1644786960000,319.408,319.408,319.408,319.408,0.0,1644787019999,0.0000,0,0.0,0.0000,0
1644787020000,319.408,319.408,319.408,319.408,0.0,1644787079999,0.0000,0,0.0,0.0000,0
1644787080000,319.408,319.408,319.408,319.408,0.0,1644787139999,0.0000,0,0.0,0.0000,0
1644787140000,319.408,319.408,319.408,319.408,0.0,1644787199999,0.0000,0,0.0,0.0000,0
1644787200000,319.408,319.408,319.408,319.408,0.0,1644787259999,0.0000,0,0.0,0.0000,0
1644787260000,319.408,319.408,319.408,319.408,0.0,1644787319999,0.0000,0,0.0,0.0000,0
1644787320000,319.408,319.408,319.408,319.408,0.0,1644787379999,0.0000,0,0.0,0.0000,0
1644787380000,319.408,319.408,319.408,319.408,0.0,1644787439999,0.0000,0,0.0,0.0000,0
1644787440000,319.408,319.408,319.408,319.408,0.0,1644787499999,0.0000,0,0.0,0.0000,0
1644787500000,319.408,319.408,319.408,319.408,0.0,1644787559999,0.0000,0,0.0,0.0000,0
1644787560000,319.408,319.408,319.408,319.408,0.0,1644787619999,0.0000,0,0.0,0.0000,0
1644787620000,319.408,319.408,319.408,319.408,0.0,1644787679999,0.0000,0,0.0,0.0000,0
1644787680000,319.408,319.408,319.408,319.408,0.0,1644787739999,0.0000,0,0.0,0.0000,0
1644787740000,319.408,319.408,319.408,319.408,0.0,1644787799999,0.0000,0,0.0,0.0000,0
1644787800000,319.408,319.408,319.408,319.408,0.0,1644787859999,0.0000,0,0.0,0.0000,0
1644787860000,319.408,319.408,319.408,319.408,0.0,1644787919999,0.0000,0,0.0,0.0000,0
1644787920000,319.408,319.408,319.408,319.408,0.0,1644787979999,0.0000,0,0.0,0.0000,0
1644787980000,319.408,319.408,319.408,319.408,0.0,1644788039999,0.0000,0,0.0,0.0000,0
1644788040000,319.408,319.408,319.408,319.408,0.0,1644788099999,0.0000,0,0.0,0.0000,0
1644788100000,319.408,319.408,319.408,319.408,0.0,1644788159999,0.0000,0,0.0,0.0000,0
1644788160000,319.408,319.408,319.408,319.408,0.0,1644788219999,0.0000,0,0.0,0.0000,0
1644788220000,319.408,319.408,319.408,319.408,0.0,1644788279999,0.0000,0,0.0,0.0000,0
1644788280000,319.408,319.408,319.408,319.408,0.0,1644788339999,0.0000,0,0.0,0.0000,0
1644788340000,319.408,319.408,319.408,319.408,0.0,1644788399999,0.0000,0,0.0,0.0000,0
1644788400000,319.408,319.408,319.408,319.408,0.0,1644788459999,0.0000,0,0.0,0.0000,0
1644788460000,319.408,319.408,319.408,319.408,0.0,1644788519999,0.0000,0,0.0,0.0000,0
1644788520000,319.408,319.408,319.408,319.408,0.0,1644788579999,0.0000,0,0.0,0.0000,0
1644788580000,319.408,319.408,319.408,319.408,0.0,1644788639999,0.0000,0,0.0,0.0000,0
1644788640000,319.408,319.408,319.408,319.408,0.0,1644788699999,0.0000,0,0.0,0.0000,0
1644788700000,319.408,319.408,319.408,319.408,0.0,1644788759999,0.0000,0,0.0,0.0000,0
1644788760000,319.408,319.408,319.408,319.408,0.0,1644788819999,0.0000,0,0.0,0.0000,0
1644788820000,319.408,319.408,319.408,319.408,0.0,1644788879999,0.0000,0,0.0,0.0000,0
1644788880000,319.408,319.408,319.408,319.408,0.0,1644788939999,0.0000,0,0.0,0.0000,0
1644788940000,319.408,319.408,319.408,319.408,0.0,1644788999999,0.0000,0,0.0,0.0000,0
1644789000000,319.408,319.408,319.408,319.408,0.0,1644789059999,0.0000,0,0.0,0.0000,0
1644789060000,319.408,319.408,319.408,319.408,0.0,1644789119999,0.0000,0,0.0,0.0000,0
1644789120000,319.408,319.408,319.408,319.408,0.0,1644789179999,0.0000,0,0.0,0.0000,0
1644789180000,319.408,319.408,319.408,319.408,0.0,1644789239999,0.0000,0,0.0,0.0000,0
1644789240000,319.408,319.408,319.408,319.408,0.0,1644789299999,0.0000,0,0.0,0.0000,0
1644789300000,319.408,319.408,319.408,319.408,0.0,1644789359999,0.0000,0,0.0,0.0000,0
1644789360000,319.408,319.408,319.408,319.408,0.0,1644789419999,0.0000,0,0.0,0.0000,0
1644789420000,319.408,319.408,319.408,319.408,0.0,1644789479999,0.0000,0,0.0,0.0000,0
1644789480000,319.408,319.408,319.408,319.408,0.0,1644789539999,0.0000,0,0.0,0.0000,0
1644789540000,319.408,319.408,319.408,319.408,0.0,1644789599999,0.0000,0,0.0,0.0000,0
1644789600000,319.408,319.408,319.408,319.408,0.0,1644789659999,0.0000,0,0.0,0.0000,0
1644789660000,319.408,319.408,319.408,319.408,0.0,1644789719999,0.0000,0,0.0,0.0000,0
1644789720000,319.408,319.408,319.408,319.408,0.0,1644789779999,0.0000,0,0.0,0.0000,0
1644789780000,319.408,319.408,319.408,319.408,0.0,1644789839999,0.0000,0,0.0,0.0000,0
1644789840000,319.408,319.408,319.408,319.408,0.0,1644789899999,0.0000,0,0.0,0.0000,0
1644789900000,319.408,319.408,319.408,319.408,0.0,1644789959999,0.0000,0,0.0,0.0000,0
1644789960000,319.408,319.408,319.408,319.408,0.0,1644790019999,0.0000,0,0.0,0.0000,0
1644790020000,319.408,319.408,319.408,319.408,0.0,1644790079999,0.0000,0,0.0,0.0000,0
1644790080000,319.408,319.408,319.408,319.408,0.0,1644790139999,0.0000,0,0.0,0.0000,0
1644790140000,319.408,319.408,319.408,319.408,0.0,1644790199999,0.0000,0,0.0,0.0000,0
1644790200000,319.408,319.408,319.408,319.408,0.0,1644790259999,0.0000,0,0.0,0.0000,0
1644790260000,319.408,319.408,319.408,319.408,0.0,1644790319999,0.0000,0,0.0,0.0000,0
1644790320000,319.408,319.408,319.408,319.408,0.0,1644790379999,0.0000,0,0.0,0.0000,0
1644790380000,319.408,319.408,319.408,319.408,0.0,1644790439999,0.0000,0,0.0,0.0000,0
1644790440000,319.408,319.408,319.408,319.408,0.0,1644790499999,0.0000,0,0.0,0.0000,0
1644790500000,319.408,319.408,319.408,319.408,0.0,1644790559999,0.0000,0,0.0,0.0000,0
1644790560000,319.408,319.408,319.408,319.408,0.0,1644790619999,0.0000,0,0.0,0.0000,0
1644790620000,319.408,319.408,319.408,319.408,0.0,1644790679999,0.0000,0,0.0,0.0000,0
1644790680000,319.408,319.408,319.408,319.408,0.0,1644790739999,0.0000,0,0.0,0.0000,0
1644790740000,319.408,319.408,319.408,319.408,0.0,1644790799999,0.0000,0,0.0,0.0000,0
1644790800000,319.408,319.408,319.408,319.408,0.0,1644790859999,0.0000,0,0.0,0.0000,0
1644790860000,319.408,319.408,319.408,319.408,0.0,1644790919999,0.0000,0,0.0,0.0000,0
1644790920000,319.408,319.408,319.408,319.408,0.0,1644790979999,0.0000,0,0.0,0.0000,0
1644790980000,319.408,319.408,319.408,319.408,0.0,1644791039999,0.0000,0,0.0,0.0000,0
1644791040000,319.408,319.408,319.408,319.408,0.0,1644791099999,0.0000,0,0.0,0.0000,0
1644791100000,319.408,319.408,319.408,319.408,0.0,1644791159999,0.0000,0,0.0,0.0000,0
1644791160000,319.408,319.408,319.408,319.408,0.0,1644791219999,0.0000,0,0.0,0.0000,0
1644791220000,319.408,319.408,319.408,319.408,0.0,1644791279999,0.0000,0,0.0,0.0000,0
1644791280000,319.408,319.408,319.408,319.408,0.0,1644791339999,0.0000,0,0.0,0.0000,0
1644791340000,319.408,319.408,319.408,319.408,0.0,1644791399999,0.0000,0,0.0,0.0000,0
1644791400000,319.408,319.408,319.408,319.408,0.0,1644791459999,0.0000,0,0.0,0.0000,0
1644791460000,319.408,319.408,319.408,319.408,0.0,1644791519999,0.0000,0,0.0,0.0000,0
1644791520000,319.408,319.408,319.408,319.408,0.0,1644791579999,0.0000,0,0.0,0.0000,0
1644791580000,319.408,319.408,319.408,319.408,0.0,1644791639999,0.0000,0,0.0,0.0000,0
1644791640000,319.408,319.408,319.408,319.408,0.0,1644791699999,0.0000,0,0.0,0.0000,0
1644791700000,319.408,319.408,319.408,319.408,0.0,1644791759999,0.0000,0,0.0,0.0000,0
1644791760000,319.408,319.408,319.408,319.408,0.0,1644791819999,0.0000,0,0.0,0.0000,0
1644791820000,319.408,319.408,319.408,319.408,0.0,1644791879999,0.0000,0,0.0,0.0000,0
1644791880000,319.408,319.408,319.408,319.408,0.0,1644791939999,0.0000,0,0.0,0.0000,0
1644791940000,319.408,319.408,319.408,319.408,0.0,1644791999999,0.0000,0,0.0,0.0000,0
1644792000000,319.408,319.408,319.408,319.408,0.0,1644792059999,0.0000,0,0.0,0.0000,0
1644792060000,319.408,319.408,319.408,319.408,0.0,1644792119999,0.0000,0,0.0,0.0000,0
1644792120000,319.408,319.408,319.408,319.408,0.0,1644792179999,0.0000,0,0.0,0.0000,0
1644792180000,319.408,319.408,319.408,319.408,0.0,1644792239999,0.0000,0,0.0,0.0000,0
1644792240000,319.408,319.408,319.408,319.408,0.0,1644792299999,0.0000,0,0.0,0.0000,0
1644792300000,319.408,319.408,319.408,319.408,0.0,1644792359999,0.0000,0,0.0,0.0000,0
1644792360000,319.408,319.408,319.408,319.408,0.0,1644792419999,0.0000,0,0.0,0.0000,0
1644792420000,319.408,319.408,319.408,319.408,0.0,1644792479999,0.0000,0,0.0,0.0000,0
1644792480000,319.408,319.408,319.408,319.408,0.0,1644792539999,0.0000,0,0.0,0.0000,0
1644792540000,319.408,319.408,319.408,319.408,0.0,1644792599999,0.0000,0,0.0,0.0000,0
1644792600000,319.408,319.408,319.408,319.408,0.0,1644792659999,0.0000,0,0.0,0.0000,0
1644792660000,319.408,319.408,319.408,319.408,0.0,1644792719999,0.0000,0,0.0,0.0000,0
1644792720000,319.408,319.408,319.408,319.408,0.0,1644792779999,0.0000,0,0.0,0.0000,0
1644792780000,319.408,319.408,319.408,319.408,0.0,1644792839999,0.0000,0,0.0,0.0000,0
1644792840000,319.408,319.408,319.408,319.408,0.0,1644792899999,0.0000,0,0.0,0.0000,0
1644792900000,319.408,319.408,319.408,319.408,0.0,1644792959999,0.0000,0,0.0,0.0000,0
1644792960000,319.408,319.408,319.408,319.408,0.0,1644793019999,0.0000,0,0.0,0.0000,0
1644793020000,319.408,319.408,319.408,319.408,0.0,1644793079999,0.0000,0,0.0,0.0000,0
1644793080000,319.408,319.408,319.408,319.408,0.0,1644793139999,0.0000,0,0.0,0.0000,0
1644793140000,319.408,319.408,319.408,319.408,0.0,1644793199999,0.0000,0,0.0,0.0000,0
1644793200000,319.408,319.408,319.408,319.408,0.0,1644793259999,0.0000,0,0.0,0.0000,0
1644793260000,319.408,319.408,319.408,319.408,0.0,1644793319999,0.0000,0,0.0,0.0000,0
1644793320000,319.408,319.408,319.408,319.408,0.0,1644793379999,0.0000,0,0.0,0.0000,0
1644793380000,319.408,319.408,319.408,319.408,0.0,1644793439999,0.0000,0,0.0,0.0000,0
1644793440000,319.408,319.408,319.408,319.408,0.0,1644793499999,0.0000,0,0.0,0.0000,0
1644793500000,319.408,319.408,319.408,319.408,0.0,1644793559999,0.0000,0,0.0,0.0000,0
1644793560000,319.408,319.408,319.408,319.408,0.0,1644793619999,0.0000,0,0.0,0.0000,0
1644793620000,319.408,319.408,319.408,319.408,0.0,1644793679999,0.0000,0,0.0,0.0000,0
1644793680000,319.408,319.408,319.408,319.408,0.0,1644793739999,0.0000,0,0.0,0.0000,0
1644793740000,319.408,319.408,319.408,319.408,0.0,1644793799999,0.0000,0,0.0,0.0000,0
1644793800000,319.408,319.408,319.408,319.408,0.0,1644793859999,0.0000,0,0.0,0.0000,0
1644793860000,319.408,319.408,319.408,319.408,0.0,1644793919999,0.0000,0,0.0,0.0000,0
1644793920000,319.408,319.408,319.408,319.408,0.0,1644793979999,0.0000,0,0.0,0.0000,0
1644793980000,319.408,319.408,319.408,319.408,0.0,1644794039999,0.0000,0,0.0,0.0000,0
1644794040000,319.408,319.408,319.408,319.408,0.0,1644794099999,0.0000,0,0.0,0.0000,0
1644794100000,319.408,319.408,319.408,319.408,0.0,1644794159999,0.0000,0,0.0,0.0000,0
1644794160000,319.408,319.408,319.408,319.408,0.0,1644794219999,0.0000,0,0.0,0.0000,0
1644794220000,319.408,319.408,319.408,319.408,0.0,1644794279999,0.0000,0,0.0,0.0000,0
1644794280000,319.408,319.408,319.408,319.408,0.0,1644794339999,0.0000,0,0.0,0.0000,0
1644794340000,319.408,319.408,319.408,319.408,0.0,1644794399999,0.0000,0,0.0,0.0000,0
1644794400000,319.408,319.408,319.408,319.408,0.0,1644794459999,0.0000,0,0.0,0.0000,0
1644794460000,319.408,319.408,319.408,319.408,0.0,1644794519999,0.0000,0,0.0,0.0000,0
1644794520000,319.408,319.408,319.408,319.408,0.0,1644794579999,0.0000,0,0.0,0.0000,0
1644794580000,319.408,319.408,319.408,319.408,0.0,1644794639999,0.0000,0,0.0,0.0000,0
1644794640000,319.408,319.408,319.408,319.408,0.0,1644794699999,0.0000,0,0.0,0.0000,0
1644794700000,319.408,319.408,319.408,319.408,0.0,1644794759999,0.0000,0,0.0,0.0000,0
1644794760000,319.408,319.408,319.408,319.408,0.0,1644794819999,0.0000,0,0.0,0.0000,0
1644794820000,319.408,319.408,319.408,319.408,0.0,1644794879999,0.0000,0,0.0,0.0000,0
1644794880000,319.408,319.408,319.408,319.408,0.0,1644794939999,0.0000,0,0.0,0.0000,0
1644794940000,319.408,319.408,319.408,319.408,0.0,1644794999999,0.0000,0,0.0,0.0000,0
1644795000000,319.408,319.408,319.408,319.408,0.0,1644795059999,0.0000,0,0.0,0.0000,0
1644795060000,319.408,319.408,319.408,319.408,0.0,1644795119999,0.0000,0,0.0,0.0000,0
1644795120000,319.408,319.408,319.408,319.408,0.0,1644795179999,0.0000,0,0.0,0.0000,0
1644795180000,319.408,319.408,319.408,319.408,0.0,1644795239999,0.0000,0,0.0,0.0000,0
1644795240000,319.408,319.408,319.408,319.408,0.0,1644795299999,0.0000,0,0.0,0.0000,0
1644795300000,319.408,319.408,319.408,319.408,0.0,1644795359999,0.0000,0,0.0,0.0000,0
1644795360000,319.408,319.408,319.408,319.408,0.0,1644795419999,0.0000,0,0.0,0.0000,0
1644795420000,319.408,319.408,319.408,319.408,0.0,1644795479999,0.0000,0,0.0,0.0000,0
1644795480000,319.408,319.408,319.408,319.408,0.0,1644795539999,0.0000,0,0.0,0.0000,0
1644795540000,319.408,319.408,319.408,319.408,0.0,1644795599999,0.0000,0,0.0,0.0000,0
1644795600000,319.408,319.408,319.408,319.408,0.0,1644795659999,0.0000,0,0.0,0.0000,0
1644795660000,319.408,319.408,319.408,319.408,0.0,1644795719999,0.0000,0,0.0,0.0000,0
1644795720000,319.408,319.408,319.408,319.408,0.0,1644795779999,0.0000,0,0.0,0.0000,0
1644795780000,319.408,319.408,319.408,319.408,0.0,1644795839999,0.0000,0,0.0,0.0000,0
1644795840000,319.408,319.408,319.408,319.408,0.0,1644795899999,0.0000,0,0.0,0.0000,0
1644795900000,319.408,319.408,319.408,319.408,0.0,1644795959999,0.0000,0,0.0,0.0000,0
1644795960000,319.408,319.408,319.408,319.408,0.0,1644796019999,0.0000,0,0.0,0.0000,0
1644796020000,319.408,319.408,319.408,319.408,0.0,1644796079999,0.0000,0,0.0,0.0000,0
1644796080000,319.408,319.408,319.408,319.408,0.0,1644796139999,0.0000,0,0.0,0.0000,0
1644796140000,319.408,319.408,319.408,319.408,0.0,1644796199999,0.0000,0,0.0,0.0000,0
1644796200000,319.408,319.408,319.408,319.408,0.0,1644796259999,0.0000,0,0.0,0.0000,0
1644796260000,319.408,319.408,319.408,319.408,0.0,1644796319999,0.0000,0,0.0,0.0000,0
1644796320000,319.408,319.408,319.408,319.408,0.0,1644796379999,0.0000,0,0.0,0.0000,0
1644796380000,319.408,319.408,319.408,319.408,0.0,1644796439999,0.0000,0,0.0,0.0000,0
1644796440000,319.408,319.408,319.408,319.408,0.0,1644796499999,0.0000,0,0.0,0.0000,0
1644796500000,319.408,319.408,319.408,319.408,0.0,1644796559999,0.0000,0,0.0,0.0000,0
1644796560000,319.408,319.408,319.408,319.408,0.0,1644796619999,0.0000,0,0.0,0.0000,0
1644796620000,319.408,319.408,319.408,319.408,0.0,1644796679999,0.0000,0,0.0,0.0000,0
1644796680000,319.408,319.408,319.408,319.408,0.0,1644796739999,0.0000,0,0.0,0.0000,0
1644796740000,319.408,319.408,319.408,319.408,0.0,1644796799999,0.0000,0,0.0,0.0000,0
