1644019200000,0.8104,0.8114,0.8065,0.8072,53683,1644019259999,43489.1946,121,7278,5899.0919,0
1644019260000,0.8069,0.8102,0.8045,0.8052,197839,1644019319999,159723.5045,328,86249,69721.8299,0
1644019320000,0.8049,0.8067,0.8027,0.8062,82703,1644019379999,66518.2617,249,46240,37202.8507,0
1644019380000,0.8062,0.8075,0.8046,0.8062,70820,1644019439999,57093.8148,203,54123,43642.2151,0
1644019440000,0.8061,0.8100,0.8060,0.8100,85560,1644019499999,69116.6176,267,60258,48694.1616,0
1644019500000,0.8099,0.8207,0.8099,0.8201,177597,1644019559999,145013.5576,588,106508,86932.5817,0
1644019560000,0.8200,0.8206,0.8166,0.8182,121225,1644019619999,99169.1432,290,75775,62007.4667,0
1644019620000,0.8179,0.8218,0.8173,0.8212,97593,1644019679999,80017.7268,246,60494,49576.2960,0
1644019680000,0.8218,0.8251,0.8212,0.8243,118923,1644019739999,97913.4235,419,80223,66076.8142,0
1644019740000,0.8245,0.8251,0.8203,0.8207,88810,1644019799999,73085.8707,354,27297,22472.7796,0
1644019800000,0.8207,0.8207,0.8175,0.8184,42479,1644019859999,34794.1809,188,8657,7097.9003,0
1644019860000,0.8184,0.8207,0.8175,0.8175,31066,1644019919999,25444.4085,147,20485,16782.1688,0
1644019920000,0.8179,0.8202,0.8174,0.8198,25692,1644019979999,21031.4197,123,15354,12573.0953,0
1644019980000,0.8197,0.8198,0.8146,0.8177,178708,1644020039999,145990.5419,368,59903,48915.5790,0
1644020040000,0.8175,0.8200,0.8170,0.8200,68668,1644020099999,56200.6101,170,30013,24554.9009,0
1644020100000,0.8197,0.8199,0.8185,0.8189,30596,1644020159999,25064.2748,108,23396,19163.8967,0
1644020160000,0.8189,0.8199,0.8173,0.8174,64540,1644020219999,52805.1641,170,22440,18361.1893,0
1644020220000,0.8176,0.8177,0.8160,0.8172,36896,1644020279999,30137.0160,132,24111,19691.4051,0
1644020280000,0.8172,0.8195,0.8171,0.8183,12203,1644020339999,9990.0456,84,6515,5330.9664,0
1644020340000,0.8184,0.8199,0.8176,0.8181,44946,1644020399999,36796.9358,164,24774,20284.0305,0
1644020400000,0.8183,0.8196,0.8182,0.8185,13843,1644020459999,11334.0207,64,8590,7034.1242,0
1644020460000,0.8181,0.8185,0.8169,0.8176,42635,1644020519999,34856.8507,121,26954,22031.6573,0
1644020520000,0.8175,0.8195,0.8174,0.8193,17987,1644020579999,14718.0654,71,9071,7423.7380,0
1644020580000,0.8194,0.8195,0.8182,0.8183,27966,1644020639999,22910.5336,119,19384,15880.0973,0
1644020640000,0.8184,0.8189,0.8180,0.8182,10722,1644020699999,8775.7297,80,3235,2647.9070,0
1644020700000,0.8182,0.8192,0.8173,0.8192,33664,1644020759999,27532.0591,104,19041,15574.3007,0
1644020760000,0.8193,0.8196,0.8175,0.8179,34564,1644020819999,28288.2773,122,8324,6811.9099,0
1644020820000,0.8178,0.8209,0.8175,0.8201,44479,1644020879999,36409.1202,159,26817,21942.6014,0
1644020880000,0.8199,0.8199,0.8176,0.8178,45144,1644020939999,36939.5942,110,25909,21195.5453,0
1644020940000,0.8175,0.8179,0.8157,0.8166,43135,1644020999999,35222.9856,161,24242,19795.5091,0
1644021000000,0.8166,0.8191,0.8164,0.8190,40259,1644021059999,32911.7362,94,14000,11445.7843,0
1644021060000,0.8188,0.8196,0.8183,0.8194,49791,1644021119999,40773.5876,112,41470,33960.5512,0
1644021120000,0.8194,0.8196,0.8185,0.8189,26871,1644021179999,22006.6759,76,12732,10425.3016,0
1644021180000,0.8190,0.8195,0.8179,0.8192,35363,1644021239999,28951.3263,83,16395,13423.5330,0
1644021240000,0.8190,0.8199,0.8190,0.8193,16085,1644021299999,13182.2259,61,9602,7868.8544,0
1644021300000,0.8194,0.8226,0.8193,0.8213,72806,1644021359999,59787.8580,170,47245,38790.1984,0
1644021360000,0.8213,0.8220,0.8208,0.8208,19574,1644021419999,16078.2766,62,7614,6254.1628,0
1644021420000,0.8207,0.8207,0.8190,0.8194,34538,1644021479999,28310.5358,113,11653,9555.4470,0
1644021480000,0.8193,0.8198,0.8187,0.8198,31975,1644021539999,26188.1895,72,2532,2075.0392,0
1644021540000,0.8198,0.8202,0.8179,0.8184,39488,1644021599999,32331.0455,128,17160,14049.7262,0
1644021600000,0.8185,0.8191,0.8182,0.8191,36545,1644021659999,29915.2233,121,22371,18314.5181,0
1644021660000,0.8193,0.8198,0.8186,0.8192,48701,1644021719999,39900.0749,150,30945,25358.0409,0
1644021720000,0.8192,0.8242,0.8191,0.8226,126613,1644021779999,104116.7395,250,46111,37922.5055,0
1644021780000,0.8220,0.8222,0.8183,0.8190,40374,1644021839999,33115.2038,155,10104,8287.6003,0
1644021840000,0.8189,0.8193,0.8177,0.8193,22626,1644021899999,18524.0550,78,8640,7073.9535,0
1644021900000,0.8192,0.8194,0.8176,0.8179,52336,1644021959999,42846.3988,101,27995,22914.7332,0
1644021960000,0.8179,0.8187,0.8173,0.8179,26549,1644022019999,21725.5284,68,10648,8711.3661,0
1644022020000,0.8180,0.8203,0.8180,0.8203,11937,1644022079999,9778.1566,66,6901,5651.6110,0
1644022080000,0.8201,0.8215,0.8198,0.8201,27671,1644022139999,22702.4946,72,7035,5773.2863,0
1644022140000,0.8201,0.8204,0.8197,0.8201,11080,1644022199999,9086.0186,56,4493,3684.1125,0
1644022200000,0.8198,0.8198,0.8152,0.8153,54186,1644022259999,44272.3202,155,18525,15135.1822,0
1644022260000,0.8154,0.8165,0.8144,0.8156,56562,1644022319999,46115.6651,148,20213,16480.1068,0
1644022320000,0.8155,0.8163,0.8152,0.8153,30460,1644022379999,24851.3908,87,14173,11563.0105,0
1644022380000,0.8154,0.8159,0.8144,0.8146,46191,1644022439999,37644.9767,107,23561,19201.2078,0
1644022440000,0.8146,0.8148,0.8131,0.8145,50984,1644022499999,41506.7653,147,17432,14195.0983,0
1644022500000,0.8145,0.8157,0.8141,0.8151,30885,1644022559999,25166.5656,93,11010,8968.8835,0
1644022560000,0.8149,0.8155,0.8144,0.8147,14922,1644022619999,12159.0431,66,2178,1775.2333,0
1644022620000,0.8147,0.8152,0.8137,0.8152,37095,1644022679999,30216.8812,84,34160,27826.3141,0
1644022680000,0.8153,0.8159,0.8147,0.8152,12649,1644022739999,10314.8809,47,7212,5880.8927,0
1644022740000,0.8153,0.8153,0.8140,0.8141,42807,1644022799999,34879.8864,74,30897,25172.3643,0
1644022800000,0.8143,0.8148,0.8116,0.8142,61561,1644022859999,50064.7002,201,33747,27446.1615,0
1644022860000,0.8139,0.8146,0.8139,0.8141,20207,1644022919999,16454.2806,81,2476,2016.6628,0
1644022920000,0.8140,0.8146,0.8133,0.8137,46411,1644022979999,37771.4261,137,27800,22627.7044,0
1644022980000,0.8138,0.8176,0.8137,0.8173,79971,1644023039999,65256.3669,182,67262,54884.2917,0
1644023040000,0.8173,0.8178,0.8164,0.8165,29405,1644023099999,24023.5561,65,9757,7969.5866,0
1644023100000,0.8165,0.8172,0.8162,0.8165,23478,1644023159999,19170.0607,75,11039,9014.3998,0
1644023160000,0.8162,0.8162,0.8149,0.8151,31687,1644023219999,25854.4751,73,14508,11836.0677,0
1644023220000,0.8152,0.8169,0.8148,0.8148,28466,1644023279999,23226.0954,100,14026,11447.0856,0
1644023280000,0.8148,0.8157,0.8147,0.8150,13466,1644023339999,10979.4649,54,5260,4288.2152,0
1644023340000,0.8151,0.8173,0.8150,0.8164,20062,1644023399999,16372.2000,63,14386,11741.0716,0
1644023400000,0.8165,0.8175,0.8156,0.8167,23527,1644023459999,19212.0860,62,16485,13462.1453,0
1644023460000,0.8164,0.8170,0.8157,0.8157,10746,1644023519999,8775.0901,36,4054,3309.2658,0
1644023520000,0.8159,0.8160,0.8150,0.8150,11676,1644023579999,9523.1093,63,3005,2451.5092,0
1644023580000,0.8151,0.8155,0.8143,0.8143,23483,1644023639999,19137.1986,47,5264,4290.8238,0
1644023640000,0.8143,0.8144,0.8098,0.8102,53725,1644023699999,43632.3128,146,20049,16293.7083,0
1644023700000,0.8105,0.8142,0.8105,0.8128,69941,1644023759999,56819.0448,124,37378,30361.1593,0
1644023760000,0.8132,0.8149,0.8131,0.8147,18300,1644023819999,14904.1455,61,10369,8447.0426,0
1644023820000,0.8148,0.8156,0.8144,0.8154,17817,1644023879999,14521.6450,50,11283,9198.2498,0
1644023880000,0.8156,0.8159,0.8154,0.8157,12201,1644023939999,9951.8147,33,9418,7682.0695,0
1644023940000,0.8155,0.8171,0.8155,0.8169,27038,1644023999999,22076.3957,64,22662,18501.8745,0
1644024000000,0.8170,0.8175,0.8153,0.8155,12477,1644024059999,10184.2045,62,8859,7230.7177,0
1644024060000,0.8158,0.8175,0.8158,0.8170,43909,1644024119999,35879.7514,79,36214,29592.1966,0
1644024120000,0.8173,0.8173,0.8161,0.8161,12944,1644024179999,10565.5991,38,3050,2489.6613,0
1644024180000,0.8162,0.8169,0.8161,0.8164,10963,1644024239999,8950.1496,43,6236,5090.4303,0
1644024240000,0.8166,0.8166,0.8157,0.8161,14128,1644024299999,11528.9531,40,4249,3467.7578,0
1644024300000,0.8163,0.8171,0.8163,0.8164,6695,1644024359999,5467.3025,42,1945,1588.3381,0
1644024360000,0.8162,0.8162,0.8157,0.8158,15405,1644024419999,12568.0747,51,8052,6568.4217,0
1644024420000,0.8158,0.8163,0.8154,0.8159,10963,1644024479999,8944.9502,45,6453,5265.7627,0
1644024480000,0.8159,0.8161,0.8157,0.8157,12132,1644024539999,9898.4533,29,4229,3450.3831,0
1644024540000,0.8156,0.8156,0.8136,0.8146,25605,1644024599999,20859.9258,70,16290,13271.9972,0
1644024600000,0.8144,0.8158,0.8139,0.8144,39786,1644024659999,32403.0254,80,27187,22138.9779,0
1644024660000,0.8147,0.8151,0.8142,0.8144,30336,1644024719999,24712.6219,62,13655,11124.0000,0
1644024720000,0.8148,0.8154,0.8146,0.8146,20946,1644024779999,17066.6426,43,3742,3049.8750,0
1644024780000,0.8142,0.8143,0.8135,0.8142,10795,1644024839999,8786.5231,29,4574,3722.2940,0
1644024840000,0.8142,0.8142,0.8132,0.8139,14508,1644024899999,11807.8652,48,7782,6333.3979,0
1644024900000,0.8140,0.8145,0.8140,0.8141,10494,1644024959999,8544.8615,43,2437,1984.3252,0
1644024960000,0.8140,0.8140,0.8133,0.8138,37350,1644025019999,30391.1057,71,21027,17109.4692,0
1644025020000,0.8138,0.8158,0.8138,0.8146,30898,1644025079999,25175.2566,68,17279,14075.7013,0
1644025080000,0.8146,0.8153,0.8143,0.8146,10564,1644025139999,8607.5875,36,5641,4595.3991,0
1644025140000,0.8151,0.8153,0.8132,0.8139,9900,1644025199999,8064.3941,50,1763,1435.0557,0
1644025200000,0.8140,0.8160,0.8140,0.8154,37993,1644025259999,30983.5164,82,14788,12060.2409,0
1644025260000,0.8153,0.8173,0.8153,0.8164,28322,1644025319999,23116.0021,92,20274,16544.5908,0
1644025320000,0.8167,0.8167,0.8164,0.8164,3455,1644025379999,2820.7599,18,1520,1240.9391,0
1644025380000,0.8165,0.8168,0.8159,0.8167,33056,1644025439999,26993.8184,78,12735,10400.2795,0
1644025440000,0.8168,0.8175,0.8164,0.8172,20092,1644025499999,16408.7281,64,10440,8525.9506,0
1644025500000,0.8171,0.8171,0.8156,0.8161,29180,1644025559999,23829.1339,88,6385,5213.7388,0
1644025560000,0.8160,0.8164,0.8146,0.8157,22478,1644025619999,18335.4180,79,12204,9957.1140,0
1644025620000,0.8158,0.8163,0.8156,0.8162,23499,1644025679999,19167.5505,48,3636,2966.3623,0
1644025680000,0.8164,0.8183,0.8164,0.8176,67766,1644025739999,55385.6693,135,24182,19763.1410,0
1644025740000,0.8178,0.8192,0.8177,0.8186,18082,1644025799999,14801.9210,53,14065,11512.4388,0
1644025800000,0.8188,0.8201,0.8187,0.8193,15192,1644025859999,12450.3256,62,10400,8522.0978,0
1644025860000,0.8194,0.8196,0.8193,0.8195,11314,1644025919999,9271.2828,34,10678,8750.0948,0
1644025920000,0.8196,0.8196,0.8192,0.8195,5571,1644025979999,4564.5214,42,4902,4016.4327,0
1644025980000,0.8196,0.8197,0.8192,0.8194,14814,1644026039999,12137.4015,41,1493,1223.2452,0
1644026040000,0.8193,0.8196,0.8193,0.8196,9557,1644026099999,7831.2072,34,6967,5709.1392,0
1644026100000,0.8196,0.8212,0.8194,0.8211,16903,1644026159999,13863.0081,49,12676,10395.7189,0
1644026160000,0.8210,0.8221,0.8210,0.8216,30971,1644026219999,25448.0934,58,17284,14199.8330,0
1644026220000,0.8217,0.8218,0.8210,0.8212,9965,1644026279999,8185.3103,72,3477,2855.9044,0
1644026280000,0.8211,0.8220,0.8211,0.8220,10838,1644026339999,8904.4847,35,10472,8603.9621,0
1644026340000,0.8218,0.8221,0.8207,0.8208,75896,1644026399999,62345.6553,154,36986,30386.5757,0
1644026400000,0.8211,0.8219,0.8209,0.8209,48378,1644026459999,39735.6295,87,29981,24627.6426,0
1644026460000,0.8212,0.8212,0.8184,0.8189,48514,1644026519999,39767.8763,150,15114,12376.6573,0
1644026520000,0.8191,0.8192,0.8179,0.8188,38719,1644026579999,31686.3093,65,17255,14118.0213,0
1644026580000,0.8187,0.8195,0.8187,0.8194,12492,1644026639999,10234.6091,34,8324,6819.8758,0
1644026640000,0.8194,0.8196,0.8192,0.8192,8163,1644026699999,6689.4835,50,642,526.1277,0
1644026700000,0.8192,0.8196,0.8190,0.8193,14535,1644026759999,11908.8222,46,5376,4404.2892,0
1644026760000,0.8194,0.8194,0.8192,0.8193,17026,1644026819999,13948.2796,36,9986,8181.1116,0
1644026820000,0.8191,0.8192,0.8172,0.8177,26963,1644026879999,22061.8681,82,2635,2155.2978,0
1644026880000,0.8176,0.8193,0.8175,0.8193,16897,1644026939999,13827.1415,37,13741,11246.7231,0
1644026940000,0.8196,0.8217,0.8196,0.8217,13198,1644026999999,10827.6564,64,10541,8647.5753,0
1644027000000,0.8217,0.8217,0.8199,0.8207,70127,1644027059999,57567.0378,157,17754,14572.1849,0
1644027060000,0.8208,0.8211,0.8207,0.8209,14354,1644027119999,11783.4867,51,5623,4616.6214,0
1644027120000,0.8211,0.8221,0.8211,0.8216,67585,1644027179999,55519.3274,90,30378,24954.7796,0
1644027180000,0.8219,0.8227,0.8216,0.8219,29158,1644027239999,23973.7349,70,11370,9348.8367,0
1644027240000,0.8220,0.8223,0.8220,0.8220,9812,1644027299999,8066.7981,52,4304,3538.5578,0
1644027300000,0.8220,0.8224,0.8220,0.8223,11710,1644027359999,9626.4267,37,11693,9612.4519,0
1644027360000,0.8226,0.8237,0.8225,0.8237,40037,1644027419999,32953.6196,101,21798,17939.5316,0
1644027420000,0.8238,0.8251,0.8238,0.8248,25122,1644027479999,20714.2099,85,13525,11152.6762,0
1644027480000,0.8250,0.8255,0.8235,0.8251,41445,1644027539999,34174.4460,109,16899,13940.7886,0
1644027540000,0.8252,0.8253,0.8249,0.8251,16656,1644027599999,13741.8266,54,3646,3008.0602,0
1644027600000,0.8250,0.8250,0.8246,0.8248,16953,1644027659999,13981.8538,62,13064,10773.7420,0
1644027660000,0.8246,0.8254,0.8246,0.8254,9049,1644027719999,7465.1196,32,8948,7381.8294,0
1644027720000,0.8253,0.8258,0.8245,0.8250,24243,1644027779999,20008.8025,105,5065,4179.9071,0
1644027780000,0.8253,0.8255,0.8252,0.8255,8932,1644027839999,7372.2697,40,2007,1656.6070,0
1644027840000,0.8256,0.8262,0.8248,0.8251,29700,1644027899999,24524.8810,79,13288,10970.7886,0
1644027900000,0.8252,0.8270,0.8252,0.8266,45903,1644027959999,37919.6717,101,27485,22700.1102,0
1644027960000,0.8267,0.8267,0.8264,0.8265,14040,1644028019999,11604.9104,60,6258,5172.3220,0
1644028020000,0.8266,0.8281,0.8266,0.8281,25416,1644028079999,21023.2705,86,20082,16613.3288,0
1644028080000,0.8280,0.8281,0.8253,0.8253,75776,1644028139999,62655.9705,156,6472,5350.0409,0
1644028140000,0.8256,0.8263,0.8253,0.8261,18327,1644028199999,15136.6248,69,13772,11374.1894,0
1644028200000,0.8258,0.8258,0.8236,0.8244,56541,1644028259999,46611.3302,125,29314,24160.1110,0
1644028260000,0.8245,0.8248,0.8234,0.8239,49334,1644028319999,40650.9388,107,29774,24528.1306,0
1644028320000,0.8241,0.8261,0.8241,0.8257,27804,1644028379999,22934.4921,61,22017,18157.9466,0
1644028380000,0.8258,0.8277,0.8257,0.8277,24634,1644028439999,20362.9192,80,15897,13140.6414,0
1644028440000,0.8277,0.8287,0.8266,0.8267,34445,1644028499999,28511.0950,116,10813,8946.1544,0
1644028500000,0.8268,0.8276,0.8263,0.8274,45090,1644028559999,37294.1200,79,39356,32553.2675,0
1644028560000,0.8276,0.8276,0.8265,0.8274,27914,1644028619999,23095.1005,84,12777,10568.9915,0
1644028620000,0.8276,0.8279,0.8275,0.8277,12291,1644028679999,10171.7962,37,2782,2302.3880,0
1644028680000,0.8280,0.8284,0.8280,0.8282,14389,1644028739999,11918.6457,51,3633,3008.9906,0
1644028740000,0.8281,0.8289,0.8281,0.8288,22030,1644028799999,18251.8012,71,13552,11228.9076,0
1644028800000,0.8288,0.8290,0.8284,0.8284,7362,1644028859999,6100.6419,30,3174,2630.0806,0
1644028860000,0.8284,0.8288,0.8275,0.8288,34867,1644028919999,28876.9942,81,25195,20865.8826,0
1644028920000,0.8289,0.8295,0.8289,0.8295,10684,1644028979999,8860.0109,42,3297,2734.1225,0
1644028980000,0.8295,0.8305,0.8290,0.8294,42672,1644029039999,35419.7731,112,6781,5628.1634,0
1644029040000,0.8294,0.8298,0.8287,0.8297,8675,1644029099999,7194.8645,60,4179,3466.3543,0
1644029100000,0.8296,0.8296,0.8287,0.8292,31129,1644029159999,25812.7201,54,25087,20801.3607,0
1644029160000,0.8292,0.8298,0.8291,0.8298,17248,1644029219999,14303.9610,44,8884,7368.3085,0
1644029220000,0.8299,0.8308,0.8298,0.8305,38171,1644029279999,31695.1812,71,8609,7150.4435,0
1644029280000,0.8305,0.8305,0.8294,0.8297,9418,1644029339999,7817.0650,24,2187,1814.6496,0
1644029340000,0.8299,0.8300,0.8297,0.8300,5880,1644029399999,4879.6023,30,1784,1480.4201,0
1644029400000,0.8300,0.8301,0.8278,0.8278,22603,1644029459999,18742.8953,71,7867,6527.9682,0
1644029460000,0.8277,0.8301,0.8277,0.8299,44181,1644029519999,36602.7530,89,32394,26840.3204,0
1644029520000,0.8298,0.8301,0.8294,0.8299,10080,1644029579999,8364.2962,31,176,146.0904,0
1644029580000,0.8299,0.8304,0.8299,0.8304,5602,1644029639999,4651.5954,21,1475,1224.6015,0
1644029640000,0.8303,0.8313,0.8298,0.8313,13917,1644029699999,11558.3665,76,9514,7901.8371,0
1644029700000,0.8313,0.8319,0.8297,0.8303,21702,1644029759999,18023.8954,58,10584,8792.0379,0
1644029760000,0.8302,0.8305,0.8302,0.8305,2135,1644029819999,1772.6034,16,2057,1707.8244,0
1644029820000,0.8305,0.8306,0.8293,0.8295,21534,1644029879999,17876.2894,61,2272,1884.7653,0
1644029880000,0.8295,0.8298,0.8289,0.8298,20351,1644029939999,16881.0962,51,14602,12112.5676,0
1644029940000,0.8299,0.8316,0.8299,0.8308,48419,1644029999999,40244.0707,77,20081,16684.0958,0
1644030000000,0.8308,0.8314,0.8308,0.8310,21364,1644030059999,17755.6921,32,18301,15210.6631,0
1644030060000,0.8311,0.8314,0.8302,0.8314,20501,1644030119999,17035.3889,69,13685,11371.6109,0
1644030120000,0.8315,0.8329,0.8315,0.8323,23935,1644030179999,19920.8936,91,11502,9571.7886,0
1644030180000,0.8323,0.8330,0.8317,0.8330,14012,1644030239999,11660.1835,54,4563,3798.3406,0
1644030240000,0.8331,0.8341,0.8327,0.8329,16830,1644030299999,14026.0546,84,9897,8249.9265,0
1644030300000,0.8329,0.8332,0.8321,0.8321,8637,1644030359999,7194.2975,18,6620,5514.6354,0
1644030360000,0.8323,0.8324,0.8322,0.8324,9475,1644030419999,7885.9541,26,2143,1783.6749,0
1644030420000,0.8323,0.8337,0.8323,0.8331,41173,1644030479999,34300.4764,92,25523,21259.9245,0
1644030480000,0.8334,0.8338,0.8334,0.8336,11905,1644030539999,9924.6237,45,4738,3949.4801,0
1644030540000,0.8337,0.8337,0.8331,0.8333,9504,1644030599999,7920.5714,34,1965,1637.5301,0
1644030600000,0.8331,0.8331,0.8327,0.8327,6947,1644030659999,5786.3440,30,2740,2282.2326,0
1644030660000,0.8327,0.8331,0.8324,0.8329,15302,1644030719999,12744.4698,50,7480,6229.8293,0
1644030720000,0.8329,0.8335,0.8328,0.8333,13640,1644030779999,11363.0874,54,7931,6607.6978,0
1644030780000,0.8333,0.8334,0.8328,0.8333,8178,1644030839999,6814.2503,33,2238,1864.1231,0
1644030840000,0.8333,0.8336,0.8330,0.8331,6136,1644030899999,5114.3425,33,229,190.8062,0
1644030900000,0.8331,0.8333,0.8323,0.8327,18852,1644030959999,15699.8323,60,8452,7037.7046,0
1644030960000,0.8326,0.8332,0.8325,0.8329,31154,1644031019999,25943.8792,74,20773,17299.3254,0
1644031020000,0.8331,0.8339,0.8331,0.8337,6520,1644031079999,5435.0900,37,2876,2397.3725,0
1644031080000,0.8338,0.8347,0.8338,0.8345,26934,1644031139999,22471.1199,89,13433,11204.7207,0
1644031140000,0.8345,0.8365,0.8345,0.8365,36469,1644031199999,30462.3626,145,24449,20427.0006,0
1644031200000,0.8364,0.8364,0.8359,0.8360,16883,1644031259999,14118.3798,51,1429,1195.0559,0
1644031260000,0.8360,0.8365,0.8354,0.8364,39827,1644031319999,33292.7399,96,7284,6089.3744,0
1644031320000,0.8364,0.8369,0.8352,0.8354,28163,1644031379999,23549.9443,117,12114,10133.3584,0
1644031380000,0.8356,0.8358,0.8347,0.8349,27330,1644031439999,22825.5727,65,2690,2246.4785,0
1644031440000,0.8352,0.8352,0.8335,0.8349,24093,1644031499999,20098.7235,62,8713,7267.1424,0
1644031500000,0.8349,0.8349,0.8344,0.8347,4324,1644031559999,3609.3914,21,207,172.7717,0
1644031560000,0.8346,0.8357,0.8345,0.8353,13998,1644031619999,11694.8704,44,5190,4335.1199,0
1644031620000,0.8354,0.8362,0.8354,0.8361,17528,1644031679999,14653.5459,45,13965,11674.4953,0
1644031680000,0.8361,0.8362,0.8360,0.8361,8270,1644031739999,6915.1530,29,217,181.4322,0
1644031740000,0.8361,0.8379,0.8361,0.8376,36739,1644031799999,30762.0685,121,16746,14016.2399,0
1644031800000,0.8375,0.8377,0.8371,0.8371,13154,1644031859999,11016.1421,46,2290,1918.0403,0
1644031860000,0.8372,0.8374,0.8358,0.8371,29403,1644031919999,24603.3252,90,15149,12673.0885,0
1644031920000,0.8376,0.8385,0.8376,0.8385,32443,1644031979999,27198.0295,66,31335,26269.9687,0
1644031980000,0.8386,0.8391,0.8381,0.8387,11345,1644032039999,9514.1207,52,4619,3873.8977,0
1644032040000,0.8391,0.8395,0.8391,0.8395,7932,1644032099999,6656.3319,37,3262,2737.6537,0
1644032100000,0.8393,0.8400,0.8390,0.8390,17524,1644032159999,14714.4477,68,12528,10520.3738,0
1644032160000,0.8390,0.8395,0.8388,0.8395,11697,1644032219999,9817.9856,39,3036,2547.6580,0
1644032220000,0.8394,0.8394,0.8382,0.8388,15650,1644032279999,13125.4398,55,6637,5565.7797,0
1644032280000,0.8387,0.8400,0.8386,0.8392,18123,1644032339999,15208.7856,45,4331,3634.6926,0
1644032340000,0.8392,0.8394,0.8379,0.8391,19077,1644032399999,16000.6136,60,7950,6669.3977,0
1644032400000,0.8395,0.8403,0.8395,0.8399,11455,1644032459999,9619.9506,46,9319,7825.9865,0
1644032460000,0.8400,0.8412,0.8399,0.8411,41008,1644032519999,34472.1962,57,23568,19808.1299,0
1644032520000,0.8411,0.8431,0.8411,0.8420,26649,1644032579999,22443.5269,125,15227,12820.3771,0
1644032580000,0.8423,0.8444,0.8421,0.8443,31995,1644032639999,26977.0513,121,20315,17131.5996,0
1644032640000,0.8444,0.8490,0.8443,0.8466,126951,1644032699999,107521.2093,361,91945,77878.1295,0
1644032700000,0.8470,0.8491,0.8464,0.8481,93480,1644032759999,79265.2972,235,37029,31401.9087,0
1644032760000,0.8479,0.8489,0.8456,0.8459,93643,1644032819999,79327.7009,273,29418,24924.0583,0
1644032820000,0.8458,0.8458,0.8419,0.8427,87887,1644032879999,74189.7479,194,33026,27871.2593,0
1644032880000,0.8427,0.8451,0.8427,0.8435,69435,1644032939999,58583.3003,174,47887,40402.3179,0
1644032940000,0.8435,0.8444,0.8435,0.8441,18636,1644032999999,15728.2282,55,10424,8797.3484,0
1644033000000,0.8441,0.8449,0.8435,0.8449,18892,1644033059999,15947.4470,82,17747,14981.1384,0
1644033060000,0.8445,0.8445,0.8428,0.8433,21909,1644033119999,18487.3380,60,4861,4099.4505,0
1644033120000,0.8432,0.8434,0.8426,0.8434,14657,1644033179999,12357.9142,69,4492,3788.2266,0
1644033180000,0.8436,0.8438,0.8428,0.8435,17459,1644033239999,14727.8800,53,7201,6073.8902,0
1644033240000,0.8435,0.8456,0.8434,0.8446,29345,1644033299999,24792.8771,85,9378,7917.9869,0
1644033300000,0.8449,0.8450,0.8436,0.8446,13455,1644033359999,11359.4949,51,6475,5467.1573,0
1644033360000,0.8447,0.8452,0.8442,0.8448,14236,1644033419999,12024.7877,55,8040,6792.3052,0
1644033420000,0.8451,0.8460,0.8449,0.8458,16604,1644033479999,14039.9059,53,12047,10186.6824,0
1644033480000,0.8460,0.8495,0.8459,0.8475,66291,1644033539999,56185.8714,158,42774,36245.8229,0
1644033540000,0.8476,0.8483,0.8468,0.8468,34106,1644033599999,28910.3928,62,27696,23475.5688,0
1644033600000,0.8468,0.8481,0.8444,0.8449,69526,1644033659999,58853.2069,142,47931,40576.4420,0
1644033660000,0.8452,0.8474,0.8448,0.8465,45782,1644033719999,38742.4283,110,18974,16052.4837,0
1644033720000,0.8466,0.8489,0.8466,0.8470,39972,1644033779999,33888.9825,122,20420,17314.9281,0
1644033780000,0.8467,0.8467,0.8454,0.8458,32032,1644033839999,27092.8627,77,19016,16082.4692,0
1644033840000,0.8457,0.8458,0.8446,0.8446,22362,1644033899999,18901.0260,66,10504,8876.3850,0
1644033900000,0.8444,0.8444,0.8425,0.8425,19628,1644033959999,16557.7644,68,6551,5525.1317,0
1644033960000,0.8426,0.8456,0.8426,0.8456,34152,1644034019999,28818.3526,99,30271,25543.7416,0
1644034020000,0.8458,0.8474,0.8456,0.8458,21966,1644034079999,18604.4735,78,8074,6836.9603,0
1644034080000,0.8458,0.8466,0.8457,0.8458,12845,1644034139999,10867.7362,57,3918,3314.4346,0
1644034140000,0.8460,0.8479,0.8459,0.8474,24859,1644034199999,21061.6747,83,5660,4796.8534,0
1644034200000,0.8474,0.8495,0.8470,0.8495,34080,1644034259999,28899.4790,109,24914,21130.1739,0
1644034260000,0.8493,0.8493,0.8477,0.8488,44164,1644034319999,37456.5911,93,10321,8754.7677,0
1644034320000,0.8490,0.8495,0.8484,0.8484,36269,1644034379999,30794.5205,109,25029,21252.0830,0
1644034380000,0.8486,0.8486,0.8465,0.8483,34216,1644034439999,29009.3603,93,9780,8287.2095,0
1644034440000,0.8485,0.8512,0.8483,0.8509,72375,1644034499999,61521.1871,162,37154,31581.9529,0
1644034500000,0.8510,0.8510,0.8486,0.8486,28081,1644034559999,23847.4852,101,1706,1448.8081,0
1644034560000,0.8487,0.8495,0.8482,0.8494,29816,1644034619999,25305.0653,108,18017,15293.1539,0
1644034620000,0.8492,0.8492,0.8461,0.8462,23821,1644034679999,20182.3747,102,1287,1090.8223,0
1644034680000,0.8461,0.8476,0.8458,0.8474,39433,1644034739999,33376.8063,79,33482,28340.9592,0
1644034740000,0.8472,0.8495,0.8469,0.8488,33546,1644034799999,28436.9857,129,26862,22772.5194,0
1644034800000,0.8488,0.8501,0.8476,0.8494,19067,1644034859999,16182.8121,78,9484,8050.1150,0
1644034860000,0.8492,0.8499,0.8489,0.8495,40351,1644034919999,34276.6335,86,29179,24786.6168,0
1644034920000,0.8495,0.8495,0.8488,0.8495,14292,1644034979999,12136.6211,78,8807,7479.5873,0
1644034980000,0.8495,0.8509,0.8495,0.8505,34448,1644035039999,29287.0147,96,24923,21189.5441,0
1644035040000,0.8507,0.8519,0.8502,0.8512,46212,1644035099999,39330.7303,145,26980,22960.7954,0
1644035100000,0.8510,0.8510,0.8490,0.8495,15478,1644035159999,13154.1051,65,2683,2280.0392,0
1644035160000,0.8496,0.8499,0.8489,0.8499,10190,1644035219999,8657.3246,75,4799,4076.8229,0
1644035220000,0.8499,0.8501,0.8491,0.8501,23484,1644035279999,19953.6884,77,8037,6830.6337,0
1644035280000,0.8502,0.8513,0.8501,0.8510,15544,1644035339999,13220.7371,78,8293,7053.2184,0
1644035340000,0.8511,0.8511,0.8493,0.8498,16037,1644035399999,13632.1533,65,4899,4162.9436,0
1644035400000,0.8499,0.8503,0.8473,0.8483,55011,1644035459999,46673.6292,131,7625,6474.0528,0
1644035460000,0.8482,0.8483,0.8464,0.8468,29493,1644035519999,24998.6294,98,13467,11416.6533,0
1644035520000,0.8468,0.8474,0.8463,0.8468,11484,1644035579999,9726.5640,57,6278,5317.1172,0
1644035580000,0.8463,0.8469,0.8461,0.8465,19606,1644035639999,16598.1526,69,11649,9862.9933,0
1644035640000,0.8463,0.8469,0.8450,0.8461,45858,1644035699999,38790.5442,119,20894,17676.3281,0
1644035700000,0.8462,0.8462,0.8445,0.8450,18803,1644035759999,15892.7162,63,3471,2934.2608,0
1644035760000,0.8452,0.8454,0.8442,0.8443,19662,1644035819999,16611.1787,92,2103,1776.2132,0
1644035820000,0.8445,0.8446,0.8435,0.8444,17043,1644035879999,14389.3766,53,10700,9033.4285,0
1644035880000,0.8444,0.8444,0.8433,0.8434,23705,1644035939999,20002.4769,74,6459,5447.9380,0
1644035940000,0.8433,0.8433,0.8428,0.8431,32454,1644035999999,27362.1051,61,8084,6815.2017,0
1644036000000,0.8430,0.8441,0.8423,0.8441,37102,1644036059999,31287.8654,86,25841,21796.5498,0
1644036060000,0.8443,0.8450,0.8443,0.8449,20746,1644036119999,17526.7035,38,7311,6175.5528,0
1644036120000,0.8450,0.8452,0.8430,0.8430,34515,1644036179999,29150.5870,139,3705,3127.4824,0
1644036180000,0.8434,0.8449,0.8431,0.8449,12294,1644036239999,10374.7778,46,7865,6638.7478,0
1644036240000,0.8449,0.8449,0.8443,0.8443,28539,1644036299999,24109.9358,116,8424,7116.7903,0
1644036300000,0.8443,0.8446,0.8437,0.8437,34570,1644036359999,29186.8617,81,22566,19053.0924,0
1644036360000,0.8440,0.8440,0.8419,0.8435,37024,1644036419999,31207.9971,103,12532,10560.0630,0
1644036420000,0.8433,0.8438,0.8419,0.8429,36325,1644036479999,30622.0335,105,29341,24736.8683,0
1644036480000,0.8432,0.8432,0.8417,0.8428,14953,1644036539999,12597.6830,65,2947,2482.7959,0
1644036540000,0.8429,0.8433,0.8425,0.8428,11512,1644036599999,9702.9557,49,1764,1486.7379,0
1644036600000,0.8428,0.8428,0.8415,0.8415,24970,1644036659999,21033.4844,91,3211,2705.6446,0
1644036660000,0.8414,0.8447,0.8409,0.8434,127208,1644036719999,107187.5770,148,54446,45876.9926,0
1644036720000,0.8435,0.8442,0.8435,0.8438,5766,1644036779999,4865.7398,46,1747,1473.9401,0
1644036780000,0.8438,0.8439,0.8429,0.8429,16597,1644036839999,13994.5015,61,63,53.1531,0
1644036840000,0.8428,0.8437,0.8428,0.8435,20434,1644036899999,17231.6331,64,15927,13430.2416,0
1644036900000,0.8437,0.8444,0.8434,0.8441,6082,1644036959999,5131.9794,22,1877,1584.2261,0
1644036960000,0.8440,0.8441,0.8438,0.8441,10626,1644037019999,8968.6443,51,6762,5707.4551,0
1644037020000,0.8440,0.8440,0.8436,0.8439,7631,1644037079999,6440.0435,57,3580,3021.2465,0
1644037080000,0.8439,0.8440,0.8430,0.8438,16258,1644037139999,13715.9324,79,2395,2019.9918,0
1644037140000,0.8439,0.8446,0.8438,0.8446,13737,1644037199999,11594.8893,49,4556,3846.3678,0
1644037200000,0.8446,0.8449,0.8440,0.8440,16926,1644037259999,14295.0388,76,5405,4563.5848,0
1644037260000,0.8440,0.8441,0.8436,0.8436,13482,1644037319999,11378.1572,88,3032,2558.7750,0
1644037320000,0.8439,0.8444,0.8433,0.8436,34241,1644037379999,28894.0339,96,10544,8898.4360,0
1644037380000,0.8441,0.8442,0.8430,0.8432,27220,1644037439999,22956.6819,93,3220,2716.4965,0
1644037440000,0.8434,0.8436,0.8418,0.8418,21825,1644037499999,18394.9250,81,7001,5902.5384,0
1644037500000,0.8418,0.8426,0.8408,0.8418,43416,1644037559999,36546.9898,101,21637,18213.8077,0
1644037560000,0.8418,0.8435,0.8418,0.8430,31103,1644037619999,26213.6673,57,11865,10000.0467,0
1644037620000,0.8434,0.8438,0.8434,0.8437,16310,1644037679999,13759.9782,43,9007,7598.7526,0
1644037680000,0.8438,0.8439,0.8431,0.8439,13693,1644037739999,11553.0170,58,6060,5113.0198,0
1644037740000,0.8439,0.8441,0.8391,0.8407,123980,1644037799999,104253.2534,303,42701,35879.2610,0
1644037800000,0.8407,0.8415,0.8406,0.8409,18291,1644037859999,15381.5869,74,7811,6569.0028,0
1644037860000,0.8413,0.8417,0.8409,0.8409,21529,1644037919999,18116.6773,85,9775,8226.2325,0
1644037920000,0.8411,0.8415,0.8409,0.8410,9411,1644037979999,7916.3255,68,4509,3793.5159,0
1644037980000,0.8410,0.8420,0.8410,0.8420,12866,1644038039999,10825.5809,43,12233,10292.6582,0
1644038040000,0.8420,0.8428,0.8420,0.8425,20402,1644038099999,17189.0913,45,7143,6016.8997,0
1644038100000,0.8425,0.8432,0.8425,0.8428,17294,1644038159999,14576.7167,48,12852,10832.5002,0
1644038160000,0.8429,0.8448,0.8429,0.8436,44268,1644038219999,37351.5724,114,31285,26394.6421,0
1644038220000,0.8437,0.8437,0.8426,0.8428,11380,1644038279999,9596.6373,87,3249,2740.0511,0
1644038280000,0.8431,0.8431,0.8414,0.8417,10034,1644038339999,8449.6237,78,904,760.8524,0
1644038340000,0.8417,0.8435,0.8417,0.8433,16085,1644038399999,13545.9577,53,12060,10153.6067,0
1644038400000,0.8431,0.8434,0.8426,0.8433,12667,1644038459999,10678.6139,63,6881,5800.9437,0
1644038460000,0.8432,0.8442,0.8432,0.8434,14960,1644038519999,12619.2148,85,9153,7720.4207,0
1644038520000,0.8434,0.8442,0.8431,0.8435,23792,1644038579999,20071.7696,86,16235,13696.5248,0
1644038580000,0.8435,0.8435,0.8425,0.8427,6307,1644038639999,5315.3729,76,836,704.4870,0
1644038640000,0.8429,0.8433,0.8426,0.8433,3855,1644038699999,3249.4663,40,2802,2361.9223,0
1644038700000,0.8430,0.8436,0.8430,0.8432,8211,1644038759999,6925.5571,57,2468,2081.0151,0
1644038760000,0.8435,0.8455,0.8434,0.8439,58689,1644038819999,49540.6872,148,29455,24865.9627,0
1644038820000,0.8439,0.8440,0.8428,0.8433,15562,1644038879999,13125.3471,73,6546,5521.0367,0
1644038880000,0.8433,0.8433,0.8427,0.8431,5471,1644038939999,4612.6899,59,1020,859.9917,0
1644038940000,0.8432,0.8439,0.8432,0.8436,22371,1644038999999,18869.6265,52,10287,8675.2692,0
1644039000000,0.8436,0.8446,0.8435,0.8442,15661,1644039059999,13219.6349,67,6560,5537.0366,0
1644039060000,0.8441,0.8450,0.8441,0.8447,18536,1644039119999,15658.3590,58,12569,10617.9770,0
1644039120000,0.8449,0.8460,0.8449,0.8458,24676,1644039179999,20861.5153,69,19907,16829.5650,0
1644039180000,0.8457,0.8460,0.8451,0.8451,11928,1644039239999,10085.5726,79,2972,2513.3943,0
1644039240000,0.8448,0.8450,0.8442,0.8449,15418,1644039299999,13021.0895,64,3249,2743.7596,0
1644039300000,0.8450,0.8451,0.8433,0.8433,11072,1644039359999,9347.0017,88,1913,1615.5501,0
1644039360000,0.8436,0.8438,0.8429,0.8431,26650,1644039419999,22477.4770,83,6680,5635.9811,0
1644039420000,0.8432,0.8438,0.8428,0.8433,19504,1644039479999,16446.1577,41,17287,14576.6931,0
1644039480000,0.8431,0.8437,0.8428,0.8436,6473,1644039539999,5458.2623,41,3511,2960.5078,0
1644039540000,0.8437,0.8449,0.8437,0.8443,11442,1644039599999,9659.3510,60,8975,7576.7563,0
1644039600000,0.8443,0.8449,0.8441,0.8449,9595,1644039659999,8102.8225,53,8509,7185.7834,0
1644039660000,0.8449,0.8449,0.8443,0.8444,14123,1644039719999,11930.2105,66,5658,4780.1407,0
1644039720000,0.8446,0.8452,0.8440,0.8441,21351,1644039779999,18027.9350,97,5215,4404.1970,0
1644039780000,0.8443,0.8449,0.8442,0.8443,8862,1644039839999,7486.1161,50,391,330.1296,0
1644039840000,0.8444,0.8446,0.8435,0.8439,11168,1644039899999,9422.7494,80,1038,875.7881,0
1644039900000,0.8438,0.8441,0.8436,0.8439,15525,1644039959999,13103.4348,55,14381,12138.0545,0
1644039960000,0.8439,0.8448,0.8439,0.8443,41904,1644040019999,35383.2889,112,30159,25466.4104,0
1644040020000,0.8446,0.8467,0.8446,0.8463,54691,1644040079999,46233.4324,123,51114,43207.8786,0
1644040080000,0.8464,0.8476,0.8464,0.8470,9040,1644040139999,7657.4848,60,6317,5350.9270,0
1644040140000,0.8470,0.8471,0.8443,0.8444,28166,1644040199999,23800.9721,122,2163,1829.1073,0
1644040200000,0.8444,0.8448,0.8444,0.8447,4701,1644040259999,3970.3576,42,3372,2847.6628,0
1644040260000,0.8446,0.8450,0.8440,0.8449,11332,1644040319999,9568.1892,75,7197,6076.6249,0
1644040320000,0.8449,0.8457,0.8449,0.8457,8308,1644040379999,7021.9513,58,5172,4371.5839,0
1644040380000,0.8456,0.8460,0.8455,0.8455,16807,1644040439999,14212.7661,81,8067,6822.0512,0
1644040440000,0.8454,0.8454,0.8442,0.8446,13359,1644040499999,11286.2327,73,1385,1169.6703,0
1644040500000,0.8447,0.8456,0.8447,0.8452,34728,1644040559999,29347.5737,106,26425,22332.0057,0
1644040560000,0.8455,0.8455,0.8433,0.8433,8621,1644040619999,7280.1182,84,466,393.5225,0
1644040620000,0.8433,0.8433,0.8409,0.8431,53627,1644040679999,45130.1982,132,14574,12265.5802,0
1644040680000,0.8428,0.8430,0.8418,0.8427,25061,1644040739999,21115.4067,84,6201,5225.3151,0
1644040740000,0.8430,0.8432,0.8428,0.8432,15753,1644040799999,13280.3623,25,10550,8895.2331,0
1644040800000,0.8435,0.8448,0.8434,0.8448,55048,1644040859999,46467.0311,154,20952,17687.8797,0
1644040860000,0.8447,0.8447,0.8442,0.8445,6795,1644040919999,5738.4016,47,6061,5118.5343,0
1644040920000,0.8446,0.8466,0.8446,0.8464,36045,1644040979999,30475.2240,105,25412,21481.4504,0
1644040980000,0.8465,0.8467,0.8453,0.8464,11212,1644041039999,9483.2946,66,9221,7798.6103,0
1644041040000,0.8463,0.8468,0.8458,0.8458,9676,1644041099999,8190.3663,60,877,742.2011,0
1644041100000,0.8459,0.8462,0.8451,0.8452,11370,1644041159999,9614.3309,70,2291,1937.5296,0
1644041160000,0.8453,0.8454,0.8446,0.8448,13524,1644041219999,11426.7053,57,8487,7169.6891,0
1644041220000,0.8449,0.8452,0.8447,0.8451,5379,1644041279999,4545.0473,63,2437,2059.2478,0
1644041280000,0.8450,0.8452,0.8445,0.8447,4248,1644041339999,3588.2801,40,1809,1527.8978,0
1644041340000,0.8445,0.8447,0.8439,0.8442,22106,1644041399999,18660.2216,75,1235,1043.0592,0
1644041400000,0.8444,0.8444,0.8432,0.8432,9819,1644041459999,8283.8260,66,658,555.0356,0
1644041460000,0.8428,0.8437,0.8425,0.8434,25027,1644041519999,21100.1623,81,9283,7827.3193,0
1644041520000,0.8435,0.8438,0.8434,0.8438,3776,1644041579999,3185.9048,15,3756,3169.0368,0
1644041580000,0.8439,0.8439,0.8431,0.8439,16436,1644041639999,13865.0005,83,8919,7524.3768,0
1644041640000,0.8438,0.8448,0.8438,0.8442,23620,1644041699999,19942.8310,79,20605,17397.0390,0
1644041700000,0.8444,0.8445,0.8442,0.8442,2667,1644041759999,2252.2523,15,123,103.8670,0
1644041760000,0.8443,0.8443,0.8436,0.8442,7162,1644041819999,6044.2105,75,2341,1975.5335,0
1644041820000,0.8440,0.8440,0.8437,0.8438,6333,1644041879999,5344.1205,47,1824,1539.0912,0
1644041880000,0.8442,0.8453,0.8440,0.8450,14769,1644041939999,12468.7489,70,8682,7330.0453,0
1644041940000,0.8450,0.8457,0.8448,0.8457,7430,1644041999999,6277.8228,55,6325,5343.9886,0
1644042000000,0.8459,0.8463,0.8442,0.8442,24548,1644042059999,20747.0201,100,3678,3111.3306,0
1644042060000,0.8441,0.8458,0.8439,0.8457,15156,1644042119999,12795.4517,54,13579,11462.8153,0
1644042120000,0.8456,0.8456,0.8451,0.8455,13455,1644042179999,11375.7633,49,732,618.7225,0
1644042180000,0.8454,0.8454,0.8446,0.8446,8359,1644042239999,7061.8645,73,3450,2914.7076,0
1644042240000,0.8446,0.8452,0.8443,0.8445,6704,1644042299999,5662.1581,53,855,722.0091,0
1644042300000,0.8444,0.8450,0.8441,0.8449,14880,1644042359999,12565.0817,46,8768,7405.0108,0
1644042360000,0.8450,0.8468,0.8450,0.8468,25048,1644042419999,21190.4320,69,19224,16262.4251,0
1644042420000,0.8468,0.8471,0.8456,0.8457,15690,1644042479999,13280.4220,80,5507,4661.8399,0
1644042480000,0.8462,0.8465,0.8460,0.8464,10650,1644042539999,9012.3644,43,3245,2746.1978,0
1644042540000,0.8465,0.8469,0.8458,0.8463,21194,1644042599999,17936.5722,59,9683,8195.2578,0
1644042600000,0.8464,0.8477,0.8455,0.8473,34397,1644042659999,29122.2271,113,19075,16147.9972,0
1644042660000,0.8470,0.8470,0.8427,0.8430,97239,1644042719999,82135.0624,270,13818,11663.8970,0
1644042720000,0.8431,0.8432,0.8407,0.8430,24467,1644042779999,20603.6616,105,19208,16175.7862,0
1644042780000,0.8434,0.8446,0.8431,0.8445,20480,1644042839999,17277.9793,64,6311,5326.1371,0
1644042840000,0.8445,0.8445,0.8431,0.8435,9097,1644042899999,7673.7021,60,3022,2549.0657,0
1644042900000,0.8440,0.8445,0.8440,0.8440,3661,1644042959999,3090.5952,64,1577,1331.4776,0
1644042960000,0.8439,0.8439,0.8424,0.8428,11992,1644043019999,10108.0132,65,4927,4152.5756,0
1644043020000,0.8431,0.8431,0.8423,0.8425,9613,1644043079999,8100.6707,61,2910,2452.4091,0
1644043080000,0.8425,0.8431,0.8421,0.8422,9385,1644043139999,7906.2148,60,5161,4348.6198,0
1644043140000,0.8423,0.8430,0.8423,0.8427,4616,1644043199999,3889.0839,37,2426,2043.5349,0
1644043200000,0.8428,0.8431,0.8422,0.8422,10767,1644043259999,9073.4077,80,1585,1335.8833,0
1644043260000,0.8418,0.8418,0.8402,0.8402,14538,1644043319999,12223.6251,74,6219,5227.2562,0
1644043320000,0.8401,0.8401,0.8373,0.8385,55488,1644043379999,46511.5293,180,11719,9824.7125,0
1644043380000,0.8383,0.8388,0.8370,0.8384,35625,1644043439999,29836.5222,95,16833,14103.0366,0
1644043440000,0.8384,0.8386,0.8378,0.8386,9200,1644043499999,7712.3173,41,2099,1758.7757,0
1644043500000,0.8386,0.8394,0.8384,0.8391,19985,1644043559999,16765.4604,79,10106,8479.2185,0
1644043560000,0.8390,0.8401,0.8384,0.8400,23484,1644043619999,19710.1107,86,15514,13018.0179,0
1644043620000,0.8399,0.8401,0.8397,0.8401,9562,1644043679999,8030.1837,55,1576,1323.6340,0
1644043680000,0.8402,0.8417,0.8402,0.8417,18818,1644043739999,15828.2011,52,17052,14342.0029,0
1644043740000,0.8417,0.8418,0.8408,0.8410,34581,1644043799999,29094.4192,82,10439,8780.5129,0
1644043800000,0.8410,0.8420,0.8410,0.8412,8784,1644043859999,7391.7290,65,3345,2813.7180,0
1644043860000,0.8414,0.8418,0.8411,0.8411,21352,1644043919999,17969.9833,97,10320,8684.4546,0
1644043920000,0.8411,0.8418,0.8411,0.8414,9559,1644043979999,8043.0772,63,6764,5691.4679,0
1644043980000,0.8414,0.8414,0.8405,0.8410,27149,1644044039999,22829.5508,89,2253,1895.0331,0
1644044040000,0.8409,0.8409,0.8402,0.8404,10247,1644044099999,8612.4929,78,3965,3332.1232,0
1644044100000,0.8405,0.8416,0.8405,0.8415,23002,1644044159999,19344.9787,140,16123,13557.9728,0
1644044160000,0.8415,0.8415,0.8404,0.8407,9167,1644044219999,7708.3086,63,7859,6608.5021,0
1644044220000,0.8409,0.8409,0.8392,0.8396,26308,1644044279999,22107.2832,109,3408,2862.3099,0
1644044280000,0.8394,0.8396,0.8387,0.8392,14062,1644044339999,11798.1096,73,7794,6539.1278,0
1644044340000,0.8391,0.8392,0.8386,0.8391,36111,1644044399999,30299.5435,125,8790,7375.0507,0
1644044400000,0.8389,0.8392,0.8372,0.8390,37069,1644044459999,31059.6277,107,24055,20152.0507,0
1644044460000,0.8389,0.8397,0.8378,0.8386,39470,1644044519999,33113.2507,155,17712,14861.0462,0
1644044520000,0.8385,0.8385,0.8346,0.8351,37618,1644044579999,31481.1059,133,9079,7592.0527,0
1644044580000,0.8346,0.8346,0.8308,0.8317,63427,1644044639999,52803.2175,182,29635,24686.9174,0
1644044640000,0.8317,0.8336,0.8316,0.8336,47247,1644044699999,39331.5565,103,42310,35218.1959,0
1644044700000,0.8334,0.8337,0.8327,0.8327,16375,1644044759999,13646.4629,94,1987,1656.4209,0
1644044760000,0.8322,0.8322,0.8303,0.8317,24221,1644044819999,20133.7722,118,11458,9526.1748,0
1644044820000,0.8317,0.8332,0.8317,0.8325,34057,1644044879999,28349.7820,86,31068,25860.8373,0
1644044880000,0.8325,0.8330,0.8319,0.8328,14059,1644044939999,11699.3515,49,5127,4266.9871,0
1644044940000,0.8331,0.8339,0.8318,0.8337,64346,1644044999999,53599.8813,148,20213,16845.4849,0
1644045000000,0.8339,0.8352,0.8339,0.8352,13266,1644045059999,11069.8237,83,8717,7273.2824,0
1644045060000,0.8353,0.8357,0.8349,0.8349,18664,1644045119999,15593.0445,106,2393,1999.4260,0
1644045120000,0.8350,0.8357,0.8349,0.8357,5830,1644045179999,4869.0986,33,3758,3138.3404,0
1644045180000,0.8357,0.8362,0.8350,0.8350,15263,1644045239999,12757.4441,97,4252,3555.3046,0
1644045240000,0.8355,0.8355,0.8352,0.8352,10995,1644045299999,9184.0487,45,3631,3033.5155,0
1644045300000,0.8351,0.8351,0.8329,0.8331,35260,1644045359999,29423.7494,94,3961,3302.7943,0
1644045360000,0.8331,0.8342,0.8328,0.8342,11825,1644045419999,9852.9740,61,8522,7101.2682,0
1644045420000,0.8343,0.8351,0.8343,0.8347,4959,1644045479999,4138.1224,32,3373,2814.7636,0
1644045480000,0.8349,0.8360,0.8349,0.8360,3310,1644045539999,2765.3356,16,2232,1864.5381,0
1644045540000,0.8360,0.8360,0.8347,0.8347,7371,1644045599999,6159.4165,85,1775,1483.0838,0
1644045600000,0.8347,0.8351,0.8327,0.8329,35194,1644045659999,29339.1824,112,15088,12572.4079,0
1644045660000,0.8331,0.8350,0.8329,0.8347,29394,1644045719999,24505.5140,88,22190,18496.3032,0
1644045720000,0.8346,0.8346,0.8341,0.8345,4299,1644045779999,3586.4518,14,2170,1810.0021,0
1644045780000,0.8345,0.8366,0.8344,0.8366,29961,1644045839999,25018.9070,70,21164,17676.7826,0
1644045840000,0.8364,0.8364,0.8342,0.8350,11951,1644045899999,9979.3457,94,2633,2197.7365,0
1644045900000,0.8350,0.8355,0.8348,0.8348,16064,1644045959999,13414.5082,58,3443,2875.1153,0
1644045960000,0.8353,0.8358,0.8342,0.8342,51805,1644046019999,43241.1810,114,4664,3894.1464,0
1644046020000,0.8342,0.8343,0.8330,0.8335,54117,1644046079999,45113.2026,93,14052,11716.1290,0
1644046080000,0.8338,0.8338,0.8320,0.8336,30789,1644046139999,25644.0452,104,11379,9478.2161,0
1644046140000,0.8337,0.8349,0.8327,0.8331,44683,1644046199999,37268.8924,124,9983,8319.1272,0
1644046200000,0.8331,0.8336,0.8317,0.8320,50824,1644046259999,42328.2543,93,32163,26789.0058,0
1644046260000,0.8323,0.8329,0.8321,0.8326,25599,1644046319999,21311.9669,94,18374,15297.0138,0
1644046320000,0.8329,0.8339,0.8327,0.8332,7231,1644046379999,6025.2660,62,4219,3515.4342,0
1644046380000,0.8331,0.8337,0.8328,0.8335,7819,1644046439999,6514.1625,61,2203,1836.0960,0
1644046440000,0.8339,0.8339,0.8328,0.8328,6957,1644046499999,5798.7274,58,218,181.5707,0
1644046500000,0.8329,0.8337,0.8324,0.8331,15766,1644046559999,13132.5821,67,8505,7084.7123,0
1644046560000,0.8331,0.8334,0.8327,0.8331,7165,1644046619999,5968.0000,74,2227,1855.3591,0
1644046620000,0.8331,0.8332,0.8320,0.8320,4156,1644046679999,3460.4830,55,148,123.3020,0
1644046680000,0.8318,0.8319,0.8315,0.8319,14635,1644046739999,12172.0620,58,4962,4127.0105,0
1644046740000,0.8316,0.8323,0.8311,0.8311,29685,1644046799999,24690.1565,88,16443,13680.0011,0
1644046800000,0.8315,0.8317,0.8308,0.8308,19336,1644046859999,16074.6133,71,5062,4209.0796,0
1644046860000,0.8310,0.8321,0.8310,0.8317,11207,1644046919999,9319.7272,76,8519,7083.4815,0
1644046920000,0.8319,0.8319,0.8290,0.8301,54833,1644046979999,45513.3696,188,12457,10337.7664,0
1644046980000,0.8300,0.8300,0.8288,0.8297,67165,1644047039999,55704.1512,138,18695,15506.2630,0
1644047040000,0.8296,0.8308,0.8296,0.8305,32675,1644047099999,27130.7436,77,4566,3790.1103,0
1644047100000,0.8299,0.8301,0.8291,0.8299,12453,1644047159999,10331.0245,54,8394,6962.7420,0
1644047160000,0.8303,0.8303,0.8276,0.8277,188804,1644047219999,156457.5618,297,54727,45330.0728,0
1644047220000,0.8276,0.8287,0.8276,0.8283,36291,1644047279999,30056.3315,115,16550,13708.9608,0
1644047280000,0.8287,0.8296,0.8283,0.8289,20670,1644047339999,17137.5468,99,8750,7255.1073,0
1644047340000,0.8290,0.8299,0.8284,0.8289,30672,1644047399999,25435.8002,112,6005,4979.3117,0
1644047400000,0.8289,0.8296,0.8283,0.8289,21506,1644047459999,17828.8742,101,6335,5253.6220,0
1644047460000,0.8288,0.8293,0.8285,0.8288,12657,1644047519999,10490.5857,58,8421,6979.9360,0
1644047520000,0.8288,0.8294,0.8287,0.8289,9389,1644047579999,7784.1640,50,7697,6381.7621,0
1644047580000,0.8289,0.8292,0.8284,0.8285,9200,1644047639999,7625.2167,71,4893,4055.8735,0
1644047640000,0.8283,0.8286,0.8278,0.8280,12434,1644047699999,10298.9360,67,5736,4751.5826,0
1644047700000,0.8280,0.8288,0.8280,0.8282,17460,1644047759999,14463.1463,44,10371,8590.1025,0
1644047760000,0.8282,0.8282,0.8254,0.8254,72621,1644047819999,60027.3001,169,15934,13166.6351,0
1644047820000,0.8254,0.8258,0.8237,0.8243,88771,1644047879999,73235.3445,249,26305,21694.0434,0
1644047880000,0.8242,0.8258,0.8237,0.8253,14986,1644047939999,12359.5518,69,11471,9460.9970,0
1644047940000,0.8253,0.8269,0.8253,0.8268,39437,1644047999999,32570.7720,70,22719,18766.4513,0
1644048000000,0.8268,0.8285,0.8265,0.8279,63295,1644048059999,52356.9594,129,39718,32846.6999,0
1644048060000,0.8282,0.8288,0.8260,0.8282,47042,1644048119999,38927.6584,108,35689,29531.2522,0
1644048120000,0.8282,0.8282,0.8266,0.8271,40379,1644048179999,33411.3243,113,12852,10632.3546,0
1644048180000,0.8269,0.8274,0.8265,0.8272,14167,1644048239999,11715.1005,60,12112,10015.9229,0
1644048240000,0.8273,0.8278,0.8272,0.8276,12452,1644048299999,10303.0514,52,5185,4290.0704,0
1644048300000,0.8275,0.8292,0.8275,0.8292,45355,1644048359999,37571.2380,78,35776,29633.3010,0
1644048360000,0.8291,0.8295,0.8290,0.8290,17256,1644048419999,14310.5830,68,6474,5368.9483,0
1644048420000,0.8292,0.8296,0.8292,0.8292,6383,1644048479999,5293.2599,47,2014,1670.0512,0
1644048480000,0.8294,0.8309,0.8293,0.8306,15483,1644048539999,12852.0905,58,15202,12618.9445,0
1644048540000,0.8308,0.8311,0.8305,0.8307,14747,1644048599999,12251.3251,67,9405,7813.8570,0
1644048600000,0.8308,0.8319,0.8306,0.8309,62910,1644048659999,52300.2306,130,22357,18586.9136,0
1644048660000,0.8309,0.8309,0.8302,0.8307,23023,1644048719999,19120.8709,72,10153,8431.0074,0
1644048720000,0.8302,0.8315,0.8299,0.8315,10422,1644048779999,8654.4360,35,9156,7603.5232,0
1644048780000,0.8314,0.8324,0.8313,0.8313,26201,1644048839999,21792.6413,51,17575,14617.1486,0
1644048840000,0.8313,0.8318,0.8313,0.8313,7640,1644048899999,6352.1798,43,2609,2169.3146,0
1644048900000,0.8313,0.8320,0.8313,0.8319,26544,1644048959999,22074.0549,49,18055,15014.0587,0
1644048960000,0.8319,0.8330,0.8319,0.8325,24116,1644049019999,20076.2572,87,20268,16873.7419,0
1644049020000,0.8325,0.8325,0.8317,0.8319,5598,1644049079999,4658.8182,38,337,280.2829,0
1644049080000,0.8316,0.8326,0.8312,0.8326,52960,1644049139999,44056.1491,111,43549,36231.0374,0
1644049140000,0.8326,0.8328,0.8319,0.8326,8936,1644049199999,7438.0164,62,2795,2326.5198,0
1644049200000,0.8322,0.8342,0.8320,0.8330,70287,1644049259999,58572.8828,165,50772,42315.5824,0
1644049260000,0.8330,0.8337,0.8330,0.8337,7988,1644049319999,6655.7443,35,7876,6562.4443,0
1644049320000,0.8336,0.8340,0.8334,0.8334,7874,1644049379999,6565.1007,45,1643,1369.7365,0
1644049380000,0.8335,0.8337,0.8334,0.8334,9545,1644049439999,7955.1064,32,1327,1105.9252,0
1644049440000,0.8333,0.8334,0.8322,0.8322,23471,1644049499999,19547.9610,73,385,320.7919,0
1644049500000,0.8320,0.8337,0.8320,0.8337,15394,1644049559999,12820.7519,36,15246,12697.5287,0
1644049560000,0.8338,0.8343,0.8335,0.8338,6960,1644049619999,5802.4838,41,3696,3081.0877,0
1644049620000,0.8338,0.8342,0.8338,0.8339,5140,1644049679999,4286.6423,30,3437,2866.5825,0
1644049680000,0.8339,0.8354,0.8335,0.8354,34908,1644049739999,29120.2374,95,22154,18481.6006,0
1644049740000,0.8352,0.8354,0.8351,0.8351,15957,1644049799999,13327.2362,49,5066,4231.1833,0
1644049800000,0.8353,0.8356,0.8330,0.8333,67504,1644049859999,56298.7776,117,11931,9945.2513,0
1644049860000,0.8333,0.8347,0.8329,0.8347,47603,1644049919999,39696.2782,85,36583,30510.9086,0
1644049920000,0.8345,0.8345,0.8331,0.8337,14298,1644049979999,11922.3683,42,2488,2073.5372,0
1644049980000,0.8336,0.8354,0.8335,0.8353,84199,1644050039999,70249.8094,107,69448,57949.2097,0
1644050040000,0.8356,0.8389,0.8353,0.8385,109139,1644050099999,91399.4440,250,70262,58846.6593,0
1644050100000,0.8381,0.8389,0.8371,0.8378,13267,1644050159999,11115.0892,56,5280,4421.1564,0
1644050160000,0.8378,0.8382,0.8333,0.8333,87752,1644050219999,73310.3334,176,12275,10242.3129,0
1644050220000,0.8331,0.8339,0.8311,0.8322,53288,1644050279999,44366.3451,122,28806,23984.4219,0
1644050280000,0.8322,0.8322,0.8291,0.8294,31086,1644050339999,25833.0331,93,3709,3083.5516,0
1644050340000,0.8291,0.8307,0.8291,0.8304,31212,1644050399999,25905.9549,102,25760,21381.1681,0
1644050400000,0.8305,0.8335,0.8304,0.8309,99294,1644050459999,82593.5308,194,40627,33805.0171,0
1644050460000,0.8308,0.8316,0.8301,0.8311,32263,1644050519999,26796.2440,78,17260,14336.6860,0
1644050520000,0.8311,0.8314,0.8310,0.8311,8778,1644050579999,7295.5248,45,5617,4668.3201,0
1644050580000,0.8312,0.8312,0.8299,0.8310,64042,1644050639999,53197.2804,140,24383,20259.8639,0
1644050640000,0.8310,0.8319,0.8310,0.8312,9126,1644050699999,7586.1720,34,6900,5735.2193,0
1644050700000,0.8312,0.8316,0.8299,0.8299,17204,1644050759999,14296.7939,72,12522,10407.9335,0
1644050760000,0.8299,0.8320,0.8295,0.8316,30406,1644050819999,25268.0834,75,24157,20072.6692,0
1644050820000,0.8316,0.8320,0.8310,0.8312,20214,1644050879999,16809.2754,65,13527,11249.3327,0
1644050880000,0.8312,0.8322,0.8312,0.8317,24336,1644050939999,20243.1381,68,18790,15631.0170,0
1644050940000,0.8317,0.8336,0.8317,0.8330,29465,1644050999999,24534.9791,67,21564,17954.5942,0
1644051000000,0.8332,0.8336,0.8321,0.8325,17147,1644051059999,14281.9281,70,4620,3847.6285,0
1644051060000,0.8324,0.8334,0.8324,0.8333,24361,1644051119999,20291.2177,73,24345,20277.8993,0
1644051120000,0.8330,0.8339,0.8330,0.8337,35483,1644051179999,29577.7791,61,27019,22520.1001,0
1644051180000,0.8337,0.8341,0.8334,0.8334,23108,1644051239999,19266.8699,84,4636,3864.7688,0
1644051240000,0.8332,0.8332,0.8327,0.8331,7429,1644051299999,6188.6275,57,5021,4183.0849,0
1644051300000,0.8332,0.8336,0.8329,0.8329,20638,1644051359999,17195.7131,59,1553,1294.4164,0
1644051360000,0.8334,0.8337,0.8329,0.8334,5130,1644051419999,4274.0444,46,1312,1093.2195,0
1644051420000,0.8334,0.8338,0.8334,0.8337,13558,1644051479999,11300.9384,50,6659,5551.3118,0
1644051480000,0.8336,0.8340,0.8336,0.8337,16402,1644051539999,13674.8741,47,11293,9415.4513,0
1644051540000,0.8337,0.8338,0.8330,0.8330,43519,1644051599999,36276.0314,89,10021,8353.5738,0
1644051600000,0.8332,0.8340,0.8324,0.8324,29008,1644051659999,24172.1081,79,14070,11728.6272,0
1644051660000,0.8321,0.8324,0.8307,0.8316,28280,1644051719999,23508.9868,80,21199,17621.6414,0
1644051720000,0.8313,0.8320,0.8308,0.8315,25905,1644051779999,21538.5747,85,18298,15216.7825,0
1644051780000,0.8317,0.8339,0.8316,0.8333,54346,1644051839999,45260.6225,106,44765,37279.1166,0
1644051840000,0.8334,0.8337,0.8331,0.8334,6218,1644051899999,5180.9305,20,2790,2324.3602,0
1644051900000,0.8334,0.8345,0.8333,0.8343,21344,1644051959999,17795.3141,75,7171,5979.7907,0
1644051960000,0.8344,0.8359,0.8344,0.8357,13804,1644052019999,11527.3431,51,9193,7674.7663,0
1644052020000,0.8356,0.8357,0.8348,0.8351,11795,1644052079999,9851.4766,58,5872,4905.1882,0
1644052080000,0.8352,0.8352,0.8335,0.8337,12821,1644052139999,10699.7488,49,3931,3279.7126,0
1644052140000,0.8337,0.8341,0.8336,0.8341,4271,1644052199999,3561.0199,21,2579,2150.3887,0
1644052200000,0.8340,0.8350,0.8340,0.8345,2920,1644052259999,2436.7839,35,1761,1469.3476,0
1644052260000,0.8345,0.8345,0.8341,0.8342,5174,1644052319999,4315.9296,36,3183,2654.9686,0
1644052320000,0.8341,0.8345,0.8339,0.8339,12253,1644052379999,10219.6980,70,2284,1905.2447,0
1644052380000,0.8337,0.8348,0.8337,0.8345,15724,1644052439999,13119.1590,69,15600,13015.7554,0
1644052440000,0.8344,0.8344,0.8342,0.8342,604,1644052499999,503.8713,14,0,0.0000,0
1644052500000,0.8342,0.8347,0.8339,0.8344,21556,1644052559999,17984.2927,64,13161,10980.9887,0
1644052560000,0.8342,0.8347,0.8339,0.8343,12706,1644052619999,10602.4014,33,9392,7838.0675,0
1644052620000,0.8343,0.8345,0.8342,0.8343,5940,1644052679999,4955.6238,31,2537,2116.6305,0
1644052680000,0.8343,0.8351,0.8342,0.8351,21989,1644052739999,18352.2657,47,8891,7422.1173,0
1644052740000,0.8347,0.8351,0.8346,0.8351,5764,1644052799999,4811.3860,27,2789,2328.1960,0
1644052800000,0.8351,0.8355,0.8349,0.8349,7679,1644052859999,6413.1160,39,2280,1903.9780,0
1644052860000,0.8350,0.8352,0.8347,0.8352,16612,1644052919999,13870.0018,39,6013,5020.2440,0
1644052920000,0.8348,0.8348,0.8337,0.8339,11057,1644052979999,9226.0517,32,2366,1972.8239,0
1644052980000,0.8340,0.8341,0.8335,0.8341,13647,1644053039999,11379.0886,31,2055,1713.6843,0
1644053040000,0.8342,0.8350,0.8342,0.8350,1694,1644053099999,1413.5565,20,1694,1413.5565,0
1644053100000,0.8349,0.8356,0.8348,0.8356,5834,1644053159999,4873.6298,31,3408,2847.1620,0
1644053160000,0.8356,0.8358,0.8352,0.8352,7113,1644053219999,5942.7033,61,4620,3859.9628,0
1644053220000,0.8353,0.8353,0.8335,0.8341,30708,1644053279999,25631.8454,61,12213,10187.5158,0
1644053280000,0.8340,0.8355,0.8340,0.8352,12511,1644053339999,10442.7178,51,11647,9720.8904,0
1644053340000,0.8352,0.8352,0.8344,0.8344,18368,1644053399999,15338.2014,28,1631,1361.1842,0
1644053400000,0.8342,0.8343,0.8337,0.8343,18862,1644053459999,15727.9762,47,6284,5240.0722,0
1644053460000,0.8344,0.8351,0.8343,0.8344,26536,1644053519999,22148.0559,67,13816,11530.4865,0
1644053520000,0.8346,0.8347,0.8346,0.8347,599,1644053579999,499.9622,4,368,307.1696,0
1644053580000,0.8346,0.8359,0.8342,0.8349,33575,1644053639999,28039.1624,100,24889,20789.2958,0
1644053640000,0.8349,0.8349,0.8344,0.8345,4019,1644053699999,3354.6547,32,2654,2215.4764,0
1644053700000,0.8345,0.8345,0.8339,0.8344,32658,1644053759999,27247.7373,71,11095,9256.4272,0
1644053760000,0.8341,0.8345,0.8340,0.8345,7121,1644053819999,5940.1260,19,5457,4552.3500,0
1644053820000,0.8343,0.8344,0.8343,0.8344,8018,1644053879999,6690.0466,21,1726,1440.0018,0
1644053880000,0.8342,0.8350,0.8341,0.8349,31982,1644053939999,26692.6134,70,21113,17621.6170,0
1644053940000,0.8348,0.8359,0.8348,0.8359,6842,1644053999999,5714.6877,39,4310,3599.6734,0
1644054000000,0.8358,0.8359,0.8350,0.8356,10415,1644054059999,8700.5599,57,4596,3839.7396,0
1644054060000,0.8358,0.8368,0.8358,0.8366,11789,1644054119999,9859.8874,57,10926,9138.1348,0
1644054120000,0.8366,0.8374,0.8365,0.8372,5087,1644054179999,4257.5861,47,3531,2955.0993,0
1644054180000,0.8374,0.8377,0.8367,0.8373,34311,1644054239999,28730.0247,121,11568,9686.0492,0
1644054240000,0.8373,0.8373,0.8360,0.8360,6375,1644054299999,5334.4093,46,1408,1177.2241,0
1644054300000,0.8359,0.8367,0.8359,0.8367,13275,1644054359999,11102.8743,55,9551,7989.8577,0
1644054360000,0.8366,0.8366,0.8355,0.8356,9363,1644054419999,7825.4228,47,1311,1095.4716,0
1644054420000,0.8357,0.8357,0.8329,0.8333,53055,1644054479999,44277.4207,98,18626,15533.0171,0
1644054480000,0.8333,0.8337,0.8324,0.8324,6125,1644054539999,5104.5635,40,2988,2490.7593,0
1644054540000,0.8329,0.8329,0.8302,0.8314,72127,1644054599999,59993.9511,166,37413,31115.4563,0
1644054600000,0.8309,0.8314,0.8290,0.8308,43544,1644054659999,36149.9246,139,16414,13627.6955,0
1644054660000,0.8307,0.8308,0.8299,0.8299,14570,1644054719999,12101.0630,78,6071,5042.3236,0
1644054720000,0.8301,0.8301,0.8287,0.8298,27820,1644054779999,23075.5724,67,17311,14359.6257,0
1644054780000,0.8298,0.8324,0.8285,0.8320,101019,1644054839999,83823.7083,162,60627,50315.2347,0
1644054840000,0.8319,0.8326,0.8311,0.8320,35060,1644054899999,29155.1473,60,725,603.2502,0
1644054900000,0.8322,0.8331,0.8320,0.8325,8015,1644054959999,6674.5491,59,330,274.7412,0
1644054960000,0.8325,0.8343,0.8325,0.8336,23932,1644055019999,19947.9290,64,18544,15458.2999,0
1644055020000,0.8338,0.8346,0.8337,0.8346,9540,1644055079999,7959.2729,33,7998,6673.3732,0
1644055080000,0.8343,0.8357,0.8342,0.8356,35404,1644055139999,29571.0944,72,23157,19342.7105,0
1644055140000,0.8354,0.8365,0.8354,0.8360,17722,1644055199999,14811.2815,55,7861,6569.1826,0
1644055200000,0.8363,0.8366,0.8347,0.8355,16082,1644055259999,13445.1097,53,3809,3183.8159,0
1644055260000,0.8355,0.8363,0.8348,0.8362,25528,1644055319999,21325.3275,128,20010,16715.0966,0
1644055320000,0.8362,0.8384,0.8362,0.8371,164215,1644055379999,137525.2843,248,43562,36478.5449,0
1644055380000,0.8372,0.8390,0.8371,0.8388,40193,1644055439999,33681.8433,222,33531,28100.8775,0
1644055440000,0.8386,0.8400,0.8381,0.8389,35304,1644055499999,29616.2850,133,17931,15045.6549,0
1644055500000,0.8389,0.8410,0.8387,0.8410,28088,1644055559999,23589.9947,139,20862,17525.4195,0
1644055560000,0.8407,0.8407,0.8393,0.8398,20283,1644055619999,17041.4774,81,7898,6634.8515,0
1644055620000,0.8395,0.8401,0.8383,0.8390,37455,1644055679999,31435.3519,115,17389,14592.6611,0
1644055680000,0.8391,0.8396,0.8387,0.8387,4859,1644055739999,4078.5942,50,4431,3719.5054,0
1644055740000,0.8388,0.8394,0.8368,0.8368,29405,1644055799999,24642.7058,88,6955,5830.3932,0
1644055800000,0.8367,0.8379,0.8364,0.8374,15361,1644055859999,12858.7102,65,6844,5730.1612,0
1644055860000,0.8374,0.8375,0.8366,0.8366,10945,1644055919999,9160.2774,52,9736,8148.2813,0
1644055920000,0.8367,0.8367,0.8362,0.8364,8634,1644055979999,7221.3526,67,4285,3584.3145,0
1644055980000,0.8361,0.8362,0.8351,0.8360,17518,1644056039999,14642.0479,55,7208,6024.4525,0
1644056040000,0.8361,0.8373,0.8361,0.8367,20469,1644056099999,17127.5197,82,9535,7975.8855,0
1644056100000,0.8367,0.8369,0.8357,0.8360,10707,1644056159999,8956.2417,58,2344,1960.9185,0
1644056160000,0.8359,0.8359,0.8347,0.8350,22964,1644056219999,19177.5877,100,4620,3857.8410,0
1644056220000,0.8348,0.8363,0.8341,0.8363,14847,1644056279999,12401.9891,68,9383,7842.5663,0
1644056280000,0.8361,0.8362,0.8351,0.8355,4801,1644056339999,4011.9801,92,955,798.0678,0
1644056340000,0.8355,0.8383,0.8355,0.8381,29864,1644056399999,24994.0235,145,24993,20916.3951,0
1644056400000,0.8380,0.8386,0.8376,0.8382,7037,1644056459999,5897.4915,59,4481,3755.2859,0
1644056460000,0.8384,0.8391,0.8377,0.8391,23304,1644056519999,19536.5294,78,12935,10843.6396,0
1644056520000,0.8390,0.8390,0.8372,0.8372,7225,1644056579999,6057.2095,96,1596,1338.6454,0
1644056580000,0.8374,0.8380,0.8373,0.8373,6614,1644056639999,5541.6122,48,635,531.8513,0
1644056640000,0.8375,0.8381,0.8373,0.8381,3812,1644056699999,3193.7014,31,3661,3067.2505,0
1644056700000,0.8382,0.8392,0.8382,0.8390,15909,1644056759999,13345.0565,60,13521,11341.8295,0
1644056760000,0.8390,0.8392,0.8382,0.8383,6555,1644056819999,5498.8870,80,3270,2743.4555,0
1644056820000,0.8384,0.8387,0.8380,0.8382,13357,1644056879999,11197.6304,60,4808,4030.3500,0
1644056880000,0.8380,0.8391,0.8380,0.8391,27353,1644056939999,22935.5283,65,26355,22098.6793,0
1644056940000,0.8391,0.8410,0.8390,0.8406,19560,1644056999999,16433.6257,88,14016,11777.4561,0
1644057000000,0.8409,0.8421,0.8403,0.8407,48609,1644057059999,40888.9824,133,6981,5874.4126,0
1644057060000,0.8408,0.8418,0.8408,0.8408,74007,1644057119999,62254.2400,119,30202,25406.7827,0
1644057120000,0.8408,0.8408,0.8398,0.8404,7545,1644057179999,6338.5675,60,6695,5624.4180,0
1644057180000,0.8403,0.8410,0.8403,0.8410,15789,1644057239999,13276.3545,37,10502,8830.9302,0
1644057240000,0.8409,0.8409,0.8399,0.8399,6962,1644057299999,5849.6563,75,4584,3850.5610,0
1644057300000,0.8398,0.8408,0.8398,0.8407,31886,1644057359999,26792.1845,66,24776,20819.8542,0
1644057360000,0.8408,0.8408,0.8401,0.8403,11414,1644057419999,9592.1647,65,7857,6602.1652,0
1644057420000,0.8403,0.8403,0.8401,0.8401,14954,1644057479999,12564.8998,40,4534,3809.0134,0
1644057480000,0.8400,0.8408,0.8395,0.8396,10644,1644057539999,8942.3527,90,4808,4039.7508,0
1644057540000,0.8396,0.8398,0.8391,0.8394,27276,1644057599999,22897.3267,85,10800,9065.8835,0
1644057600000,0.8393,0.8394,0.8391,0.8393,5136,1644057659999,4309.9486,58,3854,3233.9891,0
1644057660000,0.8393,0.8403,0.8392,0.8401,26072,1644057719999,21893.4744,89,25366,21300.7513,0
1644057720000,0.8401,0.8405,0.8389,0.8389,21008,1644057779999,17637.3715,96,2567,2156.7761,0
1644057780000,0.8391,0.8406,0.8391,0.8401,27907,1644057839999,23448.4915,89,10256,8614.4812,0
1644057840000,0.8400,0.8401,0.8397,0.8398,15345,1644057899999,12887.2981,51,8904,7477.6989,0
1644057900000,0.8399,0.8412,0.8399,0.8412,20897,1644057959999,17571.2582,62,20227,17007.8774,0
1644057960000,0.8410,0.8410,0.8404,0.8408,9273,1644058019999,7794.4927,65,5801,4876.2404,0
1644058020000,0.8408,0.8408,0.8402,0.8407,23056,1644058079999,19381.6099,78,4795,4030.1362,0
1644058080000,0.8406,0.8409,0.8401,0.8409,13809,1644058139999,11607.8731,76,9104,7653.7387,0
1644058140000,0.8407,0.8409,0.8396,0.8396,22863,1644058199999,19215.8132,84,6558,5510.4671,0
1644058200000,0.8395,0.8395,0.8376,0.8379,34450,1644058259999,28877.0962,97,3536,2963.9414,0
1644058260000,0.8380,0.8387,0.8378,0.8386,27735,1644058319999,23248.7301,85,12671,10619.8754,0
1644058320000,0.8384,0.8396,0.8384,0.8396,14073,1644058379999,11809.0299,56,13743,11532.1069,0
1644058380000,0.8394,0.8399,0.8394,0.8394,19695,1644058439999,16536.5071,68,2954,2479.8828,0
1644058440000,0.8394,0.8435,0.8394,0.8434,78285,1644058499999,65809.7663,198,72877,61255.0146,0
1644058500000,0.8437,0.8438,0.8430,0.8435,21044,1644058559999,17748.8861,72,4048,3414.3744,0
1644058560000,0.8434,0.8440,0.8432,0.8440,8750,1644058619999,7380.4123,64,7953,6708.2533,0
1644058620000,0.8439,0.8446,0.8434,0.8439,39645,1644058679999,33460.2470,132,12202,10296.1081,0
1644058680000,0.8436,0.8438,0.8434,0.8435,14146,1644058739999,11932.8323,69,5086,4290.1337,0
1644058740000,0.8434,0.8437,0.8421,0.8423,44935,1644058799999,37871.6222,73,23318,19647.4058,0
1644058800000,0.8422,0.8426,0.8421,0.8423,19381,1644058859999,16323.5444,53,10083,8492.0908,0
1644058860000,0.8424,0.8427,0.8387,0.8398,213505,1644058919999,179539.8698,383,36403,30600.2192,0
1644058920000,0.8403,0.8403,0.8394,0.8396,12165,1644058979999,10213.7688,53,4406,3699.5225,0
1644058980000,0.8397,0.8398,0.8389,0.8392,8084,1644059039999,6785.6969,74,3527,2960.6248,0
1644059040000,0.8391,0.8395,0.8387,0.8388,12209,1644059099999,10243.8354,77,10506,8815.2833,0
1644059100000,0.8389,0.8390,0.8387,0.8389,1654,1644059159999,1387.4172,14,1443,1210.4515,0
1644059160000,0.8388,0.8394,0.8388,0.8394,18721,1644059219999,15707.9075,63,15597,13086.6674,0
1644059220000,0.8393,0.8404,0.8393,0.8403,4209,1644059279999,3533.7503,29,3909,3281.7521,0
1644059280000,0.8403,0.8403,0.8394,0.8395,10104,1644059339999,8485.5901,65,5111,4291.4094,0
1644059340000,0.8396,0.8402,0.8396,0.8402,4782,1644059399999,4015.5894,20,4753,3991.2381,0
1644059400000,0.8402,0.8413,0.8401,0.8413,10033,1644059459999,8434.3485,49,9299,7817.4291,0
1644059460000,0.8413,0.8416,0.8402,0.8405,18580,1644059519999,15628.2110,70,6790,5711.2366,0
1644059520000,0.8405,0.8410,0.8405,0.8406,3616,1644059579999,3039.9348,31,1468,1234.1740,0
1644059580000,0.8407,0.8409,0.8406,0.8409,3051,1644059639999,2565.2027,33,1248,1049.4212,0
1644059640000,0.8410,0.8417,0.8409,0.8417,3090,1644059699999,2600.1194,36,2992,2517.7098,0
1644059700000,0.8417,0.8429,0.8417,0.8429,8795,1644059759999,7404.9479,53,3629,3055.6895,0
1644059760000,0.8428,0.8428,0.8413,0.8413,16398,1644059819999,13805.2267,92,692,582.7491,0
1644059820000,0.8413,0.8414,0.8405,0.8405,7715,1644059879999,6488.4397,65,290,243.8812,0
1644059880000,0.8409,0.8411,0.8406,0.8409,3038,1644059939999,2554.6379,46,1526,1283.1963,0
1644059940000,0.8408,0.8408,0.8394,0.8396,14806,1644059999999,12441.2072,85,2739,2301.7827,0
1644060000000,0.8395,0.8398,0.8388,0.8388,2719,1644060059999,2282.6135,63,302,253.5936,0
1644060060000,0.8389,0.8389,0.8359,0.8363,34991,1644060119999,29313.1738,115,7907,6625.0360,0
1644060120000,0.8361,0.8376,0.8360,0.8376,17946,1644060179999,15020.8146,76,15672,13119.6039,0
1644060180000,0.8380,0.8386,0.8377,0.8386,8155,1644060239999,6834.9950,64,4941,4141.5431,0
1644060240000,0.8386,0.8395,0.8380,0.8390,5132,1644060299999,4304.4954,64,1199,1005.6741,0
1644060300000,0.8389,0.8391,0.8372,0.8374,25908,1644060359999,21716.1626,86,1729,1449.8444,0
1644060360000,0.8375,0.8389,0.8375,0.8389,26242,1644060419999,21997.3656,58,25973,21771.7334,0
1644060420000,0.8390,0.8393,0.8387,0.8389,4044,1644060479999,3392.8212,58,1369,1148.7609,0
1644060480000,0.8392,0.8392,0.8380,0.8388,4934,1644060539999,4136.8301,75,2422,2030.4140,0
1644060540000,0.8390,0.8390,0.8379,0.8380,25170,1644060599999,21098.5896,94,1025,858.9330,0
1644060600000,0.8380,0.8380,0.8367,0.8367,8510,1644060659999,7126.9475,84,3513,2941.9965,0
1644060660000,0.8366,0.8374,0.8365,0.8369,26180,1644060719999,21909.3917,83,21541,18026.7261,0
1644060720000,0.8369,0.8377,0.8369,0.8377,3531,1644060779999,2957.1158,32,3192,2673.1748,0
1644060780000,0.8374,0.8374,0.8367,0.8369,8745,1644060839999,7318.7683,69,942,788.4339,0
1644060840000,0.8370,0.8380,0.8370,0.8374,42670,1644060899999,35744.4852,73,40798,34176.9528,0
1644060900000,0.8373,0.8373,0.8366,0.8373,18139,1644060959999,15177.8959,66,10463,8754.7316,0
1644060960000,0.8372,0.8373,0.8367,0.8367,10275,1644061019999,8598.8447,77,1146,958.9797,0
1644061020000,0.8369,0.8373,0.8367,0.8368,7565,1644061079999,6332.1760,50,4441,3717.5698,0
1644061080000,0.8370,0.8372,0.8368,0.8371,7421,1644061139999,6210.6841,89,1109,928.3535,0
1644061140000,0.8371,0.8378,0.8370,0.8377,11541,1644061199999,9667.0709,56,4483,3755.3704,0
1644061200000,0.8377,0.8388,0.8376,0.8387,16127,1644061259999,13517.3018,106,8058,6753.3239,0
1644061260000,0.8388,0.8400,0.8388,0.8395,15077,1644061319999,12661.4695,99,4363,3663.6432,0
1644061320000,0.8394,0.8406,0.8394,0.8405,35712,1644061379999,30002.3992,151,27729,23294.2585,0
1644061380000,0.8405,0.8412,0.8397,0.8400,34078,1644061439999,28646.7627,126,6022,5062.6701,0
1644061440000,0.8399,0.8400,0.8391,0.8396,6619,1644061499999,5558.5195,86,501,420.6552,0
1644061500000,0.8395,0.8406,0.8395,0.8401,22279,1644061559999,18720.5493,121,7905,6640.5595,0
1644061560000,0.8402,0.8408,0.8393,0.8408,25859,1644061619999,21728.7486,87,17857,15004.8401,0
1644061620000,0.8408,0.8416,0.8406,0.8416,16711,1644061679999,14052.5367,81,4463,3755.3924,0
1644061680000,0.8415,0.8416,0.8393,0.8393,9073,1644061739999,7628.1483,90,1436,1206.4878,0
1644061740000,0.8393,0.8411,0.8393,0.8411,27508,1644061799999,23111.8954,59,22845,19192.4002,0
1644061800000,0.8410,0.8411,0.8409,0.8411,3661,1644061859999,3078.7460,38,757,636.7127,0
1644061860000,0.8410,0.8410,0.8391,0.8391,19847,1644061919999,16675.9787,111,5926,4981.7373,0
1644061920000,0.8390,0.8395,0.8386,0.8386,7183,1644061979999,6027.7663,74,6050,5077.1948,0
1644061980000,0.8389,0.8399,0.8388,0.8394,2306,1644062039999,1935.6819,24,1421,1192.3894,0
1644062040000,0.8396,0.8397,0.8389,0.8389,4451,1644062099999,3736.1665,80,423,355.1394,0
1644062100000,0.8383,0.8397,0.8383,0.8395,8588,1644062159999,7207.5399,39,6909,5797.7862,0
1644062160000,0.8394,0.8395,0.8391,0.8394,3631,1644062219999,3047.1237,42,2443,2050.0159,0
1644062220000,0.8392,0.8394,0.8389,0.8391,7887,1644062279999,6618.0753,62,3876,3252.1407,0
1644062280000,0.8392,0.8398,0.8392,0.8394,13042,1644062339999,10947.2640,58,9591,8050.1134,0
1644062340000,0.8396,0.8397,0.8389,0.8391,9815,1644062399999,8240.4295,86,2069,1737.1977,0
1644062400000,0.8388,0.8396,0.8388,0.8394,13869,1644062459999,11641.3430,46,5389,4522.9846,0
1644062460000,0.8393,0.8394,0.8389,0.8389,18750,1644062519999,15734.3634,82,6378,5352.4500,0
1644062520000,0.8389,0.8390,0.8385,0.8390,7427,1644062579999,6228.9671,25,2204,1848.5177,0
1644062580000,0.8390,0.8396,0.8390,0.8395,4312,1644062639999,3618.2867,36,3248,2725.3171,0
1644062640000,0.8396,0.8399,0.8396,0.8398,11907,1644062699999,9999.1677,40,11005,9241.7966,0
1644062700000,0.8399,0.8414,0.8399,0.8405,44303,1644062759999,37242.5991,170,28731,24148.1494,0
1644062760000,0.8405,0.8409,0.8395,0.8398,14141,1644062819999,11882.2351,78,6730,5657.0934,0
1644062820000,0.8398,0.8401,0.8396,0.8400,4258,1644062879999,3576.2349,46,2656,2230.9213,0
1644062880000,0.8400,0.8402,0.8389,0.8392,13504,1644062939999,11338.3669,88,7640,6413.8311,0
1644062940000,0.8391,0.8392,0.8357,0.8359,21759,1644062999999,18220.7429,124,9306,7793.2506,0
1644063000000,0.8360,0.8366,0.8353,0.8362,4581,1644063059999,3829.7622,59,2602,2175.4449,0
1644063060000,0.8361,0.8369,0.8356,0.8369,7460,1644063119999,6236.3895,44,7293,6096.8046,0
1644063120000,0.8369,0.8373,0.8365,0.8369,7849,1644063179999,6569.2014,48,3119,2610.8724,0
1644063180000,0.8367,0.8369,0.8353,0.8356,78661,1644063239999,65760.6620,194,28719,24017.7016,0
1644063240000,0.8356,0.8373,0.8356,0.8373,19785,1644063299999,16544.9268,79,17600,14716.7012,0
1644063300000,0.8371,0.8382,0.8370,0.8381,20439,1644063359999,17117.8833,68,14857,12442.1567,0
1644063360000,0.8380,0.8386,0.8378,0.8378,14185,1644063419999,11890.2596,74,7144,5988.4399,0
1644063420000,0.8378,0.8382,0.8377,0.8380,3234,1644063479999,2710.0701,46,756,633.5793,0
1644063480000,0.8380,0.8381,0.8373,0.8377,5507,1644063539999,4613.7273,68,2548,2134.5873,0
1644063540000,0.8376,0.8398,0.8370,0.8398,85976,1644063599999,72056.5945,174,78861,66094.9997,0
1644063600000,0.8398,0.8412,0.8397,0.8412,22193,1644063659999,18656.2195,91,18495,15547.6797,0
1644063660000,0.8410,0.8435,0.8409,0.8435,62631,1644063719999,52749.5396,144,51595,43455.4190,0
1644063720000,0.8435,0.8441,0.8428,0.8440,17462,1644063779999,14726.5148,74,7018,5919.5970,0
1644063780000,0.8439,0.8445,0.8433,0.8439,60991,1644063839999,51485.4702,151,44406,37488.8721,0
1644063840000,0.8442,0.8474,0.8430,0.8467,79024,1644063899999,66804.1504,235,56070,47430.4952,0
1644063900000,0.8470,0.8516,0.8468,0.8516,32251,1644063959999,27387.9548,154,22050,18726.4861,0
1644063960000,0.8516,0.8600,0.8512,0.8574,185565,1644064019999,158847.4785,590,131385,112419.4307,0
1644064020000,0.8578,0.8578,0.8464,0.8469,181391,1644064079999,154359.5332,610,14432,12286.8291,0
1644064080000,0.8470,0.8470,0.8435,0.8439,91632,1644064139999,77428.1581,295,47515,40152.2219,0
1644064140000,0.8438,0.8438,0.8406,0.8411,61193,1644064199999,51551.8175,229,23404,19708.2655,0
1644064200000,0.8407,0.8409,0.8383,0.8395,41700,1644064259999,35011.0443,203,13599,11419.0040,0
1644064260000,0.8391,0.8391,0.8376,0.8385,32502,1644064319999,27247.1020,171,17537,14706.2329,0
1644064320000,0.8386,0.8396,0.8386,0.8388,13448,1644064379999,11282.1989,62,5259,4411.6413,0
1644064380000,0.8388,0.8403,0.8386,0.8396,27396,1644064439999,22997.7808,110,23380,19628.5338,0
1644064440000,0.8397,0.8423,0.8397,0.8406,23438,1644064499999,19713.8877,154,12332,10371.1291,0
1644064500000,0.8407,0.8417,0.8407,0.8414,6967,1644064559999,5861.0280,49,3855,3243.4952,0
1644064560000,0.8413,0.8413,0.8378,0.8392,38791,1644064619999,32559.6597,153,14378,12065.3010,0
1644064620000,0.8389,0.8392,0.8381,0.8384,10580,1644064679999,8875.2489,47,1775,1489.0033,0
1644064680000,0.8385,0.8388,0.8360,0.8365,39492,1644064739999,33048.2220,166,5737,4803.4294,0
1644064740000,0.8365,0.8369,0.8361,0.8367,14264,1644064799999,11931.5255,80,5143,4302.8857,0
1644064800000,0.8370,0.8378,0.8367,0.8372,24162,1644064859999,20232.6470,105,13019,10901.1407,0
1644064860000,0.8371,0.8375,0.8371,0.8375,11028,1644064919999,9233.9539,45,11005,9214.7006,0
1644064920000,0.8376,0.8376,0.8370,0.8374,9489,1644064979999,7945.6578,50,6530,5467.6258,0
1644064980000,0.8372,0.8373,0.8362,0.8369,12576,1644065039999,10522.8489,78,6184,5175.5446,0
1644065040000,0.8369,0.8373,0.8369,0.8372,23131,1644065099999,19360.8898,91,11392,9536.0044,0
1644065100000,0.8373,0.8376,0.8367,0.8372,21252,1644065159999,17790.7258,76,3167,2651.5327,0
1644065160000,0.8368,0.8369,0.8365,0.8369,8998,1644065219999,7528.5629,36,8854,7408.0839,0
1644065220000,0.8368,0.8370,0.8364,0.8367,7067,1644065279999,5912.5882,60,4035,3375.7173,0
1644065280000,0.8367,0.8373,0.8366,0.8370,7221,1644065339999,6044.6387,38,5877,4919.7491,0
1644065340000,0.8371,0.8377,0.8371,0.8373,17127,1644065399999,14340.2797,41,16660,13949.2497,0
1644065400000,0.8373,0.8376,0.8369,0.8369,25351,1644065459999,21222.7068,134,3677,3078.2298,0
1644065460000,0.8369,0.8369,0.8345,0.8353,54777,1644065519999,45769.3032,175,11809,9862.2607,0
1644065520000,0.8352,0.8354,0.8343,0.8344,18837,1644065579999,15726.7198,56,3785,3160.8237,0
1644065580000,0.8342,0.8342,0.8324,0.8324,32311,1644065639999,26931.8489,136,8365,6973.2100,0
1644065640000,0.8324,0.8328,0.8318,0.8327,16741,1644065699999,13932.4982,78,8940,7440.3934,0
1644065700000,0.8327,0.8338,0.8326,0.8338,26146,1644065759999,21779.7410,72,22958,19123.2015,0
1644065760000,0.8337,0.8349,0.8337,0.8349,27270,1644065819999,22753.8945,53,24697,20606.8647,0
1644065820000,0.8349,0.8355,0.8325,0.8325,79838,1644065879999,66607.6046,227,26493,22117.8322,0
1644065880000,0.8326,0.8335,0.8326,0.8334,3651,1644065939999,3040.8902,25,3326,2770.0084,0
1644065940000,0.8333,0.8335,0.8327,0.8332,32227,1644065999999,26842.7815,106,23722,19756.8056,0
1644066000000,0.8332,0.8335,0.8320,0.8320,23153,1644066059999,19290.5068,75,12090,10073.3467,0
1644066060000,0.8322,0.8322,0.8309,0.8315,40744,1644066119999,33872.8737,144,13311,11064.8735,0
1644066120000,0.8313,0.8321,0.8311,0.8321,17416,1644066179999,14484.3292,71,9773,8129.5760,0
1644066180000,0.8319,0.8336,0.8319,0.8334,29198,1644066239999,24319.9478,90,23990,19983.1479,0
1644066240000,0.8335,0.8340,0.8333,0.8333,13494,1644066299999,11251.7475,63,3248,2708.3714,0
1644066300000,0.8331,0.8339,0.8326,0.8339,12811,1644066359999,10672.7805,52,3535,2946.6719,0
1644066360000,0.8340,0.8348,0.8340,0.8342,9290,1644066419999,7751.7397,63,4484,3741.3971,0
1644066420000,0.8343,0.8346,0.8329,0.8329,11143,1644066479999,9293.0666,96,766,638.7987,0
1644066480000,0.8336,0.8336,0.8323,0.8324,10522,1644066539999,8765.9308,62,2364,1970.3567,0
1644066540000,0.8324,0.8325,0.8317,0.8321,9916,1644066599999,8252.3635,69,6826,5681.0245,0
1644066600000,0.8320,0.8329,0.8315,0.8329,30479,1644066659999,25367.3351,122,19161,15945.2018,0
1644066660000,0.8330,0.8336,0.8323,0.8324,23855,1644066719999,19863.2271,112,7072,5889.8172,0
1644066720000,0.8327,0.8328,0.8319,0.8322,10711,1644066779999,8914.9938,85,1545,1286.2993,0
1644066780000,0.8323,0.8324,0.8316,0.8316,43331,1644066839999,36050.2021,128,10267,8542.7846,0
1644066840000,0.8317,0.8322,0.8310,0.8310,23613,1644066899999,19634.7460,97,1889,1570.8156,0
1644066900000,0.8311,0.8311,0.8299,0.8299,76907,1644066959999,63876.2083,196,31145,25871.1382,0
1644066960000,0.8303,0.8310,0.8297,0.8310,41036,1644067019999,34071.9793,86,26202,21760.0117,0
1644067020000,0.8309,0.8310,0.8305,0.8307,20801,1644067079999,17283.7468,74,13191,10961.2147,0
1644067080000,0.8308,0.8309,0.8306,0.8308,4487,1644067139999,3727.5580,45,0,0.0000,0
1644067140000,0.8310,0.8317,0.8309,0.8314,29147,1644067199999,24226.0455,127,20637,17152.0028,0
1644067200000,0.8314,0.8322,0.8314,0.8317,5082,1644067259999,4227.1115,62,2065,1717.8514,0
1644067260000,0.8318,0.8318,0.8301,0.8303,26383,1644067319999,21917.3713,110,15314,12719.8011,0
1644067320000,0.8306,0.8313,0.8306,0.8312,7356,1644067379999,6113.6345,48,1493,1240.9673,0
1644067380000,0.8313,0.8313,0.8299,0.8300,27345,1644067439999,22711.1015,103,13121,10895.5399,0
1644067440000,0.8298,0.8303,0.8298,0.8302,3080,1644067499999,2556.5780,53,637,528.7691,0
1644067500000,0.8303,0.8312,0.8302,0.8311,15736,1644067559999,13067.8803,45,13549,11251.8058,0
1644067560000,0.8312,0.8312,0.8310,0.8312,2455,1644067619999,2040.3693,33,854,709.7846,0
1644067620000,0.8311,0.8311,0.8301,0.8308,25435,1644067679999,21124.0969,91,16873,14011.6744,0
1644067680000,0.8306,0.8313,0.8306,0.8313,3938,1644067739999,3271.6623,22,853,708.6443,0
1644067740000,0.8313,0.8318,0.8303,0.8303,19990,1644067799999,16617.3770,85,12987,10798.1940,0
1644067800000,0.8302,0.8311,0.8302,0.8310,13826,1644067859999,11485.0937,49,5975,4963.3702,0
1644067860000,0.8309,0.8312,0.8301,0.8303,31922,1644067919999,26517.3533,108,11708,9728.2864,0
1644067920000,0.8304,0.8313,0.8303,0.8313,17961,1644067979999,14915.9762,41,12241,10166.2734,0
1644067980000,0.8313,0.8313,0.8295,0.8295,15713,1644068039999,13045.5178,98,3204,2661.8962,0
1644068040000,0.8296,0.8302,0.8295,0.8302,9682,1644068099999,8033.0685,25,5068,4205.6490,0
1644068100000,0.8302,0.8310,0.8302,0.8306,21764,1644068159999,18070.3152,85,16521,13716.1757,0
1644068160000,0.8306,0.8316,0.8305,0.8315,12441,1644068219999,10338.0152,60,8031,6673.3786,0
1644068220000,0.8314,0.8324,0.8311,0.8324,21236,1644068279999,17660.2475,66,12127,10085.8240,0
1644068280000,0.8325,0.8337,0.8323,0.8334,14287,1644068339999,11896.8380,68,7296,6075.8390,0
1644068340000,0.8334,0.8334,0.8310,0.8318,67636,1644068399999,56274.7660,183,15990,13298.8491,0
1644068400000,0.8318,0.8318,0.8308,0.8311,22409,1644068459999,18629.0014,111,2746,2283.3170,0
1644068460000,0.8311,0.8315,0.8309,0.8309,26018,1644068519999,21625.6538,86,15474,12862.0157,0
1644068520000,0.8310,0.8310,0.8302,0.8304,25248,1644068579999,20971.2757,81,5908,4907.2917,0
1644068580000,0.8303,0.8304,0.8289,0.8293,54865,1644068639999,45509.8663,172,13973,11590.8958,0
1644068640000,0.8292,0.8299,0.8292,0.8296,15618,1644068699999,12953.9854,90,6729,5580.4313,0
1644068700000,0.8296,0.8298,0.8291,0.8296,33374,1644068759999,27682.9384,115,19896,16503.4760,0
1644068760000,0.8296,0.8308,0.8295,0.8301,18875,1644068819999,15668.6157,104,6134,5093.1272,0
1644068820000,0.8302,0.8309,0.8295,0.8305,25087,1644068879999,20817.8004,88,11259,9342.2358,0
1644068880000,0.8310,0.8334,0.8300,0.8315,114826,1644068939999,95496.5933,264,56814,47252.8683,0
1644068940000,0.8316,0.8316,0.8296,0.8297,53715,1644068999999,44627.3209,96,3096,2571.2344,0
1644069000000,0.8297,0.8308,0.8297,0.8305,11372,1644069059999,9439.6544,51,3688,3061.3662,0
1644069060000,0.8305,0.8313,0.8305,0.8311,26220,1644069119999,21783.6464,61,18253,15164.1693,0
1644069120000,0.8316,0.8318,0.8315,0.8316,6067,1644069179999,5046.1187,53,1824,1517.0689,0
1644069180000,0.8317,0.8324,0.8316,0.8318,27024,1644069239999,22478.7514,80,16941,14091.0626,0
1644069240000,0.8319,0.8323,0.8318,0.8319,4663,1644069299999,3879.9012,59,501,416.8855,0
1644069300000,0.8319,0.8319,0.8296,0.8296,21067,1644069359999,17494.0374,77,2984,2480.1278,0
1644069360000,0.8296,0.8309,0.8294,0.8308,9481,1644069419999,7866.4576,41,2697,2238.4227,0
1644069420000,0.8309,0.8315,0.8308,0.8308,48919,1644069479999,40656.8731,90,35159,29219.4413,0
1644069480000,0.8308,0.8316,0.8308,0.8314,12176,1644069539999,10123.0815,40,1230,1022.2182,0
1644069540000,0.8315,0.8322,0.8312,0.8312,34235,1644069599999,28472.8004,85,13647,11350.9142,0
1644069600000,0.8311,0.8316,0.8294,0.8301,19605,1644069659999,16288.5699,92,6096,5062.9100,0
1644069660000,0.8300,0.8302,0.8288,0.8288,35728,1644069719999,29633.3716,111,17398,14426.5748,0
1644069720000,0.8288,0.8302,0.8285,0.8288,56454,1644069779999,46829.9222,123,26922,22326.5562,0
1644069780000,0.8289,0.8302,0.8285,0.8298,27834,1644069839999,23076.9536,94,7272,6032.5932,0
1644069840000,0.8297,0.8302,0.8295,0.8300,12242,1644069899999,10158.4744,54,5218,4330.4292,0
1644069900000,0.8298,0.8307,0.8294,0.8301,35624,1644069959999,29571.0491,85,28383,23558.3731,0
1644069960000,0.8302,0.8305,0.8293,0.8293,22958,1644070019999,19054.8908,72,2131,1769.1693,0
1644070020000,0.8293,0.8307,0.8293,0.8305,38937,1644070079999,32318.2140,88,30641,25428.9765,0
1644070080000,0.8305,0.8314,0.8305,0.8311,12394,1644070139999,10300.7803,46,7294,6061.2572,0
1644070140000,0.8311,0.8312,0.8305,0.8312,22812,1644070199999,18958.6593,70,15610,12973.3393,0
1644070200000,0.8312,0.8312,0.8299,0.8299,7699,1644070259999,6397.5720,27,15,12.4590,0
1644070260000,0.8299,0.8306,0.8296,0.8298,12381,1644070319999,10276.8442,42,6092,5057.1819,0
1644070320000,0.8298,0.8303,0.8298,0.8301,6474,1644070379999,5373.3817,31,2073,1720.8440,0
1644070380000,0.8302,0.8303,0.8298,0.8303,11886,1644070439999,9865.8261,44,8126,6744.5205,0
1644070440000,0.8304,0.8310,0.8304,0.8309,16611,1644070499999,13802.0727,50,7618,6328.9701,0
1644070500000,0.8309,0.8313,0.8309,0.8311,9115,1644070559999,7574.4256,47,2831,2352.8043,0
1644070560000,0.8311,0.8311,0.8299,0.8303,21551,1644070619999,17898.5525,71,3416,2836.3658,0
1644070620000,0.8302,0.8304,0.8296,0.8297,7030,1644070679999,5835.2532,46,2595,2154.5942,0
1644070680000,0.8294,0.8297,0.8288,0.8288,11834,1644070739999,9812.7643,62,6262,5193.2368,0
1644070740000,0.8289,0.8291,0.8286,0.8291,8795,1644070799999,7289.0810,31,6412,5313.9380,0
1644070800000,0.8291,0.8308,0.8286,0.8305,19512,1644070859999,16179.0008,54,10026,8315.1031,0
1644070860000,0.8302,0.8307,0.8301,0.8302,6342,1644070919999,5266.1955,55,3793,3149.6751,0
1644070920000,0.8304,0.8307,0.8302,0.8303,5498,1644070979999,4565.3850,36,2170,1802.1010,0
1644070980000,0.8303,0.8308,0.8300,0.8306,8952,1644071039999,7433.4621,64,2707,2248.2084,0
1644071040000,0.8308,0.8311,0.8306,0.8308,7980,1644071099999,6630.1714,58,3103,2578.8229,0
1644071100000,0.8310,0.8310,0.8298,0.8299,12053,1644071159999,10010.2195,57,1171,972.0973,0
1644071160000,0.8301,0.8311,0.8294,0.8296,11143,1644071219999,9252.4704,69,2115,1756.6399,0
1644071220000,0.8297,0.8309,0.8296,0.8304,15264,1644071279999,12674.1295,67,9619,7989.3117,0
1644071280000,0.8307,0.8308,0.8306,0.8307,7908,1644071339999,6568.6250,26,6689,5556.0039,0
1644071340000,0.8308,0.8314,0.8305,0.8310,23927,1644071399999,19884.3434,59,12121,10071.6961,0
1644071400000,0.8310,0.8310,0.8294,0.8307,30195,1644071459999,25063.7863,72,23550,19547.1857,0
1644071460000,0.8304,0.8311,0.8303,0.8309,48160,1644071519999,40006.8359,74,24259,20149.5271,0
1644071520000,0.8311,0.8330,0.8311,0.8330,5535,1644071579999,4605.3294,41,4205,3498.7509,0
1644071580000,0.8330,0.8330,0.8325,0.8330,3241,1644071639999,2699.4212,32,432,359.8154,0
1644071640000,0.8328,0.8330,0.8324,0.8329,8600,1644071699999,7161.6784,54,4333,3608.0212,0
1644071700000,0.8329,0.8331,0.8328,0.8329,7725,1644071759999,6434.1630,27,448,373.1314,0
1644071760000,0.8331,0.8346,0.8330,0.8335,26450,1644071819999,22055.5048,83,23766,19817.1553,0
1644071820000,0.8336,0.8340,0.8333,0.8333,9908,1644071879999,8259.5910,33,190,158.3995,0
1644071880000,0.8334,0.8339,0.8331,0.8337,9022,1644071939999,7521.5217,28,8214,6848.0594,0
1644071940000,0.8337,0.8337,0.8333,0.8333,5092,1644071999999,4243.5085,49,3660,3050.0040,0
1644072000000,0.8334,0.8336,0.8333,0.8333,5533,1644072059999,4611.0476,47,947,789.3245,0
1644072060000,0.8335,0.8337,0.8334,0.8336,8833,1644072119999,7362.3409,45,4269,3558.4606,0
1644072120000,0.8337,0.8337,0.8329,0.8334,15794,1644072179999,13159.8019,65,4097,3414.4467,0
1644072180000,0.8334,0.8334,0.8329,0.8329,8264,1644072239999,6883.3257,46,1750,1457.7505,0
1644072240000,0.8328,0.8328,0.8318,0.8321,4037,1644072299999,3359.7796,44,2350,1955.8725,0
1644072300000,0.8323,0.8323,0.8319,0.8322,6673,1644072359999,5552.6992,34,1425,1186.0245,0
1644072360000,0.8321,0.8321,0.8316,0.8320,14505,1644072419999,12066.5752,58,10921,9085.6623,0
1644072420000,0.8318,0.8319,0.8317,0.8319,1283,1644072479999,1067.0940,15,1134,943.1478,0
1644072480000,0.8317,0.8332,0.8316,0.8330,4807,1644072539999,3999.8407,39,3580,2978.6612,0
1644072540000,0.8329,0.8330,0.8315,0.8330,11935,1644072599999,9929.4030,49,9600,7986.9924,0
1644072600000,0.8330,0.8330,0.8323,0.8323,1237,1644072659999,1030.2415,47,123,102.4467,0
1644072660000,0.8321,0.8323,0.8318,0.8321,8258,1644072719999,6870.7375,36,4277,3558.7807,0
1644072720000,0.8323,0.8330,0.8322,0.8329,6694,1644072779999,5573.5025,28,4730,3938.4542,0
1644072780000,0.8331,0.8343,0.8322,0.8343,72570,1644072839999,60458.2247,129,62047,51687.6794,0
1644072840000,0.8340,0.8362,0.8338,0.8360,65974,1644072899999,55089.5636,149,39753,33206.9585,0
1644072900000,0.8360,0.8376,0.8355,0.8361,45862,1644072959999,38344.9098,104,28170,23555.3636,0
1644072960000,0.8364,0.8387,0.8361,0.8372,47929,1644073019999,40141.3035,140,34290,28718.2771,0
1644073020000,0.8373,0.8373,0.8335,0.8347,49246,1644073079999,41175.9016,94,19211,16062.4542,0
1644073080000,0.8347,0.8347,0.8302,0.8307,23831,1644073139999,19835.3336,105,6259,5206.9015,0
1644073140000,0.8302,0.8318,0.8295,0.8315,38725,1644073199999,32159.2322,108,35404,29402.5103,0
1644073200000,0.8312,0.8312,0.8286,0.8291,60092,1644073259999,49859.6860,154,13413,11129.3211,0
1644073260000,0.8295,0.8296,0.8257,0.8257,55789,1644073319999,46181.0481,196,11871,9833.9279,0
1644073320000,0.8259,0.8271,0.8232,0.8259,121212,1644073379999,99986.7014,336,35486,29273.3673,0
1644073380000,0.8258,0.8278,0.8258,0.8270,22216,1644073439999,18373.6634,84,7848,6490.4211,0
1644073440000,0.8274,0.8291,0.8274,0.8291,13689,1644073499999,11331.7956,58,7688,6363.0358,0
1644073500000,0.8293,0.8293,0.8283,0.8286,7851,1644073559999,6506.1168,52,948,785.5616,0
1644073560000,0.8284,0.8287,0.8282,0.8284,6313,1644073619999,5229.9231,44,4459,3693.9857,0
1644073620000,0.8284,0.8286,0.8281,0.8286,6187,1644073679999,5124.8644,38,3218,2665.5597,0
1644073680000,0.8286,0.8312,0.8285,0.8307,24916,1644073739999,20664.9902,105,21144,17534.3817,0
1644073740000,0.8302,0.8322,0.8302,0.8316,9942,1644073799999,8262.8222,61,7145,5937.6019,0
1644073800000,0.8316,0.8347,0.8313,0.8328,22200,1644073859999,18494.6817,92,7933,6609.9797,0
1644073860000,0.8328,0.8340,0.8324,0.8331,9722,1644073919999,8101.5571,55,5816,4846.0082,0
1644073920000,0.8329,0.8337,0.8317,0.8317,18351,1644073979999,15286.6999,107,14194,11824.9412,0
1644073980000,0.8325,0.8327,0.8313,0.8326,8238,1644074039999,6852.9527,59,3458,2877.3761,0
1644074040000,0.8328,0.8334,0.8327,0.8332,4480,1644074099999,3731.6823,34,731,608.9363,0
1644074100000,0.8330,0.8331,0.8326,0.8329,7181,1644074159999,5980.9240,36,3741,3116.1969,0
1644074160000,0.8328,0.8350,0.8328,0.8343,16308,1644074219999,13601.9658,88,14010,11684.6402,0
1644074220000,0.8348,0.8352,0.8340,0.8349,3095,1644074279999,2582.5544,29,767,639.8103,0
1644074280000,0.8352,0.8365,0.8348,0.8356,16685,1644074339999,13946.7880,73,8453,7066.7455,0
1644074340000,0.8357,0.8382,0.8356,0.8376,15182,1644074399999,12711.5378,75,9261,7753.2214,0
1644074400000,0.8373,0.8373,0.8351,0.8364,6276,1644074459999,5247.9120,53,4645,3883.9973,0
1644074460000,0.8364,0.8365,0.8356,0.8365,13473,1644074519999,11268.4816,41,12773,10683.2682,0
1644074520000,0.8365,0.8365,0.8309,0.8325,47390,1644074579999,39518.3641,155,11159,9299.4554,0
1644074580000,0.8326,0.8343,0.8320,0.8327,46593,1644074639999,38815.9543,99,20224,16847.6223,0
1644074640000,0.8325,0.8325,0.8307,0.8316,2951,1644074699999,2453.6500,38,2148,1785.7031,0
1644074700000,0.8317,0.8336,0.8312,0.8325,15372,1644074759999,12784.0207,51,14740,12257.9498,0
1644074760000,0.8323,0.8329,0.8314,0.8319,36019,1644074819999,29966.6693,66,20751,17262.7822,0
1644074820000,0.8323,0.8342,0.8323,0.8339,9349,1644074879999,7794.0560,37,2590,2159.0899,0
1644074880000,0.8339,0.8345,0.8334,0.8343,12985,1644074939999,10830.7549,52,9706,8096.6402,0
1644074940000,0.8343,0.8357,0.8341,0.8350,25997,1644074999999,21703.7582,72,13573,11332.3770,0
1644075000000,0.8352,0.8365,0.8349,0.8365,28112,1644075059999,23485.1697,72,24586,20540.8994,0
1644075060000,0.8361,0.8373,0.8358,0.8368,42991,1644075119999,35977.5745,85,34417,28805.3610,0
1644075120000,0.8368,0.8368,0.8358,0.8365,6923,1644075179999,5789.3851,44,1816,1518.6813,0
1644075180000,0.8367,0.8389,0.8367,0.8376,30317,1644075239999,25411.1602,68,22009,18453.0903,0
1644075240000,0.8374,0.8383,0.8374,0.8377,7253,1644075299999,6076.2397,50,1239,1037.9260,0
1644075300000,0.8378,0.8385,0.8374,0.8384,9995,1644075359999,8375.3925,52,5524,4628.5797,0
1644075360000,0.8385,0.8393,0.8381,0.8393,9550,1644075419999,8008.7643,74,3943,3306.5652,0
1644075420000,0.8394,0.8396,0.8386,0.8387,9675,1644075479999,8119.6807,57,1245,1044.9848,0
1644075480000,0.8391,0.8397,0.8387,0.8390,9158,1644075539999,7684.8486,61,2927,2456.6430,0
1644075540000,0.8391,0.8396,0.8386,0.8391,9098,1644075599999,7632.8223,58,634,532.0304,0
1644075600000,0.8393,0.8420,0.8393,0.8413,41257,1644075659999,34684.8503,122,23973,20150.4895,0
1644075660000,0.8410,0.8410,0.8376,0.8390,33022,1644075719999,27744.3871,109,9426,7908.1655,0
1644075720000,0.8388,0.8390,0.8377,0.8381,7794,1644075779999,6536.2449,46,5341,4479.9728,0
1644075780000,0.8381,0.8395,0.8381,0.8392,15349,1644075839999,12872.4412,49,8586,7199.4768,0
1644075840000,0.8391,0.8393,0.8384,0.8389,31204,1644075899999,26185.3096,61,3006,2522.4939,0
1644075900000,0.8389,0.8390,0.8357,0.8365,7081,1644075959999,5932.0910,60,1465,1227.4619,0
1644075960000,0.8370,0.8381,0.8364,0.8379,7386,1644076019999,6184.0551,43,5928,4963.2872,0
1644076020000,0.8375,0.8377,0.8366,0.8373,4479,1644076079999,3751.2971,29,2045,1712.6511,0
1644076080000,0.8373,0.8373,0.8365,0.8370,1465,1644076139999,1225.6968,27,1180,987.1890,0
1644076140000,0.8373,0.8373,0.8368,0.8372,10145,1644076199999,8491.9997,34,2352,1968.1786,0
1644076200000,0.8372,0.8372,0.8346,0.8346,2916,1644076259999,2438.2470,40,833,696.1310,0
1644076260000,0.8343,0.8372,0.8336,0.8367,59218,1644076319999,49477.3672,178,46313,38691.9577,0
1644076320000,0.8367,0.8373,0.8362,0.8368,15505,1644076379999,12972.6239,52,2896,2423.5869,0
1644076380000,0.8365,0.8368,0.8363,0.8364,20741,1644076439999,17351.9208,78,4751,3974.3086,0
1644076440000,0.8368,0.8371,0.8358,0.8358,17397,1644076499999,14551.1008,57,2625,2196.5119,0
1644076500000,0.8361,0.8371,0.8361,0.8371,18785,1644076559999,15716.5018,49,8328,6967.1606,0
1644076560000,0.8368,0.8371,0.8362,0.8371,8471,1644076619999,7086.0655,36,7698,6439.2419,0
1644076620000,0.8368,0.8375,0.8366,0.8374,12550,1644076679999,10502.8877,40,7435,6223.1330,0
1644076680000,0.8372,0.8382,0.8372,0.8378,9961,1644076739999,8342.5634,34,7122,5964.3504,0
1644076740000,0.8379,0.8390,0.8378,0.8387,15885,1644076799999,13316.2593,62,7381,6187.8248,0
1644076800000,0.8386,0.8403,0.8365,0.8372,47967,1644076859999,40235.5681,99,10579,8869.7318,0
1644076860000,0.8371,0.8375,0.8355,0.8374,26432,1644076919999,22120.6976,84,14014,11728.6780,0
1644076920000,0.8372,0.8393,0.8372,0.8382,44374,1644076979999,37184.1744,94,27730,23236.0661,0
1644076980000,0.8380,0.8380,0.8356,0.8360,26403,1644077039999,22091.2215,113,9946,8326.2218,0
1644077040000,0.8358,0.8358,0.8330,0.8333,50473,1644077099999,42106.2979,118,27202,22690.6163,0
1644077100000,0.8344,0.8345,0.8337,0.8341,6962,1644077159999,5805.8262,57,773,644.8447,0
1644077160000,0.8338,0.8340,0.8316,0.8322,50641,1644077219999,42175.6050,108,9242,7701.6876,0
1644077220000,0.8321,0.8322,0.8303,0.8320,53415,1644077279999,44406.5676,109,30453,25321.6050,0
1644077280000,0.8317,0.8328,0.8317,0.8328,9899,1644077339999,8238.3404,51,7012,5835.2342,0
1644077340000,0.8326,0.8329,0.8316,0.8321,9306,1644077399999,7744.4770,66,4094,3407.7792,0
1644077400000,0.8315,0.8321,0.8308,0.8314,19870,1644077459999,16521.1749,83,9946,8269.7488,0
1644077460000,0.8320,0.8320,0.8314,0.8320,17513,1644077519999,14565.9726,72,11554,9610.5356,0
1644077520000,0.8315,0.8324,0.8312,0.8319,29063,1644077579999,24167.9580,98,2692,2239.0409,0
1644077580000,0.8319,0.8324,0.8316,0.8324,4827,1644077639999,4015.5975,33,2869,2386.8176,0
1644077640000,0.8324,0.8326,0.8322,0.8326,5872,1644077699999,4888.0754,66,3396,2827.0628,0
1644077700000,0.8325,0.8326,0.8306,0.8316,44834,1644077759999,37285.4174,109,7460,6201.6468,0
1644077760000,0.8313,0.8319,0.8303,0.8319,46698,1644077819999,38800.7792,108,22686,18850.2024,0
1644077820000,0.8318,0.8342,0.8314,0.8334,24383,1644077879999,20304.5886,80,11180,9312.1986,0
1644077880000,0.8334,0.8341,0.8331,0.8334,8036,1644077939999,6698.0323,60,3222,2685.6124,0
1644077940000,0.8332,0.8337,0.8326,0.8326,4657,1644077999999,3880.2457,40,470,391.5976,0
1644078000000,0.8326,0.8338,0.8317,0.8331,13360,1644078059999,11129.2037,86,6729,5605.9073,0
1644078060000,0.8330,0.8341,0.8329,0.8341,8865,1644078119999,7389.3083,41,4389,3658.2502,0
1644078120000,0.8339,0.8341,0.8339,0.8341,3010,1644078179999,2510.2693,18,323,269.4038,0
1644078180000,0.8340,0.8343,0.8338,0.8341,5362,1644078239999,4472.7635,45,141,117.5992,0
1644078240000,0.8341,0.8341,0.8331,0.8341,9776,1644078299999,8150.8235,83,1896,1581.0842,0
1644078300000,0.8336,0.8343,0.8335,0.8337,7461,1644078359999,6221.5210,42,5214,4347.5907,0
1644078360000,0.8340,0.8341,0.8328,0.8330,4141,1644078419999,3452.7914,61,1162,969.0508,0
1644078420000,0.8330,0.8330,0.8319,0.8328,11020,1644078479999,9173.7775,56,7111,5918.7451,0
1644078480000,0.8328,0.8334,0.8319,0.8323,28636,1644078539999,23847.2179,78,14423,12009.9778,0
1644078540000,0.8323,0.8324,0.8322,0.8324,3413,1644078599999,2840.6386,16,3413,2840.6386,0
1644078600000,0.8324,0.8324,0.8316,0.8318,6220,1644078659999,5175.4649,48,736,612.4408,0
1644078660000,0.8318,0.8324,0.8316,0.8322,8699,1644078719999,7237.9565,45,6240,5191.9871,0
1644078720000,0.8323,0.8333,0.8323,0.8328,48238,1644078779999,40173.6552,127,31971,26624.6629,0
1644078780000,0.8329,0.8353,0.8329,0.8344,51866,1644078839999,43272.2058,114,21741,18138.1610,0
1644078840000,0.8344,0.8350,0.8337,0.8344,23493,1644078899999,19608.3884,127,11183,9335.1403,0
1644078900000,0.8344,0.8345,0.8341,0.8344,9575,1644078959999,7989.0586,35,2230,1860.4575,0
1644078960000,0.8344,0.8344,0.8336,0.8336,1871,1644079019999,1559.8670,25,1320,1100.3520,0
1644079020000,0.8335,0.8335,0.8311,0.8312,38459,1644079079999,32026.9139,99,8888,7395.0008,0
1644079080000,0.8312,0.8319,0.8312,0.8318,13009,1644079139999,10818.1560,47,11628,9670.1095,0
1644079140000,0.8318,0.8325,0.8313,0.8324,14372,1644079199999,11952.9580,67,8069,6712.1668,0
1644079200000,0.8319,0.8319,0.8311,0.8315,4575,1644079259999,3804.5495,53,2072,1723.1880,0
1644079260000,0.8317,0.8323,0.8314,0.8314,7828,1644079319999,6513.7220,61,3020,2512.1191,0
1644079320000,0.8310,0.8312,0.8297,0.8297,13844,1644079379999,11496.4076,61,3551,2950.4864,0
1644079380000,0.8298,0.8303,0.8298,0.8300,10856,1644079439999,9010.0889,61,9818,8148.5060,0
1644079440000,0.8300,0.8303,0.8288,0.8289,7865,1644079499999,6524.6274,79,5856,4858.3459,0
1644079500000,0.8286,0.8288,0.8274,0.8277,46944,1644079559999,38877.0180,165,34238,28356.7451,0
1644079560000,0.8279,0.8284,0.8276,0.8279,17573,1644079619999,14548.9878,195,11486,9510.2737,0
1644079620000,0.8282,0.8289,0.8281,0.8281,2080,1644079679999,1723.1473,53,1031,854.1853,0
1644079680000,0.8280,0.8285,0.8272,0.8275,10239,1644079739999,8476.5281,55,4960,4105.9552,0
1644079740000,0.8270,0.8270,0.8219,0.8245,75087,1644079799999,61894.1451,196,16393,13506.4651,0
1644079800000,0.8244,0.8252,0.8240,0.8240,9384,1644079859999,7739.6156,62,7719,6367.4470,0
1644079860000,0.8240,0.8251,0.8240,0.8243,9419,1644079919999,7764.2205,61,3886,3202.8558,0
1644079920000,0.8243,0.8243,0.8217,0.8217,28452,1644079979999,23404.4768,96,6091,5015.2400,0
1644079980000,0.8215,0.8267,0.8204,0.8261,41427,1644080039999,34075.0502,149,29360,24152.5596,0
1644080040000,0.8261,0.8264,0.8223,0.8228,40603,1644080099999,33456.2593,131,18464,15211.5563,0
1644080100000,0.8229,0.8248,0.8212,0.8215,90596,1644080159999,74504.8273,160,41396,34042.9720,0
1644080160000,0.8217,0.8217,0.8190,0.8190,10060,1644080219999,8253.7209,97,1724,1415.4739,0
1644080220000,0.8191,0.8202,0.8172,0.8177,13407,1644080279999,10972.0234,104,4535,3711.6718,0
1644080280000,0.8179,0.8189,0.8167,0.8185,38098,1644080339999,31147.2584,106,24894,20355.9629,0
1644080340000,0.8182,0.8201,0.8171,0.8188,8165,1644080399999,6680.0855,64,6411,5244.9372,0
1644080400000,0.8186,0.8217,0.8185,0.8202,22345,1644080459999,18321.5419,91,5697,4673.5609,0
1644080460000,0.8202,0.8202,0.8189,0.8193,11381,1644080519999,9326.1509,65,2403,1968.9124,0
1644080520000,0.8188,0.8205,0.8172,0.8205,20277,1644080579999,16591.3320,74,5067,4149.0624,0
1644080580000,0.8205,0.8207,0.8170,0.8176,32888,1644080639999,26936.3830,122,9073,7432.6165,0
1644080640000,0.8171,0.8171,0.8103,0.8132,149305,1644080699999,121345.6471,396,57673,46926.5963,0
1644080700000,0.8136,0.8167,0.8136,0.8154,44005,1644080759999,35879.9711,105,24093,19641.0381,0
1644080760000,0.8154,0.8157,0.8131,0.8131,29653,1644080819999,24142.2451,97,17085,13909.0965,0
1644080820000,0.8133,0.8160,0.8133,0.8147,7817,1644080879999,6363.3789,80,3858,3140.7963,0
1644080880000,0.8147,0.8153,0.8118,0.8120,13979,1644080939999,11385.1613,65,6029,4911.4990,0
1644080940000,0.8112,0.8123,0.8106,0.8117,24729,1644080999999,20066.8753,80,12063,9790.2034,0
1644081000000,0.8117,0.8125,0.8107,0.8107,8559,1644081059999,6947.5960,67,4917,3990.8840,0
1644081060000,0.8106,0.8111,0.8068,0.8100,51342,1644081119999,41537.7237,194,18984,15350.6405,0
1644081120000,0.8099,0.8112,0.8078,0.8108,20651,1644081179999,16711.7205,96,9779,7917.6725,0
1644081180000,0.8103,0.8114,0.8091,0.8095,17487,1644081239999,14171.6502,77,8272,6704.2636,0
1644081240000,0.8091,0.8104,0.8091,0.8098,19022,1644081299999,15405.1003,53,4002,3239.4187,0
1644081300000,0.8100,0.8100,0.8067,0.8073,45321,1644081359999,36629.4386,159,14347,11581.1741,0
1644081360000,0.8074,0.8089,0.8050,0.8079,49284,1644081419999,39746.5228,145,17074,13774.2410,0
1644081420000,0.8087,0.8102,0.8079,0.8098,158685,1644081479999,128442.0110,544,78843,63833.0544,0
1644081480000,0.8097,0.8138,0.8097,0.8119,48298,1644081539999,39234.1633,177,32602,26487.5624,0
1644081540000,0.8119,0.8119,0.8091,0.8096,28237,1644081599999,22879.5434,82,3956,3208.0883,0
1644081600000,0.8099,0.8128,0.8099,0.8128,14657,1644081659999,11897.0163,84,11093,9005.8947,0
1644081660000,0.8123,0.8125,0.8114,0.8118,11101,1644081719999,9014.6786,65,8581,6968.3975,0
1644081720000,0.8118,0.8148,0.8116,0.8148,13424,1644081779999,10912.4840,58,8917,7250.4485,0
1644081780000,0.8148,0.8162,0.8142,0.8149,23830,1644081839999,19425.2914,105,16994,13854.7079,0
1644081840000,0.8150,0.8169,0.8145,0.8169,13344,1644081899999,10887.3699,113,10173,8301.0040,0
1644081900000,0.8166,0.8166,0.8138,0.8144,26981,1644081959999,21983.9060,102,8719,7099.2892,0
1644081960000,0.8144,0.8148,0.8127,0.8131,8381,1644082019999,6817.6529,67,1416,1152.6941,0
1644082020000,0.8131,0.8131,0.8089,0.8106,43683,1644082079999,35415.6718,133,22283,18058.8748,0
1644082080000,0.8113,0.8138,0.8106,0.8122,24799,1644082139999,20157.6017,95,16080,13070.6375,0
1644082140000,0.8121,0.8145,0.8120,0.8141,9952,1644082199999,8088.4606,47,9023,7332.7110,0
1644082200000,0.8137,0.8140,0.8130,0.8138,10212,1644082259999,8307.7645,38,2688,2186.1678,0
1644082260000,0.8139,0.8166,0.8139,0.8157,18538,1644082319999,15115.5802,95,12792,10428.9003,0
1644082320000,0.8157,0.8184,0.8157,0.8176,38788,1644082379999,31709.7961,125,32063,26216.1412,0
1644082380000,0.8172,0.8191,0.8172,0.8179,11738,1644082439999,9604.0543,73,5665,4633.0955,0
1644082440000,0.8178,0.8178,0.8162,0.8168,6437,1644082499999,5259.5193,68,846,690.7573,0
1644082500000,0.8168,0.8171,0.8163,0.8166,10750,1644082559999,8777.3154,46,7761,6336.1876,0
1644082560000,0.8170,0.8174,0.8164,0.8167,8633,1644082619999,7051.7722,46,3548,2898.4200,0
1644082620000,0.8166,0.8179,0.8166,0.8174,16246,1644082679999,13277.7792,41,14932,12203.1540,0
1644082680000,0.8171,0.8178,0.8171,0.8176,4605,1644082739999,3764.3995,26,2198,1796.6187,0
1644082740000,0.8176,0.8177,0.8156,0.8157,15916,1644082799999,13000.3408,70,2194,1792.8344,0
1644082800000,0.8155,0.8194,0.8155,0.8189,58781,1644082859999,48022.6906,213,50147,40960.7042,0
1644082860000,0.8188,0.8193,0.8179,0.8193,19194,1644082919999,15706.7649,55,9550,7814.2902,0
1644082920000,0.8192,0.8205,0.8187,0.8194,34252,1644082979999,28065.6677,94,4594,3766.6656,0
1644082980000,0.8194,0.8206,0.8194,0.8194,60787,1644083039999,49846.3788,104,39089,32051.4039,0
1644083040000,0.8195,0.8211,0.8194,0.8209,5849,1644083099999,4798.0592,38,3111,2552.8163,0
1644083100000,0.8209,0.8210,0.8199,0.8210,34993,1644083159999,28710.1987,88,20961,17193.6358,0
1644083160000,0.8209,0.8235,0.8205,0.8225,43521,1644083219999,35781.1397,190,18230,14988.4522,0
1644083220000,0.8228,0.8233,0.8220,0.8226,26461,1644083279999,21766.1608,65,15057,12385.5460,0
1644083280000,0.8231,0.8249,0.8226,0.8249,49937,1644083339999,41135.3171,105,38754,31923.8880,0
1644083340000,0.8247,0.8249,0.8220,0.8232,34109,1644083399999,28089.1921,136,7675,6315.1231,0
1644083400000,0.8232,0.8241,0.8227,0.8229,18183,1644083459999,14974.7566,86,8809,7255.8640,0
1644083460000,0.8228,0.8230,0.8211,0.8220,31514,1644083519999,25913.8022,100,17440,14338.5789,0
1644083520000,0.8220,0.8223,0.8220,0.8221,7087,1644083579999,5825.7466,32,1352,1111.4804,0
1644083580000,0.8223,0.8223,0.8202,0.8211,27203,1644083639999,22341.1633,100,2140,1757.7901,0
1644083640000,0.8215,0.8215,0.8198,0.8205,17523,1644083699999,14380.2897,77,3319,2722.7110,0
1644083700000,0.8206,0.8213,0.8200,0.8204,7600,1644083759999,6236.1871,51,2757,2262.5127,0
1644083760000,0.8203,0.8220,0.8198,0.8210,115595,1644083819999,94879.3190,183,53937,44279.3110,0
1644083820000,0.8207,0.8254,0.8203,0.8230,354122,1644083879999,291629.5080,773,272208,224180.5593,0
1644083880000,0.8231,0.8236,0.8218,0.8224,13853,1644083939999,11401.4275,59,2067,1701.8602,0
1644083940000,0.8223,0.8245,0.8223,0.8239,33863,1644083999999,27879.6141,69,6572,5410.5050,0
1644084000000,0.8239,0.8239,0.8217,0.8217,17180,1644084059999,14141.9879,76,9961,8199.9360,0
1644084060000,0.8214,0.8214,0.8178,0.8197,153150,1644084119999,125414.0077,343,33197,27183.4538,0
1644084120000,0.8200,0.8208,0.8198,0.8199,14431,1644084179999,11836.6313,52,9805,8042.7894,0
1644084180000,0.8200,0.8211,0.8200,0.8209,7702,1644084239999,6320.2648,49,7405,6076.5480,0
1644084240000,0.8213,0.8218,0.8201,0.8209,54723,1644084299999,44917.3046,133,7300,5991.5580,0
1644084300000,0.8205,0.8209,0.8187,0.8196,46129,1644084359999,37792.8645,96,1720,1409.5322,0
1644084360000,0.8195,0.8198,0.8191,0.8197,14623,1644084419999,11985.4172,54,2777,2275.8833,0
1644084420000,0.8196,0.8200,0.8191,0.8200,19459,1644084479999,15950.9967,52,9956,8161.6385,0
1644084480000,0.8199,0.8226,0.8198,0.8216,17981,1644084539999,14778.9917,110,7981,6557.1704,0
1644084540000,0.8219,0.8222,0.8216,0.8216,5103,1644084599999,4194.6557,33,1311,1077.4339,0
1644084600000,0.8216,0.8216,0.8201,0.8210,10390,1644084659999,8532.4226,61,4376,3592.5808,0
1644084660000,0.8211,0.8212,0.8204,0.8207,9638,1644084719999,7912.1337,57,2704,2219.4401,0
1644084720000,0.8208,0.8217,0.8207,0.8214,26372,1644084779999,21650.6902,51,18728,15374.1296,0
1644084780000,0.8215,0.8215,0.8208,0.8213,9294,1644084839999,7634.3860,43,1315,1079.9622,0
1644084840000,0.8213,0.8222,0.8213,0.8216,11973,1644084899999,9836.7933,69,4205,3454.8850,0
1644084900000,0.8216,0.8218,0.8214,0.8215,3856,1644084959999,3168.0843,34,617,506.9433,0
1644084960000,0.8213,0.8218,0.8198,0.8199,21923,1644085019999,18005.6938,75,10447,8581.1801,0
1644085020000,0.8200,0.8205,0.8197,0.8205,12885,1644085079999,10566.0271,46,8084,6629.4339,0
1644085080000,0.8205,0.8205,0.8192,0.8195,10529,1644085139999,8636.5234,46,4114,3374.9837,0
1644085140000,0.8196,0.8206,0.8190,0.8201,23752,1644085199999,19470.5817,73,16038,13149.2057,0
1644085200000,0.8203,0.8203,0.8195,0.8200,4951,1644085259999,4060.3304,41,2789,2287.2198,0
1644085260000,0.8199,0.8208,0.8199,0.8207,7743,1644085319999,6353.4681,27,2606,2137.7820,0
1644085320000,0.8207,0.8223,0.8207,0.8222,30754,1644085379999,25267.8967,70,25622,21049.3652,0
1644085380000,0.8226,0.8240,0.8219,0.8221,46456,1644085439999,38229.4290,97,25972,21378.0622,0
1644085440000,0.8219,0.8221,0.8210,0.8215,18339,1644085499999,15067.3321,51,4577,3760.4018,0
1644085500000,0.8213,0.8214,0.8201,0.8209,14548,1644085559999,11941.0143,40,14253,11698.9267,0
1644085560000,0.8208,0.8209,0.8194,0.8203,33044,1644085619999,27104.7020,70,27954,22928.4581,0
1644085620000,0.8205,0.8208,0.8195,0.8195,12308,1644085679999,10094.0719,54,5398,4427.9561,0
1644085680000,0.8199,0.8208,0.8199,0.8206,10393,1644085739999,8526.2737,50,5665,4646.9721,0
1644085740000,0.8206,0.8225,0.8200,0.8214,35131,1644085799999,28827.1548,92,27721,22745.6164,0
1644085800000,0.8214,0.8227,0.8209,0.8217,26182,1644085859999,21506.2013,68,8047,6611.3365,0
1644085860000,0.8219,0.8221,0.8208,0.8219,78982,1644085919999,64876.2569,110,29886,24549.8010,0
1644085920000,0.8217,0.8219,0.8217,0.8219,4716,1644085979999,3875.9335,17,4252,3494.6589,0
1644085980000,0.8219,0.8221,0.8215,0.8216,14233,1644086039999,11696.2700,55,10054,8262.1968,0
1644086040000,0.8216,0.8222,0.8213,0.8217,4995,1644086099999,4103.9913,33,2604,2139.5293,0
1644086100000,0.8211,0.8211,0.8195,0.8195,13923,1644086159999,11418.4380,51,1517,1243.5611,0
1644086160000,0.8197,0.8205,0.8162,0.8171,46044,1644086219999,37655.2485,134,19135,15644.9937,0
1644086220000,0.8170,0.8173,0.8156,0.8163,36848,1644086279999,30084.6452,79,19714,16096.2685,0
1644086280000,0.8164,0.8180,0.8163,0.8180,8237,1644086339999,6727.1010,50,5815,4749.7099,0
1644086340000,0.8177,0.8186,0.8175,0.8175,34915,1644086399999,28561.1194,72,33892,27724.4083,0
1644086400000,0.8174,0.8183,0.8171,0.8181,7367,1644086459999,6024.0906,43,5205,4256.3138,0
1644086460000,0.8180,0.8180,0.8170,0.8170,25600,1644086519999,20928.5692,88,15815,12930.4547,0
1644086520000,0.8172,0.8182,0.8172,0.8182,10407,1644086579999,8510.0549,41,7570,6191.1192,0
1644086580000,0.8179,0.8182,0.8176,0.8176,28479,1644086639999,23286.6502,62,17348,14184.3725,0
1644086640000,0.8177,0.8181,0.8175,0.8177,12047,1644086699999,9850.6320,51,3365,2751.1611,0
1644086700000,0.8179,0.8179,0.8156,0.8165,54518,1644086759999,44528.7677,130,2228,1818.1832,0
1644086760000,0.8164,0.8166,0.8155,0.8164,19794,1644086819999,16157.0740,78,10820,8831.8374,0
1644086820000,0.8163,0.8167,0.8159,0.8165,17992,1644086879999,14685.2211,50,17076,13937.5917,0
1644086880000,0.8162,0.8162,0.8153,0.8153,12558,1644086939999,10242.5143,39,2842,2319.6197,0
1644086940000,0.8154,0.8164,0.8154,0.8162,18134,1644086999999,14791.3657,55,15523,12660.5331,0
1644087000000,0.8165,0.8171,0.8165,0.8168,13118,1644087059999,10713.0055,56,4140,3381.6201,0
1644087060000,0.8168,0.8170,0.8166,0.8167,6651,1644087119999,5432.5642,37,5270,4304.6527,0
1644087120000,0.8167,0.8168,0.8166,0.8167,5472,1644087179999,4468.7763,14,4183,3416.0517,0
1644087180000,0.8168,0.8168,0.8151,0.8153,38506,1644087239999,31404.5568,98,3980,3244.6673,0
1644087240000,0.8153,0.8171,0.8153,0.8160,21181,1644087299999,17290.4346,54,14322,11693.4827,0
1644087300000,0.8159,0.8159,0.8153,0.8156,13512,1644087359999,11019.2324,48,12498,10192.1843,0
1644087360000,0.8157,0.8165,0.8157,0.8164,1614,1644087419999,1316.6106,14,1539,1255.3771,0
1644087420000,0.8163,0.8184,0.8162,0.8170,52573,1644087479999,42971.6057,87,18589,15187.3360,0
1644087480000,0.8168,0.8174,0.8166,0.8166,5462,1644087539999,4462.0588,40,4466,3648.3773,0
1644087540000,0.8169,0.8183,0.8169,0.8180,43567,1644087599999,35632.2447,45,13279,10853.6372,0
1644087600000,0.8177,0.8186,0.8164,0.8178,81319,1644087659999,66489.7685,145,65426,53494.2688,0
1644087660000,0.8178,0.8181,0.8171,0.8172,29373,1644087719999,24019.5581,64,19685,16097.3891,0
1644087720000,0.8177,0.8184,0.8177,0.8179,28198,1644087779999,23068.5592,45,24199,19797.4783,0
1644087780000,0.8179,0.8179,0.8168,0.8171,18272,1644087839999,14934.5172,54,1362,1113.9201,0
1644087840000,0.8170,0.8183,0.8170,0.8181,5006,1644087899999,4091.5585,42,4338,3545.1995,0
1644087900000,0.8180,0.8181,0.8177,0.8180,18554,1644087959999,15176.4991,31,12736,10418.0209,0
1644087960000,0.8181,0.8181,0.8172,0.8174,9126,1644088019999,7462.3313,48,4995,4084.8301,0
1644088020000,0.8172,0.8181,0.8172,0.8172,5960,1644088079999,4873.2444,34,3569,2918.7297,0
1644088080000,0.8175,0.8181,0.8174,0.8176,3102,1644088139999,2536.5410,30,1836,1501.0580,0
1644088140000,0.8174,0.8177,0.8170,0.8173,13155,1644088199999,10751.4359,53,7731,6318.1538,0
1644088200000,0.8173,0.8179,0.8169,0.8169,11919,1644088259999,9742.3072,67,6867,5613.1997,0
1644088260000,0.8172,0.8173,0.8167,0.8171,16061,1644088319999,13123.5762,43,6021,4919.6049,0
1644088320000,0.8171,0.8171,0.8161,0.8165,9805,1644088379999,8005.7520,39,2198,1794.5230,0
1644088380000,0.8166,0.8185,0.8166,0.8173,22424,1644088439999,18333.6111,113,11291,9226.6815,0
1644088440000,0.8173,0.8181,0.8173,0.8175,14768,1644088499999,12071.9675,46,12887,10533.9491,0
1644088500000,0.8175,0.8177,0.8168,0.8175,16616,1644088559999,13578.2673,66,3659,2989.5755,0
1644088560000,0.8176,0.8177,0.8170,0.8177,19535,1644088619999,15966.0979,71,1547,1264.5939,0
1644088620000,0.8177,0.8194,0.8177,0.8194,18226,1644088679999,14926.0138,95,16837,13788.1936,0
1644088680000,0.8193,0.8193,0.8176,0.8177,5311,1644088739999,4346.5558,55,3102,2538.5027,0
1644088740000,0.8177,0.8177,0.8174,0.8177,2226,1644088799999,1820.0428,21,1833,1498.7352,0
1644088800000,0.8178,0.8179,0.8170,0.8175,7823,1644088859999,6395.8088,56,907,741.4225,0
1644088860000,0.8175,0.8175,0.8167,0.8167,25252,1644088919999,20633.7455,113,6304,5152.3577,0
1644088920000,0.8168,0.8172,0.8167,0.8168,2825,1644088979999,2307.9823,22,962,785.7640,0
1644088980000,0.8168,0.8170,0.8161,0.8162,5251,1644089039999,4288.0863,52,1122,916.0478,0
1644089040000,0.8161,0.8169,0.8161,0.8169,19984,1644089099999,16312.9128,87,16860,13763.1160,0
1644089100000,0.8169,0.8170,0.8168,0.8170,1839,1644089159999,1502.2657,29,498,406.8148,0
1644089160000,0.8170,0.8176,0.8170,0.8173,12877,1644089219999,10526.1509,102,8414,6877.6676,0
1644089220000,0.8173,0.8173,0.8168,0.8170,23841,1644089279999,19478.9976,60,1397,1141.2925,0
1644089280000,0.8173,0.8178,0.8169,0.8169,18234,1644089339999,14903.9628,98,5179,4233.4182,0
1644089340000,0.8167,0.8171,0.8146,0.8153,65518,1644089399999,53437.2100,150,37642,30698.1747,0
1644089400000,0.8154,0.8154,0.8124,0.8139,39230,1644089459999,31918.1831,141,13818,11239.1709,0
1644089460000,0.8136,0.8145,0.8136,0.8144,32292,1644089519999,26282.9979,62,3796,3090.6656,0
1644089520000,0.8145,0.8157,0.8145,0.8157,29582,1644089579999,24113.9509,55,24390,19880.1398,0
1644089580000,0.8157,0.8175,0.8157,0.8174,10410,1644089639999,8499.6143,41,8451,6898.4526,0
1644089640000,0.8172,0.8183,0.8170,0.8170,27789,1644089699999,22718.6817,50,2461,2012.9896,0
1644089700000,0.8169,0.8175,0.8167,0.8175,8039,1644089759999,6566.5073,36,7630,6232.3715,0
1644089760000,0.8174,0.8178,0.8172,0.8175,9354,1644089819999,7646.5043,41,2368,1936.0801,0
1644089820000,0.8177,0.8192,0.8166,0.8189,26655,1644089879999,21792.3537,68,18157,14839.7216,0
1644089880000,0.8191,0.8194,0.8189,0.8194,8554,1644089939999,7007.2243,61,2694,2206.6803,0
1644089940000,0.8192,0.8193,0.8189,0.8193,4380,1644089999999,3587.9572,44,604,494.7982,0
1644090000000,0.8192,0.8192,0.8184,0.8192,2871,1644090059999,2351.4746,50,1667,1365.3933,0
1644090060000,0.8190,0.8190,0.8186,0.8187,6851,1644090119999,5610.3442,67,1920,1571.9497,0
1644090120000,0.8187,0.8188,0.8187,0.8188,546,1644090179999,447.0472,15,282,230.9016,0
1644090180000,0.8191,0.8195,0.8187,0.8187,17562,1644090239999,14384.6797,119,2092,1713.8963,0
1644090240000,0.8187,0.8192,0.8187,0.8190,2192,1644090299999,1795.2673,49,1045,855.8743,0
1644090300000,0.8191,0.8196,0.8188,0.8196,4675,1644090359999,3828.5229,23,4454,3647.4754,0
1644090360000,0.8196,0.8197,0.8191,0.8192,9383,1644090419999,7689.8384,41,5857,4800.1799,0
1644090420000,0.8195,0.8218,0.8195,0.8218,71734,1644090479999,58880.6974,179,48644,39918.4202,0
1644090480000,0.8217,0.8217,0.8204,0.8204,21227,1644090539999,17421.7601,51,2142,1759.1231,0
1644090540000,0.8204,0.8208,0.8194,0.8199,18207,1644090599999,14934.5466,47,7865,6452.7348,0
1644090600000,0.8197,0.8198,0.8194,0.8196,4302,1644090659999,3525.6515,35,1461,1197.4343,0
1644090660000,0.8195,0.8196,0.8186,0.8193,29796,1644090719999,24411.6060,76,9945,8146.9827,0
1644090720000,0.8193,0.8197,0.8193,0.8195,4067,1644090779999,3333.0915,21,2282,1869.9538,0
1644090780000,0.8195,0.8198,0.8193,0.8197,3864,1644090839999,3166.8165,24,79,64.7384,0
1644090840000,0.8197,0.8204,0.8196,0.8200,20572,1644090899999,16867.3399,38,16620,13626.7506,0
1644090900000,0.8201,0.8203,0.8186,0.8186,9378,1644090959999,7687.5715,38,948,777.3803,0
1644090960000,0.8189,0.8189,0.8180,0.8182,5151,1644091019999,4215.9893,34,2371,1940.1141,0
1644091020000,0.8181,0.8181,0.8171,0.8172,4197,1644091079999,3432.2883,32,1080,882.6632,0
1644091080000,0.8171,0.8187,0.8171,0.8182,25711,1644091139999,21031.5759,47,18375,15028.2522,0
1644091140000,0.8183,0.8188,0.8175,0.8184,30326,1644091199999,24811.5768,44,3272,2676.4930,0
1644091200000,0.8183,0.8205,0.8182,0.8204,26424,1644091259999,21647.9971,80,21405,17533.8718,0
1644091260000,0.8200,0.8200,0.8175,0.8175,48107,1644091319999,39369.9662,88,2450,2004.5180,0
1644091320000,0.8173,0.8173,0.8146,0.8146,29915,1644091379999,24401.3128,83,17177,14011.5169,0
1644091380000,0.8145,0.8158,0.8143,0.8154,19469,1644091439999,15864.5385,40,17393,14172.7730,0
1644091440000,0.8155,0.8164,0.8146,0.8146,19221,1644091499999,15684.3876,56,10082,8226.7828,0
1644091500000,0.8150,0.8150,0.8142,0.8145,7930,1644091559999,6460.1320,33,2218,1806.5820,0
1644091560000,0.8144,0.8157,0.8132,0.8147,22483,1644091619999,18309.7056,67,9878,8040.5228,0
1644091620000,0.8151,0.8165,0.8149,0.8150,14030,1644091679999,11445.9118,46,1092,890.4115,0
1644091680000,0.8151,0.8151,0.8131,0.8137,38015,1644091739999,30944.9823,97,16683,13574.4657,0
1644091740000,0.8137,0.8140,0.8129,0.8140,2765,1644091799999,2249.6650,20,2086,1697.2073,0
1644091800000,0.8139,0.8143,0.8130,0.8130,4033,1644091859999,3281.3868,31,1681,1368.2119,0
1644091860000,0.8129,0.8143,0.8129,0.8143,6693,1644091919999,5442.7516,23,6384,5191.5644,0
1644091920000,0.8148,0.8158,0.8147,0.8147,37409,1644091979999,30502.3652,72,29778,24281.3278,0
1644091980000,0.8149,0.8159,0.8148,0.8148,3768,1644092039999,3072.6521,31,291,237.1918,0
1644092040000,0.8148,0.8154,0.8148,0.8154,5201,1644092099999,4238.6818,24,4931,4018.6335,0
1644092100000,0.8154,0.8159,0.8154,0.8158,1567,1644092159999,1277.8203,17,630,513.7384,0
1644092160000,0.8158,0.8158,0.8139,0.8140,11081,1644092219999,9026.3667,58,2907,2367.1020,0
1644092220000,0.8139,0.8139,0.8127,0.8133,17286,1644092279999,14055.4081,42,6263,5091.9570,0
1644092280000,0.8131,0.8137,0.8130,0.8134,3828,1644092339999,3113.3495,28,1797,1461.3898,0
1644092340000,0.8134,0.8139,0.8133,0.8138,6894,1644092399999,5607.8523,40,5668,4610.6752,0
1644092400000,0.8138,0.8148,0.8138,0.8147,11807,1644092459999,9611.7038,31,10703,8712.7157,0
1644092460000,0.8148,0.8148,0.8137,0.8137,1336,1644092519999,1087.4718,23,704,572.8481,0
1644092520000,0.8137,0.8139,0.8133,0.8139,15432,1644092579999,12554.4333,49,2853,2321.4747,0
1644092580000,0.8137,0.8138,0.8136,0.8136,1458,1644092639999,1186.3677,9,1443,1174.1637,0
1644092640000,0.8136,0.8153,0.8136,0.8153,5476,1644092699999,4460.1318,34,5376,4378.7561,0
1644092700000,0.8155,0.8168,0.8154,0.8168,2867,1644092759999,2338.0893,25,430,350.9595,0
1644092760000,0.8170,0.8182,0.8166,0.8167,35421,1644092819999,28956.1841,80,14157,11572.8159,0
1644092820000,0.8169,0.8172,0.8165,0.8167,4001,1644092879999,3268.6219,27,1422,1161.8791,0
1644092880000,0.8164,0.8166,0.8163,0.8165,1539,1644092939999,1256.5014,20,1216,992.7477,0
1644092940000,0.8166,0.8166,0.8148,0.8156,13686,1644092999999,11165.4454,58,1752,1428.1936,0
1644093000000,0.8151,0.8151,0.8142,0.8145,4121,1644093059999,3356.0814,34,2073,1688.2679,0
1644093060000,0.8146,0.8152,0.8143,0.8150,21278,1644093119999,17338.3816,57,11157,9091.6086,0
1644093120000,0.8154,0.8161,0.8154,0.8157,6974,1644093179999,5689.6312,27,5552,4529.5210,0
1644093180000,0.8159,0.8162,0.8156,0.8159,4568,1644093239999,3726.5154,33,2174,1773.4290,0
1644093240000,0.8161,0.8161,0.8159,0.8161,4925,1644093299999,4019.0279,17,1679,1369.9673,0
1644093300000,0.8158,0.8169,0.8156,0.8169,4399,1644093359999,3590.7946,40,3950,3224.4515,0
1644093360000,0.8168,0.8176,0.8168,0.8175,14594,1644093419999,11926.4771,37,10705,8747.7584,0
1644093420000,0.8173,0.8173,0.8171,0.8171,2630,1644093479999,2149.2813,19,932,761.5386,0
1644093480000,0.8172,0.8172,0.8166,0.8166,12141,1644093539999,9917.3814,39,1621,1323.7086,0
1644093540000,0.8170,0.8172,0.8166,0.8168,7147,1644093599999,5838.5776,35,1510,1233.5045,0
1644093600000,0.8167,0.8172,0.8167,0.8170,9165,1644093659999,7486.4007,34,3178,2596.1718,0
1644093660000,0.8170,0.8183,0.8170,0.8182,14242,1644093719999,11641.9488,45,9646,7884.2158,0
1644093720000,0.8184,0.8187,0.8179,0.8179,6284,1644093779999,5142.4421,32,543,444.2473,0
1644093780000,0.8180,0.8183,0.8179,0.8179,31009,1644093839999,25363.8663,34,27356,22376.0534,0
1644093840000,0.8179,0.8184,0.8179,0.8182,6139,1644093899999,5022.0349,39,3583,2930.9386,0
1644093900000,0.8182,0.8188,0.8182,0.8187,16269,1644093959999,13318.1612,27,3036,2484.2129,0
1644093960000,0.8187,0.8187,0.8182,0.8182,7107,1644094019999,5816.0197,45,299,244.7314,0
1644094020000,0.8183,0.8187,0.8177,0.8187,33419,1644094079999,27342.0490,83,25651,20987.6435,0
1644094080000,0.8188,0.8190,0.8182,0.8182,1165,1644094139999,953.7409,28,141,115.3944,0
1644094140000,0.8183,0.8186,0.8183,0.8183,3664,1644094199999,2999.0699,22,11,9.0020,0
1644094200000,0.8183,0.8183,0.8182,0.8182,1766,1644094259999,1445.0814,28,1213,992.5979,0
1644094260000,0.8183,0.8187,0.8182,0.8187,5676,1644094319999,4646.4785,29,839,686.7204,0
1644094320000,0.8187,0.8187,0.8180,0.8184,16864,1644094379999,13799.9409,47,1734,1419.4211,0
1644094380000,0.8184,0.8194,0.8184,0.8194,9678,1644094439999,7927.0456,47,7020,5749.8950,0
1644094440000,0.8195,0.8206,0.8192,0.8192,55320,1644094499999,45361.7786,101,43078,35323.6467,0
1644094500000,0.8194,0.8194,0.8191,0.8193,1669,1644094559999,1367.3637,17,1520,1245.2742,0
1644094560000,0.8193,0.8198,0.8193,0.8197,4703,1644094619999,3854.0812,34,1288,1055.4218,0
1644094620000,0.8197,0.8201,0.8197,0.8200,9378,1644094679999,7689.7999,35,6851,5617.9366,0
1644094680000,0.8200,0.8201,0.8193,0.8198,12905,1644094739999,10578.8852,58,1563,1281.7344,0
1644094740000,0.8196,0.8210,0.8191,0.8210,72239,1644094799999,59219.0245,106,41131,33712.0562,0
1644094800000,0.8205,0.8222,0.8204,0.8207,33342,1644094859999,27395.9730,96,7685,6313.3325,0
1644094860000,0.8206,0.8206,0.8198,0.8202,21704,1644094919999,17799.9474,71,10737,8805.6164,0
1644094920000,0.8202,0.8207,0.8191,0.8191,16620,1644094979999,13635.0711,60,12970,10641.8278,0
1644094980000,0.8189,0.8197,0.8189,0.8191,7837,1644095039999,6422.6015,40,5396,4422.6362,0
1644095040000,0.8193,0.8195,0.8191,0.8191,6629,1644095099999,5431.6153,24,1379,1129.8249,0
1644095100000,0.8191,0.8191,0.8187,0.8187,1476,1644095159999,1208.5224,31,1042,853.1896,0
1644095160000,0.8188,0.8194,0.8187,0.8191,7632,1644095219999,6250.3540,53,2605,2133.3474,0
1644095220000,0.8193,0.8208,0.8193,0.8205,20746,1644095279999,17018.0362,49,18483,15161.2398,0
1644095280000,0.8206,0.8214,0.8205,0.8206,9979,1644095339999,8191.3905,45,5861,4809.5447,0
1644095340000,0.8206,0.8231,0.8205,0.8226,36842,1644095399999,30280.0665,110,31014,25486.9358,0
1644095400000,0.8226,0.8226,0.8217,0.8220,11038,1644095459999,9076.0146,57,6931,5698.9012,0
1644095460000,0.8220,0.8222,0.8210,0.8220,28638,1644095519999,23528.3035,79,8931,7339.2626,0
1644095520000,0.8220,0.8221,0.8212,0.8214,6525,1644095579999,5363.2911,41,2956,2429.5705,0
1644095580000,0.8213,0.8229,0.8207,0.8227,57873,1644095639999,47548.8557,102,17530,14409.1232,0
1644095640000,0.8230,0.8230,0.8218,0.8224,12715,1644095699999,10456.7640,54,4917,4042.3959,0
1644095700000,0.8222,0.8222,0.8218,0.8221,3037,1644095759999,2496.9152,26,410,337.0299,0
1644095760000,0.8222,0.8227,0.8218,0.8222,29063,1644095819999,23898.4232,84,13772,11325.0449,0
1644095820000,0.8220,0.8220,0.8203,0.8205,13354,1644095879999,10970.9525,56,306,251.2177,0
1644095880000,0.8205,0.8214,0.8203,0.8206,16716,1644095939999,13720.5327,46,13227,10857.6304,0
1644095940000,0.8205,0.8210,0.8205,0.8209,11134,1644095999999,9137.1883,64,6159,5053.9744,0
1644096000000,0.8209,0.8209,0.8203,0.8203,2141,1644096059999,1756.6499,42,971,796.6478,0
1644096060000,0.8205,0.8209,0.8203,0.8208,2876,1644096119999,2359.9632,41,1293,1061.2333,0
1644096120000,0.8208,0.8215,0.8208,0.8211,8952,1644096179999,7351.8905,54,1626,1334.8780,0
1644096180000,0.8211,0.8211,0.8209,0.8209,4421,1644096239999,3630.0408,30,245,201.1565,0
1644096240000,0.8210,0.8212,0.8209,0.8212,3474,1644096299999,2852.1462,39,993,815.3460,0
1644096300000,0.8210,0.8212,0.8208,0.8210,3318,1644096359999,2724.4747,33,1141,936.8487,0
1644096360000,0.8210,0.8213,0.8210,0.8213,3933,1644096419999,3229.5855,24,1189,976.3351,0
1644096420000,0.8212,0.8212,0.8212,0.8212,894,1644096479999,734.1528,19,0,0.0000,0
1644096480000,0.8213,0.8220,0.8213,0.8220,16075,1644096539999,13208.9433,47,15622,12836.8406,0
1644096540000,0.8219,0.8235,0.8219,0.8232,39719,1644096599999,32683.1900,102,19723,16222.1903,0
1644096600000,0.8228,0.8228,0.8201,0.8212,32363,1644096659999,26595.7186,79,10086,8279.9405,0
1644096660000,0.8211,0.8216,0.8201,0.8201,32879,1644096719999,26984.9301,90,1190,977.3004,0
1644096720000,0.8204,0.8204,0.8193,0.8193,11465,1644096779999,9399.1920,37,5324,4363.0871,0
1644096780000,0.8196,0.8212,0.8195,0.8210,28155,1644096839999,23099.6346,58,22627,18563.3288,0
1644096840000,0.8211,0.8220,0.8207,0.8217,10834,1644096899999,8898.6598,39,5734,4711.4752,0
1644096900000,0.8219,0.8222,0.8218,0.8218,6668,1644096959999,5481.7186,48,3374,2773.7815,0
1644096960000,0.8218,0.8222,0.8218,0.8222,3312,1644097019999,2722.6400,21,1131,929.6689,0
1644097020000,0.8222,0.8226,0.8220,0.8222,12033,1644097079999,9893.5759,51,3299,2712.4701,0
1644097080000,0.8222,0.8222,0.8218,0.8220,3540,1644097139999,2910.5184,26,199,163.5581,0
1644097140000,0.8221,0.8230,0.8221,0.8226,8640,1644097199999,7109.5250,40,603,495.9157,0
1644097200000,0.8226,0.8231,0.8224,0.8231,1857,1644097259999,1528.0062,26,1353,1113.2749,0
1644097260000,0.8232,0.8247,0.8232,0.8244,21201,1644097319999,17476.0575,87,14614,12045.7414,0
1644097320000,0.8243,0.8244,0.8239,0.8243,5597,1644097379999,4613.4746,43,525,432.7756,0
1644097380000,0.8243,0.8249,0.8240,0.8244,18453,1644097439999,15214.1784,65,12352,10185.3124,0
1644097440000,0.8246,0.8246,0.8240,0.8244,14336,1644097499999,11815.3155,35,10942,9017.3820,0
1644097500000,0.8245,0.8246,0.8238,0.8238,8842,1644097559999,7287.1369,45,803,661.6463,0
1644097560000,0.8239,0.8240,0.8227,0.8230,14922,1644097619999,12288.0124,62,2785,2294.3850,0
1644097620000,0.8231,0.8232,0.8225,0.8225,1903,1644097679999,1566.0316,26,46,37.8561,0
1644097680000,0.8226,0.8232,0.8226,0.8232,7808,1644097739999,6425.6090,30,751,618.0682,0
1644097740000,0.8230,0.8243,0.8230,0.8241,31916,1644097799999,26296.0575,45,25002,20597.9430,0
1644097800000,0.8241,0.8242,0.8234,0.8234,2243,1644097859999,1847.7887,28,1097,903.9355,0
1644097860000,0.8236,0.8250,0.8236,0.8247,19331,1644097919999,15941.5472,77,12406,10230.4146,0
1644097920000,0.8248,0.8256,0.8248,0.8256,10440,1644097979999,8615.6686,41,4752,3921.8338,0
1644097980000,0.8257,0.8269,0.8256,0.8263,60393,1644098039999,49913.2869,124,28588,23623.6729,0
1644098040000,0.8265,0.8265,0.8258,0.8263,4319,1644098099999,3568.6959,37,1357,1121.1718,0
1644098100000,0.8264,0.8264,0.8255,0.8258,19645,1644098159999,16227.8788,62,3104,2562.6893,0
1644098160000,0.8258,0.8274,0.8257,0.8258,23896,1644098219999,19755.9941,73,8739,7223.9547,0
1644098220000,0.8263,0.8270,0.8261,0.8268,9642,1644098279999,7971.5515,38,7011,5796.2677,0
1644098280000,0.8267,0.8272,0.8267,0.8271,2417,1644098339999,1998.7954,21,810,669.7712,0
1644098340000,0.8272,0.8280,0.8260,0.8267,66222,1644098399999,54796.9715,100,41295,34161.1595,0
1644098400000,0.8265,0.8265,0.8252,0.8255,24301,1644098459999,20069.6772,86,13320,11000.6573,0
1644098460000,0.8255,0.8266,0.8255,0.8259,21736,1644098519999,17954.7005,87,8866,7324.1669,0
1644098520000,0.8258,0.8264,0.8248,0.8258,31466,1644098579999,25972.8703,67,6253,5161.5687,0
1644098580000,0.8261,0.8274,0.8261,0.8263,25037,1644098639999,20697.4283,74,16070,13285.0944,0
1644098640000,0.8263,0.8269,0.8263,0.8263,4331,1644098699999,3579.3996,37,431,356.2147,0
1644098700000,0.8263,0.8271,0.8262,0.8265,5256,1644098759999,4343.6678,41,4632,3827.8562,0
1644098760000,0.8265,0.8269,0.8263,0.8265,6106,1644098819999,5047.2954,43,1848,1527.4845,0
1644098820000,0.8264,0.8268,0.8264,0.8264,3384,1644098879999,2797.0684,41,2109,1743.2961,0
1644098880000,0.8264,0.8273,0.8262,0.8262,8959,1644098939999,7408.9283,66,3042,2515.3698,0
1644098940000,0.8259,0.8259,0.8242,0.8250,18338,1644098999999,15129.0843,56,10633,8768.7540,0
1644099000000,0.8252,0.8255,0.8250,0.8250,1913,1644099059999,1578.8315,37,824,679.9299,0
1644099060000,0.8251,0.8251,0.8242,0.8250,5822,1644099119999,4801.4353,55,2951,2433.4718,0
1644099120000,0.8250,0.8252,0.8246,0.8246,3563,1644099179999,2939.4370,52,1490,1229.2923,0
1644099180000,0.8247,0.8265,0.8247,0.8257,5866,1644099239999,4843.1561,63,3729,3077.6154,0
1644099240000,0.8257,0.8264,0.8256,0.8257,7348,1644099299999,6067.7721,51,1105,912.7334,0
1644099300000,0.8257,0.8259,0.8247,0.8251,22777,1644099359999,18798.7091,65,5408,4462.1469,0
1644099360000,0.8251,0.8254,0.8247,0.8248,20774,1644099419999,17141.6701,62,4369,3605.6549,0
1644099420000,0.8248,0.8258,0.8248,0.8252,25355,1644099479999,20929.6027,73,8321,6867.1327,0
1644099480000,0.8252,0.8252,0.8242,0.8242,3389,1644099539999,2795.0096,46,1897,1564.2470,0
1644099540000,0.8245,0.8258,0.8245,0.8255,13220,1644099599999,10908.3859,60,10077,8314.1965,0
1644099600000,0.8255,0.8255,0.8246,0.8246,7924,1644099659999,6536.7176,50,742,612.1272,0
1644099660000,0.8247,0.8254,0.8247,0.8254,2796,1644099719999,2307.0469,31,1968,1623.7843,0
1644099720000,0.8254,0.8258,0.8254,0.8255,3502,1644099779999,2891.7619,40,528,435.8827,0
1644099780000,0.8255,0.8256,0.8255,0.8255,323,1644099839999,266.6410,15,45,37.1520,0
1644099840000,0.8255,0.8255,0.8246,0.8246,3007,1644099899999,2481.8237,55,119,98.1513,0
1644099900000,0.8247,0.8252,0.8246,0.8248,2949,1644099959999,2432.6618,44,2667,2200.0683,0
1644099960000,0.8248,0.8250,0.8247,0.8247,4771,1644100019999,3935.5874,45,327,269.7423,0
1644100020000,0.8247,0.8249,0.8247,0.8249,2450,1644100079999,2020.8753,33,1059,873.4632,0
1644100080000,0.8247,0.8258,0.8246,0.8255,14814,1644100139999,12223.6389,70,12379,10215.3970,0
1644100140000,0.8255,0.8258,0.8255,0.8258,1182,1644100199999,975.8512,31,922,761.2032,0
1644100200000,0.8258,0.8258,0.8249,0.8250,13638,1644100259999,11255.6751,51,605,499.2158,0
1644100260000,0.8251,0.8262,0.8251,0.8262,18092,1644100319999,14938.9330,72,15797,13044.5506,0
1644100320000,0.8261,0.8262,0.8257,0.8257,2755,1644100379999,2275.7392,29,529,437.0267,0
1644100380000,0.8257,0.8268,0.8257,0.8268,12939,1644100439999,10689.8880,62,12208,10086.0729,0
1644100440000,0.8269,0.8269,0.8260,0.8260,5284,1644100499999,4367.7863,34,0,0.0000,0
1644100500000,0.8260,0.8275,0.8260,0.8275,14071,1644100559999,11638.0471,69,13089,10825.8798,0
1644100560000,0.8276,0.8279,0.8267,0.8267,5448,1644100619999,4508.1919,43,1251,1035.3853,0
1644100620000,0.8268,0.8274,0.8268,0.8273,18554,1644100679999,15348.4071,78,6880,5691.5211,0
1644100680000,0.8273,0.8279,0.8272,0.8277,9106,1644100739999,7534.7240,38,8967,7419.6962,0
1644100740000,0.8277,0.8284,0.8277,0.8284,16143,1644100799999,13367.7576,54,11123,9212.6424,0
1644100800000,0.8284,0.8286,0.8283,0.8283,4848,1644100859999,4016.2266,33,3256,2697.5063,0
1644100860000,0.8283,0.8300,0.8283,0.8299,17870,1644100919999,14819.1919,96,14080,11674.9693,0
1644100920000,0.8300,0.8303,0.8297,0.8298,12505,1644100979999,10379.2461,88,3629,3012.2374,0
1644100980000,0.8298,0.8299,0.8291,0.8298,18206,1644101039999,15105.8632,58,4917,4079.5849,0
1644101040000,0.8299,0.8300,0.8292,0.8295,14425,1644101099999,11965.8791,60,914,758.5318,0
1644101100000,0.8295,0.8296,0.8281,0.8296,33171,1644101159999,27504.0829,86,11331,9396.5393,0
1644101160000,0.8298,0.8301,0.8296,0.8299,7016,1644101219999,5822.1091,41,1902,1578.4173,0
1644101220000,0.8300,0.8312,0.8299,0.8304,33513,1644101279999,27836.7794,116,8864,7362.6214,0
1644101280000,0.8306,0.8310,0.8306,0.8310,3979,1644101339999,3305.9438,32,3817,3171.3764,0
1644101340000,0.8311,0.8311,0.8297,0.8297,22666,1644101399999,18824.8751,75,4678,3881.8249,0
1644101400000,0.8295,0.8295,0.8289,0.8289,774,1644101459999,641.8007,27,230,190.6604,0
1644101460000,0.8290,0.8298,0.8290,0.8297,11894,1644101519999,9868.3569,44,5494,4558.2860,0
1644101520000,0.8296,0.8297,0.8294,0.8297,3050,1644101579999,2530.2489,26,1186,983.8756,0
1644101580000,0.8295,0.8303,0.8295,0.8300,19104,1644101639999,15854.9596,55,7345,6095.6163,0
1644101640000,0.8301,0.8306,0.8300,0.8304,5310,1644101699999,4408.5664,67,3613,2999.8174,0
1644101700000,0.8305,0.8313,0.8305,0.8310,10664,1644101759999,8862.5217,79,4157,3455.0034,0
1644101760000,0.8311,0.8313,0.8303,0.8304,5336,1644101819999,4433.7579,46,1121,931.5195,0
1644101820000,0.8305,0.8320,0.8305,0.8313,28159,1644101879999,23408.2861,181,14643,12174.4297,0
1644101880000,0.8312,0.8313,0.8310,0.8313,1444,1644101939999,1200.2135,19,1428,1186.9161,0
1644101940000,0.8312,0.8329,0.8312,0.8327,32282,1644101999999,26860.4733,112,22605,18806.9396,0
1644102000000,0.8326,0.8326,0.8316,0.8324,12866,1644102059999,10703.4223,83,9018,7502.6288,0
1644102060000,0.8325,0.8330,0.8323,0.8324,20698,1644102119999,17234.9555,68,6307,5251.4425,0
1644102120000,0.8324,0.8325,0.8317,0.8322,19331,1644102179999,16083.4182,54,4248,3534.9933,0
1644102180000,0.8321,0.8323,0.8317,0.8321,3694,1644102239999,3073.5826,29,906,753.7982,0
1644102240000,0.8321,0.8326,0.8320,0.8321,3786,1644102299999,3151.0512,23,827,688.2904,0
1644102300000,0.8320,0.8320,0.8308,0.8309,3746,1644102359999,3114.6224,43,863,717.1298,0
1644102360000,0.8309,0.8319,0.8302,0.8308,17456,1644102419999,14509.1861,55,5270,4381.4493,0
1644102420000,0.8308,0.8314,0.8306,0.8314,7231,1644102479999,6008.2681,36,4928,4094.8984,0
1644102480000,0.8315,0.8315,0.8313,0.8314,4365,1644102539999,3629.3506,26,1195,993.5146,0
1644102540000,0.8313,0.8315,0.8311,0.8313,3747,1644102599999,3115.1970,37,1398,1162.2674,0
1644102600000,0.8313,0.8313,0.8307,0.8307,1429,1644102659999,1187.4021,26,699,580.7629,0
1644102660000,0.8306,0.8308,0.8303,0.8307,6262,1644102719999,5200.9701,40,2579,2141.8967,0
1644102720000,0.8308,0.8309,0.8299,0.8301,4705,1644102779999,3908.0678,49,1736,1441.6863,0
1644102780000,0.8308,0.8309,0.8303,0.8309,8344,1644102839999,6931.3929,31,3214,2669.3028,0
1644102840000,0.8309,0.8315,0.8309,0.8314,15551,1644102899999,12927.4264,45,15010,12477.6734,0
1644102900000,0.8314,0.8314,0.8307,0.8311,11197,1644102959999,9303.5175,51,1626,1351.1617,0
1644102960000,0.8310,0.8315,0.8310,0.8311,3120,1644103019999,2593.7175,30,2997,2491.5013,0
1644103020000,0.8311,0.8311,0.8308,0.8309,6254,1644103079999,5197.6815,35,25,20.7725,0
1644103080000,0.8309,0.8310,0.8300,0.8301,3962,1644103139999,3290.8743,37,688,571.5010,0
1644103140000,0.8301,0.8301,0.8291,0.8299,10447,1644103199999,8668.3482,60,2718,2255.2667,0
1644103200000,0.8296,0.8307,0.8292,0.8307,37945,1644103259999,31493.8822,73,37634,31235.7702,0
1644103260000,0.8305,0.8305,0.8294,0.8297,7346,1644103319999,6098.4054,48,884,733.6465,0
1644103320000,0.8297,0.8298,0.8294,0.8298,4318,1644103379999,3582.5682,22,1612,1337.5536,0
1644103380000,0.8298,0.8301,0.8298,0.8300,3513,1644103439999,2915.5340,22,3188,2645.7805,0
1644103440000,0.8300,0.8310,0.8300,0.8310,5707,1644103499999,4740.1840,26,5658,4699.4992,0
1644103500000,0.8310,0.8318,0.8309,0.8318,12012,1644103559999,9983.2667,54,7227,6006.8741,0
1644103560000,0.8318,0.8320,0.8313,0.8315,16720,1644103619999,13906.1349,69,4625,3846.4103,0
1644103620000,0.8316,0.8316,0.8310,0.8312,6197,1644103679999,5152.0496,40,828,688.3454,0
1644103680000,0.8312,0.8312,0.8306,0.8309,11859,1644103739999,9853.3179,56,2568,2133.4845,0
1644103740000,0.8309,0.8310,0.8302,0.8310,3291,1644103799999,2734.3301,36,661,549.2052,0
1644103800000,0.8302,0.8309,0.8300,0.8309,18235,1644103859999,15138.4326,32,10735,8912.8184,0
1644103860000,0.8308,0.8310,0.8301,0.8306,25954,1644103919999,21559.5128,84,11104,9223.6062,0
1644103920000,0.8306,0.8309,0.8292,0.8295,6393,1644103979999,5305.6805,50,3247,2693.5249,0
1644103980000,0.8301,0.8308,0.8300,0.8306,12889,1644104039999,10700.6230,53,8300,6891.6444,0
1644104040000,0.8306,0.8306,0.8299,0.8299,17865,1644104099999,14831.8566,46,9148,7595.5588,0
1644104100000,0.8299,0.8302,0.8294,0.8294,10825,1644104159999,8982.4648,48,1768,1467.6348,0
1644104160000,0.8297,0.8301,0.8293,0.8297,3492,1644104219999,2898.0562,38,735,609.7805,0
1644104220000,0.8298,0.8298,0.8293,0.8293,6547,1644104279999,5432.0623,31,225,186.6375,0
1644104280000,0.8293,0.8293,0.8288,0.8290,4634,1644104339999,3841.6122,25,2658,2202.9538,0
1644104340000,0.8292,0.8308,0.8292,0.8307,12419,1644104399999,10313.6353,66,11099,9217.1217,0
1644104400000,0.8306,0.8318,0.8305,0.8312,20278,1644104459999,16856.5778,68,12768,10614.9443,0
1644104460000,0.8311,0.8320,0.8311,0.8318,20994,1644104519999,17460.3783,61,8116,6747.7498,0
1644104520000,0.8318,0.8318,0.8305,0.8313,28329,1644104579999,23542.7960,61,5830,4846.8273,0
1644104580000,0.8313,0.8329,0.8313,0.8323,11665,1644104639999,9706.0691,60,10465,8707.6227,0
1644104640000,0.8327,0.8346,0.8326,0.8335,101218,1644104699999,84416.7950,190,76383,63715.2384,0
1644104700000,0.8334,0.8353,0.8334,0.8353,55588,1644104759999,46375.6694,95,24267,20241.0084,0
1644104760000,0.8355,0.8368,0.8353,0.8367,22523,1644104819999,18834.5576,115,4600,3846.7543,0
1644104820000,0.8366,0.8368,0.8366,0.8366,5630,1644104879999,4710.3735,29,3566,2983.5823,0
1644104880000,0.8366,0.8368,0.8355,0.8355,12320,1644104939999,10300.0012,73,2119,1772.7756,0
1644104940000,0.8354,0.8354,0.8331,0.8331,26129,1644104999999,21795.9513,117,9497,7919.7735,0
1644105000000,0.8330,0.8330,0.8317,0.8320,22321,1644105059999,18575.2270,73,3647,3035.8873,0
1644105060000,0.8319,0.8319,0.8295,0.8301,24271,1644105119999,20159.1824,84,13446,11162.8501,0
1644105120000,0.8305,0.8306,0.8298,0.8298,20282,1644105179999,16841.7978,66,19000,15777.5885,0
1644105180000,0.8299,0.8299,0.8283,0.8288,16053,1644105239999,13307.6015,56,1492,1236.4281,0
1644105240000,0.8288,0.8306,0.8288,0.8303,13784,1644105299999,11434.4667,38,12312,10212.8421,0
1644105300000,0.8302,0.8302,0.8295,0.8299,4092,1644105359999,3396.0633,34,3026,2511.3475,0
1644105360000,0.8299,0.8308,0.8299,0.8303,5076,1644105419999,4214.6508,40,3810,3163.6735,0
1644105420000,0.8301,0.8301,0.8293,0.8294,9912,1644105479999,8222.1665,42,3014,2500.5581,0
1644105480000,0.8296,0.8300,0.8279,0.8300,60607,1644105539999,50230.3781,142,21690,17969.2742,0
1644105540000,0.8300,0.8300,0.8274,0.8274,2772,1644105599999,2298.8872,37,1001,830.3154,0
