1644710400000,2.395,2.395,2.392,2.392,12483.5,1644710459999,29874.2386,100,171.6,410.8992,0
1644710460000,2.392,2.394,2.389,2.390,34516.4,1644710519999,82585.8607,164,22565.4,54004.0549,0
1644710520000,2.390,2.391,2.384,2.384,76212.0,1644710579999,181963.2375,226,17872.0,42674.0721,0
1644710580000,2.384,2.390,2.384,2.389,49698.8,1644710639999,118649.8469,192,36532.4,87217.7072,0
1644710640000,2.389,2.392,2.388,2.391,9467.9,1644710699999,22630.4553,123,4906.1,11725.8636,0
1644710700000,2.391,2.393,2.389,2.390,36127.7,1644710759999,86352.6210,226,9694.5,23179.1226,0
1644710760000,2.390,2.391,2.382,2.384,120874.7,1644710819999,288362.6454,276,17340.1,41352.4230,0
1644710820000,2.384,2.384,2.380,2.382,16591.6,1644710879999,39519.9010,89,7020.1,16725.4045,0
1644710880000,2.382,2.385,2.380,2.381,56782.7,1644710939999,135281.2798,204,35995.3,85751.1534,0
1644710940000,2.381,2.383,2.378,2.378,82097.1,1644710999999,195429.6652,217,20058.5,47754.4336,0
1644711000000,2.378,2.382,2.377,2.382,55601.2,1644711059999,132300.8157,177,42941.9,102191.8980,0
1644711060000,2.382,2.386,2.382,2.385,15659.3,1644711119999,37332.3902,101,11866.3,28286.7933,0
1644711120000,2.385,2.385,2.383,2.384,18201.2,1644711179999,43399.0745,108,10493.2,25021.9194,0
1644711180000,2.384,2.384,2.381,2.382,8146.6,1644711239999,19415.6426,70,3694.6,8806.5858,0
1644711240000,2.381,2.381,2.378,2.379,11522.6,1644711299999,27415.6994,75,5057.3,12032.8329,0
1644711300000,2.380,2.382,2.379,2.380,7079.2,1644711359999,16850.6642,63,3200.2,7616.8077,0
1644711360000,2.380,2.381,2.377,2.381,19889.8,1644711419999,47333.4906,128,14393.2,34257.6806,0
1644711420000,2.381,2.387,2.381,2.385,13844.2,1644711479999,33016.0289,92,11440.2,27280.2969,0
1644711480000,2.386,2.389,2.385,2.388,23727.4,1644711539999,56634.4279,115,10005.2,23887.9522,0
1644711540000,2.387,2.390,2.387,2.389,32417.5,1644711599999,77440.5581,112,28127.7,67194.9926,0
1644711600000,2.389,2.391,2.388,2.390,31655.1,1644711659999,75638.0970,119,8033.1,19200.8799,0
1644711660000,2.389,2.390,2.383,2.384,34898.4,1644711719999,83267.8707,115,20870.4,49782.6169,0
1644711720000,2.384,2.386,2.382,2.386,31350.0,1644711779999,74752.9326,109,31065.6,74075.0364,0
1644711780000,2.386,2.389,2.386,2.389,8819.5,1644711839999,21056.2165,62,4277.3,10213.7682,0
1644711840000,2.388,2.389,2.387,2.389,11716.3,1644711899999,27980.5233,95,6570.6,15691.9101,0
1644711900000,2.388,2.391,2.388,2.391,3909.9,1644711959999,9346.4032,60,1487.5,3555.2515,0
1644711960000,2.390,2.393,2.390,2.391,25054.9,1644712019999,59917.0864,107,11912.0,28485.7170,0
1644712020000,2.392,2.393,2.390,2.392,34129.4,1644712079999,81633.8157,78,30864.0,73824.9139,0
1644712080000,2.391,2.394,2.391,2.393,27564.5,1644712139999,65950.3670,99,23555.4,56359.3565,0
1644712140000,2.394,2.396,2.393,2.395,42448.6,1644712199999,101656.4394,131,28087.1,67275.0903,0
1644712200000,2.395,2.398,2.395,2.397,27677.8,1644712259999,66328.2359,99,5640.8,13516.9467,0
1644712260000,2.398,2.400,2.396,2.396,44386.6,1644712319999,106419.9194,224,23774.7,57015.3081,0
1644712320000,2.396,2.399,2.396,2.399,7184.7,1644712379999,17229.1892,76,4953.3,11878.3420,0
1644712380000,2.398,2.402,2.398,2.401,29647.0,1644712439999,71170.4028,197,19033.8,45698.5232,0
1644712440000,2.402,2.405,2.400,2.402,36550.0,1644712499999,87823.0643,200,26193.2,62942.0325,0
1644712500000,2.403,2.411,2.403,2.409,64414.6,1644712559999,155124.0427,322,35746.8,86057.8711,0
1644712560000,2.410,2.416,2.408,2.414,126775.2,1644712619999,305914.6519,462,62775.2,151494.2144,0
1644712620000,2.414,2.415,2.411,2.414,24307.7,1644712679999,58658.3100,141,6120.3,14772.4107,0
1644712680000,2.415,2.422,2.414,2.419,115137.2,1644712739999,278490.4168,377,78764.7,190531.3544,0
1644712740000,2.419,2.426,2.416,2.424,155490.9,1644712799999,376495.3334,503,86624.1,209736.9151,0
1644712800000,2.423,2.424,2.418,2.418,33624.8,1644712859999,81368.9613,166,5463.1,13221.0576,0
1644712860000,2.418,2.423,2.418,2.421,16928.0,1644712919999,40998.3370,95,7883.6,19093.6526,0
1644712920000,2.421,2.427,2.421,2.424,77735.3,1644712979999,188493.8082,268,47224.5,114503.0729,0
1644712980000,2.425,2.428,2.423,2.427,28469.3,1644713039999,69056.3113,145,14894.1,36127.2272,0
1644713040000,2.427,2.427,2.423,2.424,22078.8,1644713099999,53547.6317,120,6994.1,16959.0253,0
1644713100000,2.424,2.426,2.423,2.424,22459.5,1644713159999,54443.5209,161,11102.1,26914.5203,0
1644713160000,2.424,2.424,2.420,2.420,14292.9,1644713219999,34616.6851,157,5423.6,13135.1974,0
1644713220000,2.420,2.423,2.419,2.421,55166.7,1644713279999,133545.5692,139,7957.8,19279.2107,0
1644713280000,2.420,2.422,2.419,2.421,20493.5,1644713339999,49610.3355,120,12697.6,30741.9540,0
1644713340000,2.421,2.422,2.419,2.420,19287.3,1644713399999,46687.0488,102,8369.0,20262.8329,0
1644713400000,2.420,2.421,2.419,2.421,18970.8,1644713459999,45907.4981,68,11039.5,26716.1291,0
1644713460000,2.420,2.421,2.416,2.417,89501.6,1644713519999,216418.3682,176,16270.0,39335.5654,0
1644713520000,2.416,2.417,2.414,2.417,27366.7,1644713579999,66105.5981,113,16463.8,39768.3640,0
1644713580000,2.416,2.417,2.413,2.416,26098.2,1644713639999,63025.9832,148,13952.8,33699.2013,0
1644713640000,2.416,2.417,2.415,2.415,10492.3,1644713699999,25344.7896,100,2512.5,6071.0813,0
1644713700000,2.416,2.417,2.415,2.417,4774.8,1644713759999,11536.5066,41,4075.4,9847.0050,0
1644713760000,2.417,2.417,2.415,2.415,19067.5,1644713819999,46077.3066,98,16219.6,39197.4216,0
1644713820000,2.416,2.416,2.414,2.414,7291.8,1644713879999,17615.6747,65,4140.1,10002.4816,0
1644713880000,2.414,2.417,2.414,2.415,11209.6,1644713939999,27076.9161,89,8748.3,21131.6255,0
1644713940000,2.415,2.416,2.413,2.415,14097.0,1644713999999,34036.0656,88,4791.3,11568.2962,0
1644714000000,2.415,2.415,2.411,2.412,40909.3,1644714059999,98711.2587,220,13074.5,31554.5284,0
1644714060000,2.412,2.415,2.411,2.413,14566.9,1644714119999,35151.4414,80,8979.4,21668.4048,0
1644714120000,2.413,2.413,2.410,2.411,24872.7,1644714179999,59971.0066,171,9654.4,23281.0768,0
1644714180000,2.411,2.413,2.411,2.411,7952.8,1644714239999,19182.1483,94,4480.6,10807.5815,0
1644714240000,2.412,2.413,2.411,2.411,12351.5,1644714299999,29791.3616,98,5619.7,13554.9844,0
1644714300000,2.411,2.414,2.410,2.414,12260.0,1644714359999,29566.8761,97,5598.4,13506.8512,0
1644714360000,2.414,2.416,2.414,2.415,6880.6,1644714419999,16616.4302,105,4821.4,11644.2375,0
1644714420000,2.415,2.416,2.413,2.414,20826.9,1644714479999,50273.4747,134,11717.5,28284.2099,0
1644714480000,2.414,2.416,2.414,2.415,4337.1,1644714539999,10471.6417,50,3877.1,9361.0497,0
1644714540000,2.416,2.416,2.413,2.413,8136.0,1644714599999,19642.2355,89,3021.6,7294.5312,0
1644714600000,2.413,2.415,2.413,2.415,8876.5,1644714659999,21424.5920,52,5545.1,13385.9238,0
1644714660000,2.415,2.417,2.414,2.415,33752.1,1644714719999,81514.2345,161,26200.0,63274.2111,0
1644714720000,2.415,2.416,2.415,2.415,7660.9,1644714779999,18502.6080,70,3016.1,7285.4160,0
1644714780000,2.414,2.415,2.413,2.414,18498.8,1644714839999,44650.9397,77,12003.5,28971.7637,0
1644714840000,2.413,2.414,2.411,2.414,7082.4,1644714899999,17086.3755,106,1440.5,3474.7561,0
1644714900000,2.414,2.414,2.411,2.411,8396.6,1644714959999,20252.0920,90,533.4,1287.5955,0
1644714960000,2.411,2.414,2.411,2.411,39060.7,1644715019999,94224.9182,152,22335.4,53874.5700,0
1644715020000,2.413,2.413,2.412,2.412,9691.5,1644715079999,23375.9802,44,5239.1,12636.7914,0
1644715080000,2.412,2.414,2.411,2.413,6009.0,1644715139999,14493.9866,78,3482.4,8399.8191,0
1644715140000,2.413,2.414,2.412,2.413,2509.8,1644715199999,6056.0421,59,801.7,1934.5470,0
1644715200000,2.413,2.414,2.411,2.411,7053.7,1644715259999,17013.6393,146,2928.1,7063.9487,0
1644715260000,2.412,2.413,2.410,2.412,17882.1,1644715319999,43126.1522,111,7133.6,17209.9999,0
1644715320000,2.412,2.413,2.411,2.411,1924.7,1644715379999,4642.5725,36,407.2,982.5227,0
1644715380000,2.411,2.412,2.409,2.410,16229.6,1644715439999,39118.9615,139,10034.9,24189.7307,0
1644715440000,2.410,2.412,2.410,2.410,4329.0,1644715499999,10436.4228,59,1595.3,3846.3192,0
1644715500000,2.410,2.412,2.410,2.410,15219.0,1644715559999,36692.6057,84,9341.0,22521.1925,0
1644715560000,2.411,2.413,2.411,2.413,1697.8,1644715619999,4095.8261,31,1426.5,3441.7218,0
1644715620000,2.413,2.413,2.411,2.412,5194.0,1644715679999,12531.0238,71,122.6,295.7112,0
1644715680000,2.411,2.411,2.408,2.410,169424.1,1644715739999,408170.6903,313,97636.5,235237.1863,0
1644715740000,2.410,2.413,2.410,2.412,5850.9,1644715799999,14109.1611,51,5380.9,12976.3517,0
1644715800000,2.412,2.414,2.412,2.412,41263.7,1644715859999,99555.7810,154,23912.3,57696.9115,0
1644715860000,2.412,2.413,2.410,2.412,34233.2,1644715919999,82539.3444,119,5748.9,13866.3882,0
1644715920000,2.412,2.413,2.410,2.411,6786.9,1644715979999,16372.3331,96,3858.5,9308.2249,0
1644715980000,2.411,2.411,2.410,2.410,5899.5,1644716039999,14218.8959,52,1100.9,2654.2699,0
1644716040000,2.410,2.412,2.410,2.411,10446.3,1644716099999,25183.8143,51,3799.9,9161.5890,0
1644716100000,2.410,2.412,2.410,2.410,3911.7,1644716159999,9430.5415,83,1553.4,3745.3230,0
1644716160000,2.411,2.412,2.409,2.409,7576.6,1644716219999,18263.7320,81,1849.0,4458.0271,0
1644716220000,2.410,2.412,2.409,2.410,21014.1,1644716279999,50652.4213,96,19289.8,46496.9979,0
1644716280000,2.411,2.411,2.409,2.409,1722.5,1644716339999,4151.2273,47,318.1,766.9391,0
1644716340000,2.409,2.409,2.408,2.408,21689.6,1644716399999,52243.9305,62,8672.7,20892.5343,0
1644716400000,2.409,2.409,2.407,2.408,16676.7,1644716459999,40163.5051,106,11790.8,28398.4241,0
1644716460000,2.408,2.410,2.408,2.410,23870.0,1644716519999,57502.9803,50,23554.4,56742.8464,0
1644716520000,2.409,2.411,2.409,2.410,10774.0,1644716579999,25967.2249,90,8773.2,21146.6747,0
1644716580000,2.409,2.410,2.408,2.408,51891.1,1644716639999,125012.6433,146,39330.2,94763.6374,0
1644716640000,2.408,2.410,2.406,2.409,98432.6,1644716699999,237105.8939,158,71740.5,172836.4067,0
1644716700000,2.409,2.411,2.408,2.410,27119.8,1644716759999,65350.3676,124,20290.4,48893.5414,0
1644716760000,2.410,2.411,2.409,2.410,15976.1,1644716819999,38490.7121,63,2149.4,5180.0592,0
1644716820000,2.409,2.410,2.408,2.408,8745.2,1644716879999,21062.5089,38,1383.0,3332.9987,0
1644716880000,2.409,2.410,2.408,2.410,30292.2,1644716939999,72970.8424,128,28485.2,68619.4807,0
1644716940000,2.410,2.410,2.409,2.410,5041.2,1644716999999,12148.6365,33,4118.6,9925.8260,0
1644717000000,2.410,2.410,2.408,2.410,3622.6,1644717059999,8727.2765,44,926.3,2232.3830,0
1644717060000,2.409,2.410,2.407,2.408,85604.3,1644717119999,206182.7943,271,68761.5,165630.1805,0
1644717120000,2.408,2.410,2.407,2.409,44123.3,1644717179999,106279.3351,190,35702.1,86002.5027,0
1644717180000,2.408,2.409,2.408,2.408,4971.6,1644717239999,11975.1712,37,3558.4,8572.1856,0
1644717240000,2.408,2.410,2.408,2.409,23434.4,1644717299999,56449.1668,124,19857.3,47835.5100,0
1644717300000,2.408,2.409,2.407,2.408,19096.5,1644717359999,45985.8714,103,13954.5,33607.1403,0
1644717360000,2.408,2.408,2.405,2.405,30229.7,1644717419999,72737.0834,126,5302.6,12758.4214,0
1644717420000,2.405,2.406,2.404,2.404,15946.2,1644717479999,38346.5588,61,6306.0,15165.9376,0
1644717480000,2.404,2.405,2.402,2.402,22794.4,1644717539999,54792.7578,147,9217.9,22156.6845,0
1644717540000,2.402,2.406,2.402,2.405,49317.2,1644717599999,118533.2656,149,43759.9,105181.3640,0
1644717600000,2.405,2.407,2.403,2.405,61608.9,1644717659999,148135.3878,175,8578.0,20630.0283,0
1644717660000,2.404,2.404,2.400,2.400,20451.2,1644717719999,49120.6494,97,8881.6,21327.2328,0
1644717720000,2.400,2.401,2.399,2.399,22874.1,1644717779999,54903.5713,117,10125.5,24307.0181,0
1644717780000,2.399,2.400,2.397,2.397,13777.2,1644717839999,33046.1918,124,2832.9,6796.3195,0
1644717840000,2.398,2.402,2.398,2.402,18980.2,1644717899999,45542.1844,141,16918.6,40595.7238,0
1644717900000,2.402,2.404,2.400,2.401,8536.2,1644717959999,20502.0184,94,1999.3,4802.8798,0
1644717960000,2.400,2.401,2.399,2.399,2531.3,1644718019999,6075.0902,40,1496.6,3591.9380,0
1644718020000,2.399,2.402,2.399,2.400,17494.6,1644718079999,41993.4494,106,13105.4,31458.5024,0
1644718080000,2.402,2.402,2.400,2.401,8285.2,1644718139999,19889.2787,49,418.1,1004.2762,0
1644718140000,2.402,2.402,2.399,2.400,12381.2,1644718199999,29716.9304,80,7316.7,17561.1306,0
1644718200000,2.399,2.399,2.397,2.397,6936.4,1644718259999,16633.8261,111,3051.3,7317.0174,0
1644718260000,2.397,2.397,2.396,2.397,7858.8,1644718319999,18837.5229,70,2654.5,6362.8365,0
1644718320000,2.397,2.397,2.395,2.397,22127.1,1644718379999,53010.8759,116,11247.7,26950.9172,0
1644718380000,2.396,2.398,2.396,2.398,6099.6,1644718439999,14620.7702,73,5876.7,14086.5324,0
1644718440000,2.398,2.398,2.394,2.394,15018.8,1644718499999,35981.2157,80,2716.8,6509.5188,0
1644718500000,2.395,2.396,2.395,2.395,6902.5,1644718559999,16531.6536,48,1966.1,4708.9756,0
1644718560000,2.395,2.396,2.395,2.396,19340.9,1644718619999,46335.0252,101,11760.2,28177.4392,0
1644718620000,2.396,2.397,2.395,2.397,6911.1,1644718679999,16560.6830,60,6327.6,15162.6588,0
1644718680000,2.397,2.398,2.397,2.397,4166.0,1644718739999,9988.3184,25,2416.4,5794.5272,0
1644718740000,2.398,2.398,2.396,2.396,10816.3,1644718799999,25927.8578,100,1753.1,4203.9338,0
1644718800000,2.397,2.397,2.394,2.396,14951.1,1644718859999,35814.9522,94,5419.7,12982.3226,0
1644718860000,2.396,2.396,2.395,2.395,7197.6,1644718919999,17240.3388,68,4782.3,11455.6953,0
1644718920000,2.395,2.397,2.395,2.397,10406.7,1644718979999,24931.7454,80,7686.2,18416.1479,0
1644718980000,2.396,2.399,2.394,2.395,38274.2,1644719039999,91706.1493,135,8560.6,20524.2372,0
1644719040000,2.395,2.396,2.393,2.393,9506.1,1644719099999,22764.3250,78,5496.9,13164.4784,0
1644719100000,2.393,2.395,2.393,2.394,17009.4,1644719159999,40719.8400,73,14436.0,34559.8737,0
1644719160000,2.394,2.394,2.390,2.392,18611.7,1644719219999,44518.2191,137,4713.8,11277.7564,0
1644719220000,2.392,2.392,2.390,2.391,10861.5,1644719279999,25969.6680,171,3103.8,7421.8091,0
1644719280000,2.391,2.392,2.390,2.392,25191.4,1644719339999,60232.0785,112,21869.9,52291.1992,0
1644719340000,2.391,2.392,2.391,2.391,1971.9,1644719399999,4715.9805,27,1167.6,2792.8992,0
1644719400000,2.391,2.394,2.390,2.394,30246.6,1644719459999,72355.0603,121,23909.9,57202.7969,0
1644719460000,2.394,2.394,2.388,2.388,25405.9,1644719519999,60732.4150,158,2472.3,5909.4603,0
1644719520000,2.388,2.388,2.387,2.387,39565.0,1644719579999,94455.4862,161,18744.2,44752.6480,0
1644719580000,2.388,2.389,2.387,2.387,18541.4,1644719639999,44272.0701,93,7282.8,17391.4277,0
1644719640000,2.387,2.389,2.387,2.388,13258.6,1644719699999,31662.9296,61,12696.5,30320.6404,0
1644719700000,2.389,2.393,2.388,2.392,25022.1,1644719759999,59835.4391,154,22716.9,54324.2658,0
1644719760000,2.393,2.395,2.392,2.392,21886.4,1644719819999,52381.2257,116,16321.2,39062.2123,0
1644719820000,2.392,2.396,2.392,2.394,15767.2,1644719879999,37757.3021,96,6195.7,14834.6469,0
1644719880000,2.394,2.395,2.393,2.394,4663.8,1644719939999,11164.9357,60,2607.7,6243.3219,0
1644719940000,2.394,2.396,2.392,2.392,4991.1,1644719999999,11952.3047,82,3304.3,7914.0500,0
1644720000000,2.392,2.394,2.390,2.391,26020.5,1644720059999,62260.2045,122,7846.8,18781.8782,0
1644720060000,2.390,2.392,2.389,2.392,16270.3,1644720119999,38894.7072,75,5285.9,12639.9388,0
1644720120000,2.392,2.392,2.391,2.392,8832.3,1644720179999,21124.2158,71,5653.3,13522.5332,0
1644720180000,2.392,2.393,2.390,2.393,4816.6,1644720239999,11518.9618,55,4199.7,10043.8586,0
1644720240000,2.392,2.393,2.392,2.393,7599.7,1644720299999,18185.5267,42,7044.3,16857.0099,0
1644720300000,2.393,2.397,2.393,2.396,11843.4,1644720359999,28373.9837,78,2462.0,5897.9009,0
1644720360000,2.396,2.397,2.394,2.397,12442.4,1644720419999,29806.0224,96,8025.5,19228.5849,0
1644720420000,2.396,2.398,2.394,2.397,12575.6,1644720479999,30130.8989,80,6895.7,16522.0023,0
1644720480000,2.397,2.397,2.395,2.396,7579.2,1644720539999,18161.6876,63,1630.4,3907.1858,0
1644720540000,2.395,2.396,2.394,2.395,3448.8,1644720599999,8259.8773,30,89.9,215.3385,0
1644720600000,2.395,2.396,2.394,2.396,3148.8,1644720659999,7542.6670,46,2912.6,6977.0249,0
1644720660000,2.396,2.397,2.396,2.397,4395.6,1644720719999,10532.9244,59,3146.1,7539.1224,0
1644720720000,2.396,2.398,2.395,2.396,13180.4,1644720779999,31594.1179,116,7019.3,16829.1689,0
1644720780000,2.396,2.397,2.396,2.397,25960.7,1644720839999,62205.6707,61,24200.7,57988.7107,0
1644720840000,2.397,2.398,2.395,2.397,33755.8,1644720899999,80926.3829,125,26949.1,64615.4361,0
1644720900000,2.398,2.399,2.396,2.397,7081.5,1644720959999,16981.1512,56,1849.7,4436.2641,0
1644720960000,2.396,2.397,2.396,2.396,6024.0,1644721019999,14434.0130,66,2814.0,6742.8530,0
1644721020000,2.396,2.397,2.395,2.397,3280.1,1644721079999,7859.2191,45,2947.0,7061.1699,0
1644721080000,2.397,2.398,2.397,2.397,3366.5,1644721139999,8070.1327,34,3353.9,8039.9305,0
1644721140000,2.398,2.398,2.396,2.396,5702.1,1644721199999,13669.6164,55,2501.9,5999.5562,0
1644721200000,2.397,2.398,2.395,2.396,16362.6,1644721259999,39218.0607,119,7637.8,18309.3404,0
1644721260000,2.396,2.396,2.395,2.395,22951.1,1644721319999,54988.7060,79,9585.3,22966.3788,0
1644721320000,2.396,2.397,2.395,2.396,10833.6,1644721379999,25959.8647,66,8452.5,20254.9047,0
1644721380000,2.396,2.398,2.395,2.398,3306.3,1644721439999,7923.8199,68,2360.8,5658.0613,0
1644721440000,2.398,2.400,2.398,2.399,21334.0,1644721499999,51185.5283,127,14452.4,34671.8458,0
1644721500000,2.400,2.400,2.399,2.400,880.3,1644721559999,2112.6769,18,837.2,2009.2800,0
1644721560000,2.399,2.400,2.398,2.399,38642.5,1644721619999,92716.1922,155,19218.6,46117.0604,0
1644721620000,2.399,2.399,2.396,2.398,13315.5,1644721679999,31925.7564,65,5201.2,12468.0804,0
1644721680000,2.398,2.398,2.397,2.398,4403.0,1644721739999,10558.3262,60,3543.0,8496.1140,0
1644721740000,2.397,2.398,2.395,2.396,21794.4,1644721799999,52228.0298,63,11616.7,27834.0020,0
1644721800000,2.396,2.398,2.388,2.388,171914.3,1644721859999,411374.0066,413,81951.3,196095.1460,0
1644721860000,2.389,2.390,2.387,2.390,53752.7,1644721919999,128398.4494,159,31604.8,75495.9316,0
1644721920000,2.390,2.394,2.389,2.393,18927.3,1644721979999,45270.9672,84,16668.3,39867.7035,0
1644721980000,2.393,2.394,2.387,2.390,94251.3,1644722039999,225302.2328,297,24716.5,59086.1341,0
1644722040000,2.390,2.390,2.385,2.386,37101.1,1644722099999,88535.4655,147,9159.2,21860.3275,0
1644722100000,2.385,2.386,2.384,2.384,24414.5,1644722159999,58239.1173,148,12811.2,30565.3936,0
1644722160000,2.384,2.386,2.384,2.386,11952.5,1644722219999,28511.0814,79,8411.8,20068.1230,0
1644722220000,2.386,2.388,2.386,2.388,33368.7,1644722279999,79647.8570,89,30684.0,73239.5179,0
1644722280000,2.387,2.389,2.387,2.389,10306.2,1644722339999,24613.2573,58,9078.8,21683.0950,0
1644722340000,2.389,2.390,2.388,2.389,4074.4,1644722399999,9733.6975,45,1840.9,4397.9141,0
1644722400000,2.390,2.390,2.388,2.388,16365.1,1644722459999,39088.7780,74,5251.5,12545.8376,0
1644722460000,2.388,2.389,2.385,2.385,5386.2,1644722519999,12860.8637,53,33.7,80.5093,0
1644722520000,2.386,2.388,2.385,2.388,13567.7,1644722579999,32379.1203,96,12738.1,30400.5243,0
1644722580000,2.387,2.388,2.387,2.387,3308.7,1644722639999,7898.4707,36,1968.8,4700.1294,0
1644722640000,2.388,2.388,2.386,2.387,4764.5,1644722699999,11370.4866,41,474.8,1133.5322,0
1644722700000,2.387,2.387,2.386,2.386,4996.2,1644722759999,11925.1918,27,4258.6,10165.2782,0
1644722760000,2.386,2.387,2.384,2.385,17430.6,1644722819999,41573.6907,84,433.0,1033.1390,0
1644722820000,2.384,2.385,2.382,2.385,30687.0,1644722879999,73137.0789,143,8439.5,20118.2953,0
1644722880000,2.385,2.386,2.385,2.386,6597.7,1644722939999,15736.9230,45,5579.7,13308.9930,0
1644722940000,2.386,2.389,2.386,2.389,6818.9,1644722999999,16277.4511,60,6454.2,15407.0088,0
1644723000000,2.388,2.389,2.386,2.388,16051.9,1644723059999,38318.9879,132,5289.6,12630.9923,0
1644723060000,2.387,2.388,2.387,2.387,5823.6,1644723119999,13901.4801,62,4725.2,11279.5993,0
1644723120000,2.386,2.387,2.386,2.387,832.9,1644723179999,1988.1275,10,828.1,1976.6747,0
1644723180000,2.387,2.389,2.386,2.389,4620.4,1644723239999,11031.7263,65,4324.2,10324.4187,0
1644723240000,2.388,2.389,2.387,2.387,9931.3,1644723299999,23720.0714,89,5712.8,13647.8792,0
1644723300000,2.388,2.388,2.384,2.384,3469.3,1644723359999,8276.8089,45,593.7,1416.9375,0
1644723360000,2.384,2.386,2.384,2.386,5318.5,1644723419999,12687.1534,57,3694.6,8814.1540,0
1644723420000,2.385,2.387,2.385,2.387,6462.1,1644723479999,15419.3024,54,4805.8,11467.5574,0
1644723480000,2.388,2.389,2.388,2.388,5362.4,1644723539999,12805.6308,65,4259.7,10172.3832,0
1644723540000,2.387,2.389,2.387,2.389,27971.5,1644723599999,66809.7909,114,22234.6,53112.4998,0
1644723600000,2.388,2.390,2.388,2.389,2645.2,1644723659999,6319.3083,39,1203.8,2876.7530,0
1644723660000,2.388,2.389,2.387,2.389,13671.4,1644723719999,32655.4905,64,13236.4,31616.7156,0
1644723720000,2.389,2.391,2.389,2.391,5844.2,1644723779999,13966.9417,39,2772.3,6625.1048,0
1644723780000,2.391,2.393,2.391,2.392,6397.4,1644723839999,15299.0317,43,3476.4,8314.1781,0
1644723840000,2.392,2.393,2.386,2.386,38731.6,1644723899999,92533.5590,194,8169.8,19513.5768,0
1644723900000,2.387,2.390,2.387,2.389,7371.8,1644723959999,17603.8559,84,3936.5,9399.9010,0
1644723960000,2.390,2.391,2.389,2.391,9345.4,1644724019999,22338.9879,68,7425.8,17751.1479,0
1644724020000,2.390,2.391,2.390,2.391,9510.5,1644724079999,22738.1086,32,9042.3,21619.1106,0
1644724080000,2.391,2.392,2.390,2.390,6828.7,1644724139999,16326.2892,81,2103.9,5030.5385,0
1644724140000,2.390,2.391,2.390,2.391,2162.4,1644724199999,5169.3436,15,1207.6,2887.3716,0
1644724200000,2.391,2.392,2.388,2.389,31447.5,1644724259999,75142.1120,129,6117.9,14627.8589,0
1644724260000,2.389,2.390,2.389,2.390,10182.1,1644724319999,24331.7198,46,9737.8,23270.2871,0
1644724320000,2.390,2.391,2.389,2.389,5482.6,1644724379999,13103.4228,51,4280.2,10229.7314,0
1644724380000,2.390,2.390,2.387,2.388,3890.4,1644724439999,9287.9112,85,210.9,503.7356,0
1644724440000,2.388,2.389,2.388,2.389,6241.8,1644724499999,14905.4842,35,6037.9,14418.5710,0
1644724500000,2.389,2.389,2.387,2.389,5653.7,1644724559999,13502.7182,61,1842.6,4401.4333,0
1644724560000,2.388,2.389,2.387,2.387,7856.7,1644724619999,18762.4991,66,6285.7,15011.2826,0
1644724620000,2.387,2.387,2.384,2.385,24144.7,1644724679999,57583.8065,124,16126.6,38462.1509,0
1644724680000,2.386,2.386,2.384,2.384,3156.3,1644724739999,7527.3734,48,2514.2,5996.4085,0
1644724740000,2.385,2.386,2.385,2.386,3411.0,1644724799999,8136.2848,44,2857.6,6816.4155,0
1644724800000,2.386,2.388,2.386,2.387,17915.9,1644724859999,42765.4510,112,2379.9,5681.9396,0
1644724860000,2.387,2.387,2.386,2.387,3540.3,1644724919999,8450.6694,28,3367.9,8039.1773,0
1644724920000,2.387,2.387,2.384,2.385,13334.4,1644724979999,31807.0514,91,1970.6,4703.7485,0
1644724980000,2.384,2.385,2.382,2.382,28918.6,1644725039999,68924.8724,134,26911.5,64142.7930,0
1644725040000,2.383,2.386,2.383,2.386,16953.0,1644725099999,40438.8305,79,16755.5,39967.8327,0
1644725100000,2.386,2.388,2.385,2.388,5647.9,1644725159999,13481.4717,80,2178.1,5199.3543,0
1644725160000,2.388,2.389,2.388,2.389,11146.7,1644725219999,26620.3296,67,2010.0,4801.8900,0
1644725220000,2.388,2.389,2.388,2.388,877.5,1644725279999,2095.8258,30,355.8,850.0062,0
1644725280000,2.388,2.390,2.387,2.389,16803.2,1644725339999,40132.5626,99,14155.5,33808.6913,0
1644725340000,2.389,2.390,2.387,2.389,25618.1,1644725399999,61192.0043,82,9829.5,23480.4562,0
1644725400000,2.388,2.391,2.387,2.387,21586.2,1644725459999,51576.2733,111,10367.0,24777.7350,0
1644725460000,2.387,2.389,2.386,2.389,4922.6,1644725519999,11753.4620,36,3092.3,7384.7711,0
1644725520000,2.388,2.389,2.387,2.387,2268.9,1644725579999,5418.0288,27,160.6,383.6628,0
1644725580000,2.388,2.388,2.386,2.388,13909.3,1644725639999,33201.5809,117,8195.0,19561.5511,0
1644725640000,2.387,2.389,2.387,2.388,11535.0,1644725699999,27542.4360,59,3976.8,9498.3663,0
1644725700000,2.387,2.389,2.387,2.388,2050.2,1644725759999,4896.2621,52,1522.5,3636.1475,0
1644725760000,2.388,2.388,2.386,2.387,3918.6,1644725819999,9354.9724,66,2838.8,6777.0977,0
1644725820000,2.388,2.388,2.386,2.387,2716.5,1644725879999,6484.5962,34,2520.0,6015.5559,0
1644725880000,2.388,2.389,2.388,2.388,1555.0,1644725939999,3714.1048,33,1221.0,2916.5128,0
1644725940000,2.389,2.391,2.389,2.390,12152.0,1644725999999,29046.6073,61,10214.4,24415.9240,0
1644726000000,2.390,2.391,2.388,2.388,17850.2,1644726059999,42646.0872,104,7205.7,17214.6591,0
1644726060000,2.389,2.389,2.388,2.389,2293.9,1644726119999,5478.1569,9,323.7,773.3193,0
1644726120000,2.389,2.390,2.389,2.389,3241.4,1644726179999,7743.7464,34,2844.4,6795.3134,0
1644726180000,2.390,2.391,2.390,2.391,10510.6,1644726239999,25128.1616,51,10069.0,24072.7376,0
1644726240000,2.391,2.392,2.389,2.390,15217.0,1644726299999,36381.8437,124,6422.4,15359.5457,0
1644726300000,2.390,2.392,2.390,2.390,4545.3,1644726359999,10867.7790,42,2268.6,5424.3226,0
1644726360000,2.391,2.392,2.390,2.392,12197.7,1644726419999,29164.7555,75,5257.5,12570.9256,0
1644726420000,2.391,2.391,2.389,2.389,18686.3,1644726479999,44656.5989,97,540.5,1292.1472,0
1644726480000,2.389,2.390,2.389,2.390,420.2,1644726539999,1004.2634,8,405.6,969.3840,0
1644726540000,2.389,2.390,2.388,2.388,13928.0,1644726599999,33279.3200,90,5618.6,13428.4540,0
1644726600000,2.388,2.391,2.387,2.391,11569.0,1644726659999,27638.5712,79,5624.4,13435.5044,0
1644726660000,2.391,2.392,2.390,2.392,14765.8,1644726719999,35313.6180,94,10761.0,25738.1830,0
1644726720000,2.392,2.392,2.390,2.391,7297.9,1644726779999,17451.5344,91,5669.3,13558.4051,0
1644726780000,2.391,2.393,2.390,2.391,16623.2,1644726839999,39756.2185,113,8593.8,20560.9082,0
1644726840000,2.391,2.392,2.390,2.390,10605.5,1644726899999,25357.7428,76,8385.4,20049.5353,0
1644726900000,2.391,2.391,2.388,2.389,12730.7,1644726959999,30410.9293,100,2019.3,4824.5757,0
1644726960000,2.390,2.390,2.387,2.387,10509.3,1644727019999,25097.4424,57,6302.4,15050.2748,0
1644727020000,2.388,2.389,2.388,2.389,4419.4,1644727079999,10555.0763,57,3786.2,9042.6725,0
1644727080000,2.390,2.390,2.387,2.387,7140.3,1644727139999,17051.3910,64,166.2,397.1372,0
1644727140000,2.387,2.387,2.385,2.386,9373.6,1644727199999,22367.6772,79,2287.3,5457.6342,0
1644727200000,2.386,2.386,2.384,2.384,4929.1,1644727259999,11754.5023,63,1253.7,2990.7733,0
1644727260000,2.384,2.385,2.380,2.381,84729.3,1644727319999,201876.4796,223,31778.9,75746.4578,0
1644727320000,2.381,2.382,2.381,2.382,5607.4,1644727379999,13351.7003,57,2881.8,6862.0467,0
1644727380000,2.381,2.383,2.380,2.382,8297.2,1644727439999,19760.3224,66,6892.8,16417.2981,0
1644727440000,2.382,2.383,2.381,2.381,5953.3,1644727499999,14179.4187,72,2250.4,5360.4700,0
1644727500000,2.381,2.382,2.379,2.380,18193.4,1644727559999,43301.3626,99,1531.8,3647.4161,0
1644727560000,2.380,2.380,2.376,2.379,26773.8,1644727619999,63667.8705,225,12524.9,29790.3235,0
1644727620000,2.378,2.381,2.378,2.380,9350.8,1644727679999,22257.3389,77,8532.6,20310.7941,0
1644727680000,2.380,2.381,2.377,2.379,2445.3,1644727739999,5818.1890,54,864.3,2056.0221,0
1644727740000,2.379,2.380,2.379,2.380,2620.7,1644727799999,6236.1014,36,1226.2,2917.1914,0
1644727800000,2.381,2.383,2.381,2.382,11092.3,1644727859999,26417.8146,52,9916.1,23616.1062,0
1644727860000,2.382,2.382,2.380,2.380,4299.7,1644727919999,10238.6293,68,522.7,1245.0714,0
1644727920000,2.380,2.380,2.378,2.378,8222.1,1644727979999,19558.6259,80,986.3,2346.6765,0
1644727980000,2.379,2.380,2.378,2.379,20134.6,1644728039999,47898.8152,89,14204.0,33791.3856,0
1644728040000,2.379,2.381,2.379,2.380,4582.3,1644728099999,10905.6063,48,2369.7,5640.0223,0
1644728100000,2.379,2.383,2.379,2.382,11317.2,1644728159999,26947.9924,65,9208.9,21928.1854,0
1644728160000,2.382,2.382,2.380,2.380,7670.8,1644728219999,18263.7152,80,897.6,2138.0832,0
1644728220000,2.381,2.381,2.379,2.380,7161.6,1644728279999,17047.4082,57,4963.3,11813.9554,0
1644728280000,2.380,2.382,2.380,2.382,1599.8,1644728339999,3807.9797,25,1599.8,3807.9797,0
1644728340000,2.381,2.381,2.378,2.379,21267.5,1644728399999,50614.4289,105,7227.1,17203.8631,0
1644728400000,2.379,2.380,2.377,2.378,10372.8,1644728459999,24665.2454,92,4434.6,10547.6209,0
1644728460000,2.378,2.380,2.378,2.380,4646.4,1644728519999,11055.0125,85,3980.7,9471.4388,0
1644728520000,2.381,2.382,2.380,2.380,10383.1,1644728579999,24719.4268,77,5975.8,14230.0528,0
1644728580000,2.380,2.382,2.380,2.380,7578.5,1644728639999,18044.8434,96,1718.2,4091.5645,0
1644728640000,2.380,2.382,2.380,2.381,1153.0,1644728699999,2745.4149,38,902.6,2149.2151,0
1644728700000,2.382,2.383,2.381,2.381,3250.9,1644728759999,7743.8838,84,2154.9,5133.2559,0
1644728760000,2.381,2.382,2.381,2.381,1829.7,1644728819999,4357.9503,53,1434.6,3417.2172,0
1644728820000,2.382,2.382,2.381,2.381,717.8,1644728879999,1709.5729,35,491.1,1169.8002,0
1644728880000,2.381,2.382,2.380,2.381,6838.9,1644728939999,16283.9675,102,3208.7,7640.5277,0
1644728940000,2.381,2.382,2.380,2.382,6142.4,1644728999999,14627.4329,52,5543.5,13202.0509,0
1644729000000,2.382,2.382,2.380,2.382,7292.4,1644729059999,17370.0338,75,1056.9,2517.2862,0
1644729060000,2.381,2.382,2.380,2.380,3361.2,1644729119999,8003.0453,44,713.7,1699.3842,0
1644729120000,2.380,2.382,2.378,2.381,29858.4,1644729179999,71062.8503,109,8598.7,20465.4870,0
1644729180000,2.382,2.382,2.381,2.382,2090.6,1644729239999,4979.7309,39,2012.3,4793.2986,0
1644729240000,2.382,2.382,2.379,2.380,4198.2,1644729299999,9994.8480,58,679.0,1616.0330,0
1644729300000,2.380,2.380,2.378,2.379,10739.9,1644729359999,25555.8975,71,3476.8,8273.9229,0
1644729360000,2.379,2.381,2.376,2.380,86942.8,1644729419999,206726.8721,242,45215.9,107522.8919,0
1644729420000,2.380,2.382,2.378,2.379,14313.3,1644729479999,34071.4584,81,4920.3,11712.7423,0
1644729480000,2.380,2.381,2.379,2.381,5196.8,1644729539999,12369.9797,48,1684.5,4009.6164,0
1644729540000,2.381,2.382,2.381,2.382,3009.0,1644729599999,7165.4808,32,1051.8,2505.3876,0
1644729600000,2.382,2.383,2.381,2.381,7201.3,1644729659999,17153.9901,60,3150.1,7504.3433,0
1644729660000,2.381,2.382,2.380,2.381,5743.1,1644729719999,13674.3204,47,342.5,815.4967,0
1644729720000,2.381,2.383,2.381,2.381,24834.3,1644729779999,59153.7087,72,24823.1,59127.0415,0
1644729780000,2.381,2.383,2.381,2.383,667.8,1644729839999,1590.9205,25,622.9,1483.9712,0
1644729840000,2.382,2.382,2.381,2.381,3561.7,1644729899999,8482.8869,96,1217.4,2899.8468,0
1644729900000,2.382,2.382,2.381,2.382,1175.9,1644729959999,2800.9683,29,1150.4,2740.2528,0
1644729960000,2.382,2.383,2.382,2.383,7759.7,1644730019999,18487.8153,38,6067.2,14456.2803,0
1644730020000,2.382,2.383,2.382,2.383,547.0,1644730079999,1303.0988,16,144.8,345.0584,0
1644730080000,2.383,2.385,2.382,2.384,59575.8,1644730139999,141975.4008,141,40870.7,97397.7350,0
1644730140000,2.383,2.387,2.383,2.386,10896.1,1644730199999,25990.4288,81,8430.9,20110.4171,0
1644730200000,2.386,2.387,2.385,2.385,8641.0,1644730259999,20617.7451,77,1035.8,2471.7798,0
1644730260000,2.386,2.388,2.386,2.387,8780.5,1644730319999,20955.5527,65,5323.5,12704.5862,0
1644730320000,2.387,2.388,2.387,2.388,2535.7,1644730379999,6054.6059,24,1890.0,4513.3200,0
1644730380000,2.388,2.389,2.387,2.388,3577.0,1644730439999,8539.5988,49,305.0,728.3408,0
1644730440000,2.389,2.390,2.388,2.388,11363.9,1644730499999,27146.8130,56,5849.2,13973.7806,0
1644730500000,2.389,2.389,2.388,2.389,2677.5,1644730559999,6394.7255,29,855.5,2043.7895,0
1644730560000,2.389,2.390,2.388,2.390,7798.1,1644730619999,18633.6525,94,3431.1,8199.5839,0
1644730620000,2.391,2.392,2.390,2.391,21860.6,1644730679999,52269.4893,116,10768.2,25755.3862,0
1644730680000,2.391,2.392,2.388,2.388,43090.7,1644730739999,102974.6970,107,995.9,2381.2302,0
1644730740000,2.388,2.389,2.387,2.388,4127.5,1644730799999,9855.7975,65,2773.7,6623.6375,0
1644730800000,2.389,2.390,2.388,2.389,3924.3,1644730859999,9375.5718,64,2734.8,6533.8629,0
1644730860000,2.390,2.391,2.390,2.390,2409.8,1644730919999,5760.2465,21,2402.4,5742.5605,0
1644730920000,2.390,2.391,2.389,2.389,5785.3,1644730979999,13826.6175,81,159.2,380.6428,0
1644730980000,2.390,2.390,2.388,2.390,7008.2,1644731039999,16742.4724,86,5841.5,13955.3844,0
1644731040000,2.390,2.390,2.390,2.390,204.3,1644731099999,488.2770,5,204.3,488.2770,0
1644731100000,2.390,2.391,2.388,2.389,9586.8,1644731159999,22915.1234,147,4650.7,11118.3590,0
1644731160000,2.389,2.390,2.386,2.386,38974.3,1644731219999,93026.9924,137,8169.5,19493.8220,0
1644731220000,2.386,2.386,2.384,2.386,29455.1,1644731279999,70251.6479,105,25474.9,60762.0435,0
1644731280000,2.386,2.388,2.386,2.387,4191.0,1644731339999,10004.1183,51,3798.7,9067.7008,0
1644731340000,2.387,2.390,2.387,2.390,5476.5,1644731399999,13080.1032,41,5449.6,13015.8539,0
1644731400000,2.389,2.389,2.388,2.388,4172.5,1644731459999,9965.1903,98,777.9,1857.7213,0
1644731460000,2.388,2.389,2.388,2.389,2611.4,1644731519999,6236.1669,34,2197.8,5248.4901,0
1644731520000,2.389,2.391,2.389,2.390,8167.5,1644731579999,19518.4572,62,5230.3,12498.5492,0
1644731580000,2.391,2.392,2.391,2.392,4556.8,1644731639999,10896.2579,141,2910.9,6960.5539,0
1644731640000,2.392,2.394,2.391,2.394,31042.0,1644731699999,74276.4367,131,22597.5,54075.6387,0
1644731700000,2.394,2.394,2.392,2.392,2538.5,1644731759999,6074.8368,54,541.4,1296.1090,0
1644731760000,2.393,2.394,2.392,2.392,13568.6,1644731819999,32468.9668,76,11832.8,28315.9324,0
1644731820000,2.393,2.394,2.393,2.393,11098.4,1644731879999,26560.0250,89,3834.7,9177.9909,0
1644731880000,2.394,2.394,2.393,2.394,4690.1,1644731939999,11226.3000,36,2890.7,6920.3358,0
1644731940000,2.393,2.394,2.391,2.392,30750.6,1644731999999,73565.9736,140,4229.9,10117.2055,0
1644732000000,2.391,2.393,2.390,2.393,5702.1,1644732059999,13635.4244,97,2797.0,6689.2741,0
1644732060000,2.393,2.393,2.391,2.393,5966.0,1644732119999,14272.6809,88,4690.4,11221.2513,0
1644732120000,2.393,2.394,2.392,2.393,14090.8,1644732179999,33715.6209,102,7066.1,16909.9097,0
1644732180000,2.393,2.393,2.391,2.392,8636.5,1644732239999,20660.2241,109,1406.9,3365.8406,0
1644732240000,2.393,2.394,2.391,2.393,9096.0,1644732299999,21759.5281,73,2175.5,5204.1789,0
1644732300000,2.394,2.394,2.392,2.392,3357.3,1644732359999,8033.4689,52,1191.6,2851.5162,0
1644732360000,2.393,2.393,2.390,2.392,15401.6,1644732419999,36834.1701,150,4072.2,9737.7466,0
1644732420000,2.391,2.392,2.391,2.392,989.3,1644732479999,2365.9433,21,527.0,1260.5840,0
1644732480000,2.391,2.392,2.391,2.392,6795.1,1644732539999,16253.2667,75,4020.7,9617.5144,0
1644732540000,2.392,2.393,2.392,2.393,3410.5,1644732599999,8159.9391,44,2023.1,4841.2783,0
1644732600000,2.393,2.394,2.392,2.393,12949.8,1644732659999,30988.0647,94,9551.6,22857.3711,0
1644732660000,2.394,2.395,2.393,2.394,5403.4,1644732719999,12936.3667,45,3975.4,9518.4463,0
1644732720000,2.395,2.396,2.392,2.393,11451.5,1644732779999,27414.3690,124,5868.5,14047.5619,0
1644732780000,2.392,2.394,2.392,2.394,9933.1,1644732839999,23766.9770,108,6754.2,16163.0482,0
1644732840000,2.395,2.395,2.393,2.393,1749.9,1644732899999,4189.3461,20,832.6,1994.0411,0
1644732900000,2.393,2.393,2.391,2.392,28650.6,1644732959999,68546.5555,126,4983.0,11920.6784,0
1644732960000,2.393,2.395,2.392,2.393,15103.7,1644733019999,36151.9095,93,11626.3,27829.5390,0
1644733020000,2.392,2.393,2.391,2.391,5629.1,1644733079999,13466.1458,69,2280.5,5456.3568,0
1644733080000,2.392,2.392,2.391,2.391,6422.0,1644733139999,15358.3779,119,956.0,2286.7520,0
1644733140000,2.392,2.394,2.391,2.394,10601.2,1644733199999,25366.9969,64,10354.3,24776.4141,0
1644733200000,2.394,2.395,2.393,2.394,4931.5,1644733259999,11809.7191,69,3736.3,8947.8834,0
1644733260000,2.395,2.396,2.394,2.396,1491.2,1644733319999,3571.6604,35,1482.5,3550.8326,0
1644733320000,2.396,2.396,2.394,2.395,7322.1,1644733379999,17539.7002,91,3529.2,8452.5428,0
1644733380000,2.395,2.395,2.394,2.395,823.5,1644733439999,1972.0466,54,453.1,1085.1745,0
1644733440000,2.394,2.394,2.393,2.393,2967.4,1644733499999,7103.1146,104,988.4,2366.2296,0
1644733500000,2.394,2.394,2.393,2.394,5118.6,1644733559999,12249.9063,59,3851.4,9217.4967,0
1644733560000,2.393,2.395,2.392,2.395,8499.1,1644733619999,20341.3931,54,1053.0,2520.8972,0
1644733620000,2.395,2.396,2.395,2.396,17558.8,1644733679999,42053.3910,29,15347.4,36757.0880,0
1644733680000,2.396,2.396,2.395,2.395,2819.8,1644733739999,6754.1390,61,718.0,1720.3280,0
1644733740000,2.395,2.396,2.395,2.395,756.2,1644733799999,1811.1082,26,9.2,22.0432,0
1644733800000,2.396,2.397,2.395,2.395,16199.6,1644733859999,38814.3660,143,8989.5,21541.0437,0
1644733860000,2.396,2.397,2.393,2.394,16531.3,1644733919999,39597.2272,121,10316.2,24711.1539,0
1644733920000,2.394,2.396,2.393,2.396,20491.5,1644733979999,49042.1921,93,7874.1,18847.7332,0
1644733980000,2.396,2.397,2.395,2.397,2052.6,1644734039999,4918.6437,48,1435.4,3440.0034,0
1644734040000,2.396,2.398,2.396,2.397,9699.8,1644734099999,23249.9535,69,8404.5,20145.7449,0
1644734100000,2.398,2.400,2.397,2.400,34523.6,1644734159999,82821.1042,166,24472.0,58707.3839,0
1644734160000,2.400,2.400,2.398,2.399,32136.7,1644734219999,77107.3949,127,28932.0,69418.1398,0
1644734220000,2.400,2.401,2.400,2.401,37365.6,1644734279999,89690.9552,110,14066.7,33763.2879,0
1644734280000,2.401,2.403,2.400,2.402,46232.0,1644734339999,111034.4298,217,34071.1,81828.8845,0
1644734340000,2.403,2.404,2.401,2.402,22588.5,1644734399999,54289.7507,130,15044.1,36161.5261,0
1644734400000,2.401,2.402,2.401,2.402,3878.5,1644734459999,9312.7677,45,489.2,1175.0584,0
1644734460000,2.402,2.402,2.400,2.400,12074.1,1644734519999,28991.8575,61,1961.0,4710.3194,0
1644734520000,2.401,2.402,2.401,2.401,15352.1,1644734579999,36867.3318,64,13934.9,33464.6346,0
1644734580000,2.401,2.403,2.401,2.401,6324.6,1644734639999,15191.7193,80,5148.6,12367.1262,0
1644734640000,2.401,2.402,2.401,2.401,7061.7,1644734699999,16956.2478,72,1106.1,2656.8522,0
1644734700000,2.401,2.402,2.399,2.399,12316.1,1644734759999,29560.0741,99,1949.5,4680.2456,0
1644734760000,2.400,2.402,2.400,2.401,28134.2,1644734819999,67531.1590,64,20510.0,49233.0686,0
1644734820000,2.401,2.401,2.399,2.401,19698.7,1644734879999,47279.4751,83,9551.6,22924.3062,0
1644734880000,2.401,2.403,2.399,2.400,6193.1,1644734939999,14867.4825,57,1893.0,4544.6904,0
1644734940000,2.399,2.400,2.399,2.399,883.5,1644734999999,2120.2751,24,758.6,1820.6400,0
1644735000000,2.399,2.401,2.398,2.400,21017.7,1644735059999,50421.9685,109,16562.9,39734.9447,0
1644735060000,2.401,2.404,2.401,2.404,9125.5,1644735119999,21928.1070,60,8853.4,21274.5717,0
1644735120000,2.404,2.405,2.403,2.404,20719.4,1644735179999,49823.0784,124,5451.6,13109.8708,0
1644735180000,2.403,2.405,2.402,2.405,13767.1,1644735239999,33088.2799,101,9051.5,21758.1525,0
1644735240000,2.405,2.406,2.403,2.403,20928.7,1644735299999,50325.1648,134,7220.4,17367.7768,0
1644735300000,2.404,2.405,2.403,2.405,15398.4,1644735359999,37023.4919,80,8752.3,21046.3249,0
1644735360000,2.404,2.405,2.404,2.404,10735.7,1644735419999,25808.6718,40,8247.3,19826.5582,0
1644735420000,2.404,2.405,2.404,2.405,644.1,1644735479999,1548.7757,8,359.3,864.1165,0
1644735480000,2.405,2.406,2.404,2.406,10780.7,1644735539999,25928.5403,67,8279.0,19911.9732,0
1644735540000,2.406,2.406,2.404,2.405,39682.3,1644735599999,95429.6448,163,20227.3,48647.3503,0
1644735600000,2.404,2.404,2.402,2.403,12353.6,1644735659999,29684.9375,72,3372.0,8103.2129,0
1644735660000,2.403,2.404,2.402,2.403,6847.5,1644735719999,16456.3742,73,6008.7,14441.5239,0
1644735720000,2.403,2.404,2.401,2.402,27920.9,1644735779999,67082.2330,127,6527.8,15691.9953,0
1644735780000,2.403,2.403,2.398,2.399,25677.5,1644735839999,61633.4085,153,2938.8,7057.1744,0
1644735840000,2.399,2.402,2.399,2.402,34041.3,1644735899999,81713.3602,143,14955.7,35903.3048,0
1644735900000,2.402,2.402,2.400,2.402,8415.4,1644735959999,20206.5612,73,4494.4,10792.2446,0
1644735960000,2.402,2.403,2.400,2.401,9316.9,1644736019999,22367.7295,116,1614.5,3877.7850,0
1644736020000,2.401,2.401,2.399,2.401,15145.0,1644736079999,36352.4798,121,9631.7,23122.7412,0
1644736080000,2.401,2.403,2.400,2.402,56702.3,1644736139999,136167.2735,182,27712.3,66563.8814,0
1644736140000,2.402,2.402,2.399,2.399,4717.6,1644736199999,11326.8489,68,404.0,970.3630,0
1644736200000,2.400,2.402,2.399,2.402,4672.4,1644736259999,11212.7046,63,3832.2,9196.7363,0
1644736260000,2.402,2.403,2.401,2.402,935.4,1644736319999,2246.9611,25,904.7,2173.2310,0
1644736320000,2.402,2.404,2.402,2.403,4291.8,1644736379999,10310.2284,50,148.4,356.6344,0
1644736380000,2.403,2.403,2.401,2.403,6295.5,1644736439999,15127.2064,88,1649.6,3963.9888,0
1644736440000,2.403,2.403,2.402,2.402,14292.0,1644736499999,34339.2960,77,9912.0,23818.5360,0
1644736500000,2.402,2.402,2.399,2.401,28302.4,1644736559999,67946.1519,151,11753.4,28215.5376,0
1644736560000,2.401,2.401,2.399,2.400,10520.4,1644736619999,25252.3578,105,4332.3,10400.9212,0
1644736620000,2.401,2.401,2.399,2.400,11190.0,1644736679999,26856.9744,82,1554.9,3733.1529,0
1644736680000,2.400,2.403,2.400,2.403,4707.9,1644736739999,11305.7156,62,4529.2,10876.5421,0
1644736740000,2.403,2.404,2.402,2.403,17571.5,1644736799999,42222.6935,130,9555.4,22961.6895,0
1644736800000,2.403,2.404,2.402,2.403,13664.9,1644736859999,32837.8809,150,10084.6,24234.9254,0
1644736860000,2.403,2.404,2.400,2.401,20703.2,1644736919999,49728.8157,177,6516.0,15657.1261,0
1644736920000,2.400,2.401,2.399,2.400,11139.1,1644736979999,26733.1491,59,928.7,2228.9958,0
1644736980000,2.399,2.400,2.399,2.399,999.9,1644737039999,2399.3338,37,573.7,1376.8800,0
1644737040000,2.399,2.400,2.397,2.400,17405.2,1644737099999,41740.2802,127,6553.6,15720.3296,0
1644737100000,2.399,2.400,2.397,2.399,17418.1,1644737159999,41771.1504,127,5898.7,14146.0343,0
1644737160000,2.399,2.400,2.397,2.400,2634.4,1644737219999,6318.5873,85,1700.7,4079.4972,0
1644737220000,2.400,2.400,2.397,2.399,14798.2,1644737279999,35494.9109,108,8191.7,19650.5065,0
1644737280000,2.399,2.399,2.397,2.399,4788.0,1644737339999,11481.6473,64,3910.6,9377.7552,0
1644737340000,2.398,2.399,2.396,2.398,7287.9,1644737399999,17474.6377,88,1664.2,3989.4555,0
1644737400000,2.397,2.398,2.395,2.395,8778.9,1644737459999,21035.6350,108,4057.8,9725.9214,0
1644737460000,2.395,2.400,2.395,2.399,19263.8,1644737519999,46179.2416,121,17140.4,41085.5032,0
1644737520000,2.399,2.399,2.396,2.398,4896.5,1644737579999,11739.8576,80,4001.6,9594.1509,0
1644737580000,2.398,2.398,2.396,2.396,4835.5,1644737639999,11587.8454,50,633.5,1518.6028,0
1644737640000,2.396,2.397,2.395,2.396,2896.7,1644737699999,6940.1489,61,354.5,849.4160,0
1644737700000,2.396,2.398,2.396,2.398,27528.7,1644737759999,66002.4589,80,26043.9,62441.9677,0
1644737760000,2.398,2.399,2.397,2.399,6307.0,1644737819999,15125.6909,74,3832.6,9192.0822,0
1644737820000,2.399,2.400,2.395,2.396,21262.8,1644737879999,50984.0657,99,7078.1,16985.2212,0
1644737880000,2.397,2.397,2.395,2.395,12799.2,1644737939999,30677.6004,55,10792.5,25869.5632,0
1644737940000,2.396,2.396,2.393,2.395,17660.7,1644737999999,42291.7663,121,7497.7,17955.1247,0
1644738000000,2.396,2.398,2.395,2.397,14788.5,1644738059999,35442.9761,102,9901.4,23730.2705,0
1644738060000,2.397,2.398,2.397,2.397,918.9,1644738119999,2202.6284,21,25.1,60.1898,0
1644738120000,2.398,2.398,2.397,2.397,2230.8,1644738179999,5349.0208,60,1793.2,4300.0936,0
1644738180000,2.397,2.398,2.397,2.398,12246.2,1644738239999,29366.3116,45,12004.8,28787.5104,0
1644738240000,2.398,2.399,2.397,2.398,4597.0,1644738299999,11023.5740,56,340.8,817.2506,0
1644738300000,2.397,2.398,2.396,2.398,7943.5,1644738359999,19040.2755,63,6386.5,15308.5238,0
1644738360000,2.398,2.398,2.397,2.397,1988.1,1644738419999,4766.6230,33,1147.3,2751.2254,0
1644738420000,2.397,2.399,2.397,2.399,4605.7,1644738479999,11045.2242,56,3916.7,9393.5562,0
1644738480000,2.400,2.401,2.399,2.400,14282.5,1644738539999,34278.2666,99,8329.8,19991.9584,0
1644738540000,2.400,2.400,2.398,2.399,2228.1,1644738599999,5345.2217,49,1833.3,4398.2382,0
1644738600000,2.400,2.403,2.400,2.403,30323.9,1644738659999,72800.7610,79,27963.8,67135.8278,0
1644738660000,2.403,2.404,2.402,2.404,14089.5,1644738719999,33856.2032,93,8731.9,20983.0042,0
1644738720000,2.404,2.404,2.402,2.404,5033.8,1644738779999,12096.7573,63,3096.6,7441.7126,0
1644738780000,2.404,2.404,2.403,2.404,7014.5,1644738839999,16858.6689,37,1462.8,3516.5712,0
1644738840000,2.404,2.405,2.404,2.404,6057.6,1644738899999,14563.2518,68,2876.7,6916.3682,0
1644738900000,2.404,2.405,2.401,2.402,16862.3,1644738959999,40523.3133,110,10999.6,26436.9878,0
1644738960000,2.402,2.404,2.402,2.402,7555.0,1644739019999,18150.5442,66,3986.4,9578.3510,0
1644739020000,2.403,2.403,2.400,2.401,3850.9,1644739079999,9245.1167,50,853.1,2048.8105,0
1644739080000,2.400,2.401,2.398,2.401,19146.5,1644739139999,45944.8518,106,9532.4,22878.9902,0
1644739140000,2.401,2.401,2.399,2.399,14323.0,1644739199999,34378.9120,75,3797.3,9117.3086,0
1644739200000,2.400,2.400,2.397,2.397,12117.1,1644739259999,29053.6070,96,4361.7,10460.7900,0
1644739260000,2.397,2.398,2.395,2.396,16513.2,1644739319999,39578.8643,79,2337.0,5601.3956,0
1644739320000,2.396,2.398,2.395,2.398,17491.6,1644739379999,41912.5070,88,16309.1,39078.0645,0
1644739380000,2.398,2.400,2.397,2.399,9900.9,1644739439999,23747.5858,89,5791.1,13888.7899,0
1644739440000,2.399,2.400,2.398,2.399,15758.4,1644739499999,37805.7380,118,9085.0,21796.2539,0
1644739500000,2.398,2.399,2.397,2.398,5833.7,1644739559999,13989.1753,72,4594.3,11017.4165,0
1644739560000,2.398,2.398,2.397,2.398,3965.9,1644739619999,9508.2821,79,2019.8,4843.4804,0
1644739620000,2.398,2.399,2.397,2.399,10979.2,1644739679999,26329.1892,74,10620.1,25468.2408,0
1644739680000,2.399,2.400,2.398,2.399,4466.4,1644739739999,10714.8738,75,1666.9,3999.0036,0
1644739740000,2.400,2.400,2.395,2.395,16773.0,1644739799999,40211.5069,90,1687.5,4046.5010,0
1644739800000,2.395,2.398,2.394,2.398,27500.8,1644739859999,65884.5444,124,19690.8,47179.1805,0
1644739860000,2.398,2.400,2.397,2.399,22324.7,1644739919999,53544.8995,100,12270.8,29435.7619,0
1644739920000,2.399,2.400,2.399,2.400,15507.2,1644739979999,37216.0826,74,14441.1,34657.8828,0
1644739980000,2.401,2.406,2.401,2.404,19800.8,1644740039999,47590.7143,110,13865.7,33320.3737,0
1644740040000,2.405,2.407,2.404,2.404,20797.7,1644740099999,50035.2240,196,9489.4,22832.3805,0
1644740100000,2.404,2.406,2.403,2.405,2663.9,1644740159999,6405.1391,51,2248.9,5407.5158,0
1644740160000,2.405,2.406,2.404,2.405,16521.6,1644740219999,39736.8807,110,11721.8,28193.4087,0
1644740220000,2.406,2.407,2.405,2.406,27953.6,1644740279999,67264.9044,83,21707.7,52240.1769,0
1644740280000,2.406,2.406,2.405,2.405,787.8,1644740339999,1895.3316,44,455.5,1095.9330,0
1644740340000,2.405,2.406,2.405,2.406,1169.0,1644740399999,2812.5120,42,1067.0,2567.2020,0
1644740400000,2.406,2.407,2.405,2.405,5305.3,1644740459999,12764.4538,126,2461.5,5922.6164,0
1644740460000,2.406,2.406,2.404,2.405,1649.8,1644740519999,3967.6785,51,1151.4,2769.3840,0
1644740520000,2.405,2.405,2.403,2.404,4285.9,1644740579999,10303.0674,73,3451.9,8298.5552,0
1644740580000,2.404,2.405,2.402,2.405,28474.7,1644740639999,68446.9674,165,19888.0,47816.5005,0
1644740640000,2.405,2.405,2.402,2.404,15712.8,1644740699999,37761.0892,138,6675.6,16044.7990,0
1644740700000,2.404,2.404,2.402,2.404,16415.1,1644740759999,39450.6501,143,6998.3,16822.2512,0
1644740760000,2.404,2.405,2.403,2.404,11785.6,1644740819999,28330.7157,106,8105.8,19487.7140,0
1644740820000,2.404,2.404,2.402,2.402,12982.2,1644740879999,31192.9417,128,7007.9,16842.3390,0
1644740880000,2.402,2.403,2.399,2.401,30472.5,1644740939999,73171.9670,158,17700.7,42513.3728,0
1644740940000,2.401,2.403,2.400,2.402,8413.2,1644740999999,20206.3208,66,5597.6,13443.3342,0
1644741000000,2.402,2.403,2.401,2.403,21271.4,1644741059999,51098.2266,124,18837.2,45252.2599,0
1644741060000,2.402,2.403,2.402,2.402,11306.2,1644741119999,27163.3266,70,5834.2,14019.5826,0
1644741120000,2.402,2.404,2.402,2.403,18380.1,1644741179999,44177.3223,73,14249.7,34252.0115,0
1644741180000,2.404,2.404,2.403,2.404,1059.2,1644741239999,2546.0152,22,757.6,1821.2704,0
1644741240000,2.403,2.407,2.403,2.406,10204.6,1644741299999,24539.4257,72,9812.3,23596.0937,0
1644741300000,2.407,2.407,2.404,2.405,12373.9,1644741359999,29766.8255,89,4151.1,9986.5935,0
1644741360000,2.406,2.406,2.405,2.406,9991.4,1644741419999,24038.8813,53,4139.3,9959.1558,0
1644741420000,2.406,2.406,2.404,2.405,17520.4,1644741479999,42134.2978,128,4471.5,10758.4290,0
1644741480000,2.406,2.407,2.405,2.407,4361.8,1644741539999,10495.3001,53,4288.1,10318.0355,0
1644741540000,2.407,2.407,2.405,2.406,14420.5,1644741599999,34701.7778,101,6382.9,15363.4961,0
1644741600000,2.406,2.407,2.404,2.405,40214.1,1644741659999,96735.7008,187,6797.6,16357.1046,0
1644741660000,2.406,2.407,2.406,2.407,4848.4,1644741719999,11666.9208,36,4442.4,10690.0848,0
1644741720000,2.407,2.408,2.406,2.407,17208.4,1644741779999,41419.3206,146,7484.7,18019.3915,0
1644741780000,2.406,2.407,2.406,2.407,2029.8,1644741839999,4884.9517,29,1252.9,3015.7303,0
1644741840000,2.406,2.407,2.406,2.407,4656.0,1644741899999,11206.2446,13,3908.6,9408.0002,0
1644741900000,2.407,2.407,2.405,2.405,5655.6,1644741959999,13607.8022,91,1165.4,2804.3845,0
1644741960000,2.406,2.406,2.404,2.404,8002.1,1644742019999,19240.4788,72,999.4,2403.5780,0
1644742020000,2.405,2.405,2.404,2.404,7623.8,1644742079999,18328.2229,76,607.7,1461.5185,0
1644742080000,2.405,2.406,2.402,2.405,89943.2,1644742139999,216203.2173,316,50416.0,121214.6901,0
1644742140000,2.405,2.406,2.397,2.402,195179.9,1644742199999,468488.5843,487,68679.7,164777.7244,0
1644742200000,2.401,2.402,2.398,2.400,40649.1,1644742259999,97561.0977,181,17884.6,42932.9413,0
1644742260000,2.400,2.401,2.399,2.399,8186.6,1644742319999,19648.2007,83,4209.4,10103.4194,0
1644742320000,2.400,2.401,2.399,2.399,12971.0,1644742379999,31129.4186,181,4670.9,11210.4903,0
1644742380000,2.399,2.401,2.399,2.401,8788.6,1644742439999,21089.2394,114,2059.0,4942.9418,0
1644742440000,2.400,2.401,2.399,2.400,5342.0,1644742499999,12819.3759,82,3535.6,8485.6067,0
1644742500000,2.400,2.401,2.398,2.399,10275.0,1644742559999,24654.7710,143,6222.0,14931.9718,0
1644742560000,2.399,2.400,2.396,2.397,36899.6,1644742619999,88487.6593,201,21034.0,50457.8691,0
1644742620000,2.396,2.400,2.395,2.400,54543.3,1644742679999,130770.2081,195,46343.2,111123.3867,0
1644742680000,2.399,2.400,2.399,2.400,10737.8,1644742739999,25769.5505,127,9568.3,22963.9200,0
1644742740000,2.401,2.403,2.400,2.403,41820.8,1644742799999,100432.6949,180,32780.2,78727.4523,0
1644742800000,2.403,2.403,2.399,2.400,22136.1,1644742859999,53142.9788,177,12072.0,28982.8388,0
1644742860000,2.399,2.400,2.397,2.399,18578.9,1644742919999,44570.9654,175,9705.7,23287.8761,0
1644742920000,2.399,2.400,2.397,2.399,21554.0,1644742979999,51695.2488,103,19008.1,45592.1775,0
1644742980000,2.399,2.399,2.396,2.397,12853.7,1644743039999,30816.5096,157,7161.7,17173.5594,0
1644743040000,2.397,2.397,2.395,2.395,5884.7,1644743099999,14102.9219,105,3553.1,8516.7757,0
1644743100000,2.396,2.397,2.395,2.396,21553.1,1644743159999,51657.8093,138,18586.9,44551.0337,0
1644743160000,2.396,2.396,2.393,2.394,125164.3,1644743219999,299803.7954,429,79323.0,190020.1836,0
1644743220000,2.394,2.395,2.393,2.395,11468.9,1644743279999,27454.8774,110,8244.0,19736.7057,0
1644743280000,2.394,2.394,2.392,2.394,15635.2,1644743339999,37408.4284,217,4571.1,10940.4937,0
1644743340000,2.394,2.395,2.392,2.394,42140.4,1644743399999,100862.9633,207,22905.4,54835.6441,0
1644743400000,2.394,2.395,2.392,2.393,8205.6,1644743459999,19640.6413,107,3005.7,7195.3582,0
1644743460000,2.392,2.393,2.391,2.393,23800.7,1644743519999,56932.1891,221,13920.0,33303.8173,0
1644743520000,2.393,2.394,2.392,2.393,6421.4,1644743579999,15368.5932,48,5790.3,13858.4072,0
1644743580000,2.394,2.394,2.393,2.394,2214.5,1644743639999,5300.0080,46,709.5,1698.5430,0
1644743640000,2.394,2.394,2.391,2.392,54486.9,1644743699999,130370.1978,217,7154.7,17122.0335,0
1644743700000,2.392,2.394,2.392,2.394,7273.4,1644743759999,17407.9531,35,6784.0,16236.9210,0
1644743760000,2.393,2.395,2.393,2.394,19096.7,1644743819999,45719.4636,60,17050.0,40819.7263,0
1644743820000,2.395,2.395,2.394,2.394,4964.9,1644743879999,11889.8902,54,3919.6,9387.4420,0
1644743880000,2.395,2.395,2.393,2.393,16174.9,1644743939999,38723.3018,141,7988.0,19125.6440,0
1644743940000,2.394,2.394,2.391,2.392,16596.3,1644743999999,39706.4454,169,11222.8,26855.4151,0
1644744000000,2.392,2.392,2.390,2.391,33565.2,1644744059999,80243.7213,193,9917.0,23712.3125,0
1644744060000,2.390,2.392,2.390,2.392,6066.9,1644744119999,14507.1930,37,5376.1,12856.1494,0
1644744120000,2.391,2.393,2.391,2.392,16777.6,1644744179999,40129.6045,177,10518.3,25161.3783,0
1644744180000,2.392,2.392,2.391,2.392,1436.8,1644744239999,3436.4418,47,1053.0,2518.7760,0
1644744240000,2.391,2.392,2.391,2.392,9693.0,1644744299999,23183.9567,80,7993.7,19120.9304,0
1644744300000,2.392,2.392,2.391,2.392,1933.3,1644744359999,4624.0641,54,1543.8,3692.7696,0
1644744360000,2.391,2.396,2.389,2.394,142445.8,1644744419999,340775.7947,456,95711.7,229059.9024,0
1644744420000,2.395,2.395,2.394,2.394,6263.8,1644744479999,15000.7452,37,5208.0,12473.1600,0
1644744480000,2.395,2.396,2.394,2.395,14173.4,1644744539999,33952.7437,62,10206.5,24452.0819,0
1644744540000,2.396,2.396,2.394,2.394,7924.1,1644744599999,18977.8952,164,553.6,1326.2930,0
1644744600000,2.394,2.395,2.392,2.393,36843.3,1644744659999,88174.7822,140,21564.9,51613.5092,0
1644744660000,2.394,2.395,2.394,2.394,11867.2,1644744719999,28414.4117,91,6656.1,15939.0383,0
1644744720000,2.394,2.395,2.394,2.395,6230.5,1644744779999,14919.5826,75,3729.5,8932.1525,0
1644744780000,2.395,2.396,2.394,2.396,7170.1,1644744839999,17172.7445,82,4886.2,11702.9173,0
1644744840000,2.396,2.396,2.393,2.395,15542.7,1644744899999,37209.3647,182,3419.1,8187.3608,0
1644744900000,2.395,2.395,2.392,2.392,14204.5,1644744959999,33993.0291,109,6688.4,16005.5176,0
1644744960000,2.392,2.392,2.391,2.391,7099.0,1644745019999,16980.0329,100,4785.0,11445.7200,0
1644745020000,2.391,2.391,2.389,2.390,24839.0,1644745079999,59368.3898,173,13023.6,31133.3557,0
1644745080000,2.389,2.389,2.385,2.388,138781.9,1644745139999,331286.1134,381,49361.4,117834.9932,0
1644745140000,2.388,2.389,2.386,2.386,16275.5,1644745199999,38857.6127,86,11425.1,27278.4625,0
1644745200000,2.386,2.388,2.386,2.388,14955.9,1644745259999,35695.9668,69,4855.2,11591.4253,0
1644745260000,2.387,2.387,2.386,2.387,6667.4,1644745319999,15914.8833,56,1169.3,2791.1191,0
1644745320000,2.387,2.388,2.385,2.386,27991.7,1644745379999,66800.4994,180,15819.7,37757.7682,0
1644745380000,2.385,2.387,2.384,2.387,42000.0,1644745439999,100223.6276,143,28766.3,68652.1215,0
1644745440000,2.386,2.388,2.386,2.388,7451.9,1644745499999,17790.8967,57,5478.5,13080.4119,0
1644745500000,2.388,2.389,2.387,2.387,7396.2,1644745559999,17660.7967,107,3110.2,7427.1902,0
1644745560000,2.387,2.387,2.386,2.387,7681.1,1644745619999,18334.5801,45,4615.7,11017.6759,0
1644745620000,2.386,2.387,2.386,2.387,12346.6,1644745679999,29462.6651,110,3121.3,7450.5431,0
1644745680000,2.387,2.390,2.387,2.389,14118.5,1644745739999,33717.3909,70,10161.1,24270.0089,0
1644745740000,2.389,2.389,2.388,2.389,2308.8,1644745799999,5515.0599,87,657.9,1571.7231,0
1644745800000,2.388,2.390,2.387,2.389,6614.4,1644745859999,15799.0316,70,5749.0,13732.7837,0
1644745860000,2.390,2.390,2.388,2.388,9847.1,1644745919999,23524.1415,91,4589.0,10963.8546,0
1644745920000,2.389,2.389,2.386,2.387,37386.1,1644745979999,89280.4493,157,27546.2,65789.7121,0
1644745980000,2.387,2.388,2.386,2.387,3672.5,1644746039999,8768.9946,75,1545.2,3689.3805,0
1644746040000,2.388,2.390,2.388,2.389,5509.6,1644746099999,13162.6265,44,4719.7,11275.6333,0
1644746100000,2.390,2.390,2.388,2.389,4051.4,1644746159999,9677.6654,62,265.3,633.9600,0
1644746160000,2.389,2.389,2.388,2.389,3353.7,1644746219999,8011.1392,68,2503.6,5981.1004,0
1644746220000,2.389,2.389,2.388,2.388,6218.5,1644746279999,14849.8671,94,89.1,212.8599,0
1644746280000,2.388,2.389,2.387,2.389,3777.2,1644746339999,9020.2742,35,3694.3,8822.3173,0
1644746340000,2.390,2.390,2.388,2.389,10422.1,1644746399999,24898.8885,65,4460.1,10655.8996,0
1644746400000,2.388,2.388,2.383,2.384,117868.9,1644746459999,281152.9077,339,28374.0,67666.7445,0
1644746460000,2.385,2.386,2.383,2.384,18413.2,1644746519999,43908.1406,122,10707.7,25537.6147,0
1644746520000,2.385,2.387,2.384,2.387,19177.4,1644746579999,45754.6474,87,16798.7,40077.0880,0
1644746580000,2.386,2.388,2.386,2.388,2761.1,1644746639999,6591.3743,70,2034.9,4858.0196,0
1644746640000,2.388,2.389,2.388,2.389,7081.4,1644746699999,16912.7017,34,5094.8,12168.7009,0
1644746700000,2.389,2.389,2.388,2.389,4068.9,1644746759999,9719.2169,62,2683.7,6411.3593,0
1644746760000,2.389,2.389,2.384,2.385,14897.9,1644746819999,35556.8553,168,3723.0,8892.1482,0
1644746820000,2.384,2.386,2.384,2.386,27752.8,1644746879999,66199.3451,169,14501.6,34595.7803,0
1644746880000,2.385,2.388,2.385,2.387,6368.1,1644746939999,15198.8999,122,3459.2,8256.6564,0
1644746940000,2.387,2.387,2.385,2.386,4586.1,1644746999999,10943.7135,87,3491.2,8330.7888,0
1644747000000,2.386,2.388,2.385,2.388,3873.8,1644747059999,9247.5900,79,3602.8,8600.9934,0
1644747060000,2.387,2.389,2.387,2.389,4791.0,1644747119999,11443.0159,57,4428.3,10576.8934,0
1644747120000,2.390,2.391,2.389,2.391,16283.7,1644747179999,38922.5463,143,15176.9,36277.9443,0
1644747180000,2.390,2.391,2.389,2.389,13004.0,1644747239999,31075.0914,184,1868.4,4466.1136,0
1644747240000,2.389,2.390,2.388,2.389,3316.5,1644747299999,7923.6325,100,1345.8,3216.0013,0
1644747300000,2.388,2.392,2.388,2.392,17919.0,1644747359999,42832.7720,130,14048.0,33577.6381,0
1644747360000,2.391,2.393,2.391,2.391,14210.5,1644747419999,33984.6641,162,7571.4,18110.5760,0
1644747420000,2.391,2.392,2.390,2.392,3253.5,1644747479999,7780.0275,72,3202.7,7658.5726,0
1644747480000,2.392,2.393,2.391,2.393,3795.4,1644747539999,9080.5680,68,2691.6,6440.2859,0
1644747540000,2.392,2.394,2.392,2.394,14054.5,1644747599999,33635.8300,100,8896.5,21293.5990,0
1644747600000,2.394,2.394,2.392,2.392,6734.0,1644747659999,16114.1645,113,2559.8,6125.6762,0
1644747660000,2.392,2.393,2.392,2.393,786.1,1644747719999,1880.9021,23,550.9,1318.3037,0
1644747720000,2.392,2.393,2.392,2.392,12993.2,1644747779999,31080.4229,179,2015.9,4822.7213,0
1644747780000,2.391,2.393,2.391,2.393,9409.4,1644747839999,22505.6166,111,6421.0,15360.3522,0
1644747840000,2.393,2.393,2.390,2.392,10050.7,1644747899999,24035.1663,141,2686.7,6427.0581,0
1644747900000,2.393,2.393,2.392,2.393,4139.4,1644747959999,9904.0482,69,2246.0,5374.6780,0
1644747960000,2.392,2.394,2.392,2.393,5622.0,1644748019999,13453.2794,54,3158.9,7559.8066,0
1644748020000,2.394,2.394,2.393,2.393,11329.6,1644748079999,27116.5257,102,3546.5,8490.3210,0
1644748080000,2.393,2.393,2.392,2.393,43032.3,1644748139999,102945.3912,144,650.5,1556.6465,0
1644748140000,2.392,2.394,2.392,2.392,17331.9,1644748199999,41472.3525,129,8568.2,20505.9793,0
1644748200000,2.392,2.393,2.391,2.393,18978.4,1644748259999,45396.2471,152,11561.3,27656.5745,0
1644748260000,2.393,2.394,2.392,2.392,19961.4,1644748319999,47766.2012,73,7149.7,17112.3295,0
1644748320000,2.392,2.394,2.392,2.393,45325.4,1644748379999,108490.6782,114,40321.7,96520.4557,0
1644748380000,2.394,2.398,2.393,2.398,113271.2,1644748439999,271269.4545,219,97416.7,233275.2743,0
1644748440000,2.398,2.400,2.398,2.398,20661.9,1644748499999,49566.3854,113,14396.7,34537.4443,0
1644748500000,2.399,2.406,2.399,2.406,172443.5,1644748559999,414330.8206,606,85546.8,205608.3056,0
1644748560000,2.405,2.407,2.403,2.405,26845.8,1644748619999,64565.2791,158,6369.2,15320.4706,0
1644748620000,2.406,2.408,2.403,2.408,48322.6,1644748679999,116221.7944,150,16593.0,39916.6759,0
1644748680000,2.407,2.408,2.404,2.407,41378.8,1644748739999,99577.1138,250,24683.3,59409.6805,0
1644748740000,2.407,2.407,2.403,2.404,80697.5,1644748799999,194071.8599,244,9565.6,23005.4890,0
1644748800000,2.405,2.406,2.403,2.405,16007.2,1644748859999,38483.6767,73,13615.2,32734.0433,0
1644748860000,2.405,2.406,2.404,2.406,12408.2,1644748919999,29843.9462,124,5006.9,12044.6339,0
1644748920000,2.406,2.407,2.405,2.405,12196.5,1644748979999,29349.6596,150,4938.3,11885.3798,0
1644748980000,2.405,2.406,2.404,2.405,6186.6,1644749039999,14878.5851,69,1428.6,3436.2909,0
1644749040000,2.405,2.406,2.404,2.405,11849.6,1644749099999,28497.5991,94,5435.2,13073.0143,0
1644749100000,2.405,2.406,2.400,2.401,15997.6,1644749159999,38448.1174,197,7064.5,16979.6026,0
1644749160000,2.401,2.403,2.401,2.402,13312.3,1644749219999,31966.8020,111,5041.7,12109.0914,0
1644749220000,2.401,2.403,2.400,2.403,47804.8,1644749279999,114783.3457,313,32939.0,79095.7277,0
1644749280000,2.403,2.403,2.402,2.403,17793.3,1644749339999,42754.5818,79,7607.8,18281.5434,0
1644749340000,2.403,2.404,2.402,2.403,5390.2,1644749399999,12952.4960,35,4112.6,9882.6354,0
1644749400000,2.403,2.404,2.402,2.402,9443.8,1644749459999,22693.1014,148,5144.1,12361.3483,0
1644749460000,2.403,2.405,2.403,2.405,16733.0,1644749519999,40226.9086,94,14062.7,33810.0696,0
1644749520000,2.405,2.406,2.403,2.404,9692.9,1644749579999,23310.4186,100,7137.0,17166.1686,0
1644749580000,2.404,2.406,2.404,2.405,11741.8,1644749639999,28241.5899,113,9665.2,23248.2007,0
1644749640000,2.405,2.407,2.405,2.406,27396.6,1644749699999,65921.0191,166,13834.8,33294.5521,0
1644749700000,2.407,2.407,2.405,2.407,7440.7,1644749759999,17900.5421,105,3238.1,7791.0767,0
1644749760000,2.407,2.409,2.406,2.407,18461.9,1644749819999,44448.1790,156,9529.1,22943.1098,0
1644749820000,2.407,2.410,2.407,2.409,29694.9,1644749879999,71549.9017,157,22638.8,54556.2691,0
1644749880000,2.409,2.410,2.408,2.409,10051.4,1644749939999,24214.7802,140,4705.3,11338.0964,0
1644749940000,2.409,2.409,2.406,2.407,8982.8,1644749999999,21625.1373,128,5175.1,12457.8716,0
1644750000000,2.407,2.409,2.404,2.405,82451.6,1644750059999,198407.7074,256,18673.8,44970.5150,0
1644750060000,2.405,2.406,2.400,2.404,113209.9,1644750119999,271982.3623,332,20324.8,48836.4818,0
1644750120000,2.404,2.405,2.402,2.403,18462.0,1644750179999,44374.1248,114,11247.2,27036.7697,0
1644750180000,2.404,2.404,2.401,2.404,16619.8,1644750239999,39932.7050,162,11208.6,26933.2927,0
1644750240000,2.404,2.405,2.402,2.405,15687.5,1644750299999,37705.6692,133,9164.8,22028.7439,0
1644750300000,2.405,2.406,2.404,2.406,6950.5,1644750359999,16716.7045,106,4058.3,9761.2728,0
1644750360000,2.406,2.406,2.403,2.403,6270.2,1644750419999,15076.6330,209,3523.4,8473.5131,0
1644750420000,2.404,2.406,2.403,2.406,11339.0,1644750479999,27262.3981,143,10726.8,25790.9339,0
1644750480000,2.406,2.406,2.403,2.404,7065.3,1644750539999,16983.0454,166,1596.7,3838.8200,0
1644750540000,2.403,2.404,2.402,2.403,13531.7,1644750599999,32517.5974,203,3834.5,9216.8285,0
1644750600000,2.403,2.403,2.400,2.401,33218.9,1644750659999,79772.2766,178,2219.7,5330.7060,0
1644750660000,2.402,2.402,2.400,2.402,9748.5,1644750719999,23410.7004,97,4930.0,11841.8600,0
1644750720000,2.402,2.403,2.402,2.403,6351.6,1644750779999,15259.3536,68,3879.1,9320.4086,0
1644750780000,2.403,2.404,2.403,2.404,2696.1,1644750839999,6479.1179,47,695.2,1670.9552,0
1644750840000,2.404,2.404,2.403,2.403,5909.4,1644750899999,14203.2193,45,2931.1,7046.3644,0
1644750900000,2.403,2.403,2.402,2.403,13796.9,1644750959999,33149.4293,204,4222.4,10146.4272,0
1644750960000,2.403,2.404,2.402,2.403,26796.3,1644751019999,64392.4876,74,24516.0,58913.0516,0
1644751020000,2.403,2.407,2.403,2.404,17582.6,1644751079999,42283.7277,139,9259.7,22270.2746,0
1644751080000,2.405,2.406,2.404,2.406,4919.3,1644751139999,11834.7889,42,4496.8,10819.0943,0
1644751140000,2.406,2.408,2.406,2.408,2021.3,1644751199999,4865.3382,30,1668.3,4016.0202,0
1644751200000,2.408,2.408,2.406,2.407,21152.5,1644751259999,50920.2701,157,16348.0,39355.8691,0
1644751260000,2.407,2.409,2.407,2.408,11016.6,1644751319999,26525.8367,94,5320.2,12811.2396,0
1644751320000,2.408,2.411,2.408,2.410,44828.3,1644751379999,108012.8741,185,31628.1,76218.6318,0
1644751380000,2.410,2.412,2.410,2.410,34415.4,1644751439999,82983.0885,231,21123.4,50940.8326,0
1644751440000,2.412,2.416,2.411,2.413,95192.8,1644751499999,229758.7593,381,64799.7,156423.7042,0
1644751500000,2.413,2.418,2.413,2.417,48853.7,1644751559999,117990.0373,271,12826.8,30986.6512,0
1644751560000,2.416,2.417,2.413,2.414,25356.7,1644751619999,61231.6099,230,9892.9,23892.9766,0
1644751620000,2.413,2.415,2.413,2.414,21769.5,1644751679999,52556.3900,146,13582.6,32795.4783,0
1644751680000,2.415,2.416,2.414,2.414,27720.6,1644751739999,66958.2765,88,23271.7,56214.4768,0
1644751740000,2.414,2.419,2.414,2.417,66215.9,1644751799999,160014.3698,249,46460.2,112253.1907,0
1644751800000,2.418,2.418,2.414,2.416,11626.4,1644751859999,28085.3056,143,2901.1,7007.8198,0
1644751860000,2.415,2.416,2.413,2.416,27115.3,1644751919999,65469.9382,247,7019.3,16953.6080,0
1644751920000,2.416,2.416,2.415,2.415,9456.8,1644751979999,22841.3861,158,3214.1,7765.2656,0
1644751980000,2.415,2.416,2.414,2.415,16622.4,1644752039999,40141.0943,150,2467.3,5960.8831,0
1644752040000,2.414,2.415,2.414,2.415,8589.2,1644752099999,20737.3821,58,3053.3,7373.7195,0
1644752100000,2.415,2.415,2.413,2.414,8960.9,1644752159999,21628.8495,179,2200.0,5311.7614,0
1644752160000,2.413,2.413,2.410,2.411,22578.4,1644752219999,54453.4284,223,5036.8,12147.3678,0
1644752220000,2.411,2.413,2.410,2.412,12223.1,1644752279999,29475.6970,172,8674.3,20920.3733,0
1644752280000,2.412,2.412,2.410,2.411,11678.7,1644752339999,28162.4865,150,5601.5,13510.5588,0
1644752340000,2.411,2.415,2.410,2.413,39703.1,1644752399999,95792.0508,165,26040.8,62836.7622,0
1644752400000,2.413,2.415,2.413,2.414,6346.6,1644752459999,15318.6694,116,3083.4,7443.9253,0
1644752460000,2.415,2.415,2.413,2.413,9674.1,1644752519999,23356.4948,147,1885.9,4554.1600,0
1644752520000,2.413,2.414,2.412,2.412,8128.1,1644752579999,19612.3070,146,2843.2,6862.2684,0
1644752580000,2.413,2.414,2.410,2.412,64041.2,1644752639999,154444.7308,188,18108.1,43672.4118,0
1644752640000,2.412,2.413,2.411,2.411,9588.5,1644752699999,23123.9156,122,2148.9,5183.6112,0
1644752700000,2.411,2.412,2.410,2.412,9647.1,1644752759999,23258.5855,90,3355.5,8091.0842,0
1644752760000,2.411,2.411,2.407,2.407,20469.4,1644752819999,49327.4205,214,5322.9,12829.6626,0
1644752820000,2.408,2.409,2.407,2.409,22224.4,1644752879999,53515.5415,124,19843.0,47782.6065,0
1644752880000,2.409,2.410,2.408,2.410,6124.9,1644752939999,14756.8922,101,5003.1,12054.6520,0
1644752940000,2.410,2.410,2.409,2.409,10857.2,1644752999999,26159.1289,120,9321.2,22458.9049,0
1644753000000,2.409,2.410,2.408,2.409,9041.0,1644753059999,21772.2383,87,1106.1,2664.7194,0
1644753060000,2.408,2.409,2.408,2.408,3792.2,1644753119999,9132.4389,95,821.3,1978.5117,0
1644753120000,2.409,2.409,2.408,2.409,2635.3,1644753179999,6347.5825,56,1780.1,4288.2609,0
1644753180000,2.409,2.409,2.406,2.407,35486.5,1644753239999,85442.2341,199,19299.6,46474.3974,0
1644753240000,2.406,2.408,2.404,2.408,58830.0,1644753299999,141521.8802,164,26045.8,62668.3931,0
1644753300000,2.408,2.408,2.405,2.406,2488.1,1644753359999,5986.0539,73,292.1,703.2818,0
1644753360000,2.406,2.407,2.406,2.406,6834.8,1644753419999,16448.1434,44,5772.5,13892.2496,0
1644753420000,2.406,2.407,2.405,2.406,40950.6,1644753479999,98511.8148,136,5591.0,13455.2039,0
1644753480000,2.406,2.407,2.406,2.406,2378.2,1644753539999,5722.6638,25,714.6,1720.0422,0
1644753540000,2.407,2.408,2.406,2.408,18049.7,1644753599999,43444.9353,81,11666.7,28082.2590,0
1644753600000,2.408,2.408,2.406,2.407,37529.8,1644753659999,90318.7879,177,7360.1,17716.5717,0
1644753660000,2.407,2.407,2.403,2.403,74317.1,1644753719999,178689.8538,227,37032.5,89028.4930,0
1644753720000,2.404,2.408,2.404,2.408,25886.6,1644753779999,62272.3160,126,20438.3,49165.8205,0
1644753780000,2.407,2.411,2.407,2.410,89245.7,1644753839999,215026.9932,191,82363.4,198447.2297,0
1644753840000,2.410,2.412,2.410,2.411,6648.8,1644753899999,16029.9051,83,2948.2,7108.0176,0
1644753900000,2.412,2.414,2.411,2.414,21899.0,1644753959999,52826.1162,139,8528.4,20581.4332,0
1644753960000,2.414,2.414,2.411,2.412,19804.5,1644754019999,47791.5063,222,5938.1,14334.0870,0
1644754020000,2.411,2.414,2.411,2.413,39764.3,1644754079999,95957.6179,86,31455.0,75914.7260,0
1644754080000,2.413,2.415,2.413,2.415,4439.8,1644754139999,10718.2279,47,3221.8,7778.5973,0
1644754140000,2.415,2.416,2.414,2.414,38316.6,1644754199999,92539.7952,174,23842.2,57586.7528,0
1644754200000,2.414,2.415,2.413,2.414,31872.9,1644754259999,76933.6390,192,11901.5,28731.2438,0
1644754260000,2.414,2.416,2.414,2.415,18464.9,1644754319999,44590.7685,132,7743.7,18703.8138,0
1644754320000,2.415,2.416,2.414,2.415,12923.6,1644754379999,31214.0360,109,8293.3,20031.9377,0
1644754380000,2.416,2.416,2.415,2.416,11721.2,1644754439999,28318.1564,26,11458.4,27683.4944,0
1644754440000,2.416,2.418,2.416,2.416,36681.1,1644754499999,88652.1375,163,15407.1,37235.5135,0
1644754500000,2.416,2.416,2.413,2.413,20103.9,1644754559999,48550.1751,243,12964.7,31312.3447,0
1644754560000,2.414,2.414,2.412,2.413,12527.7,1644754619999,30231.7402,111,4299.2,10376.8490,0
1644754620000,2.413,2.414,2.413,2.414,4450.8,1644754679999,10740.5467,37,766.3,1849.8482,0
1644754680000,2.413,2.415,2.413,2.414,13432.5,1644754739999,32430.7354,104,7245.0,17493.3680,0
1644754740000,2.415,2.415,2.413,2.414,24088.3,1644754799999,58148.0978,171,1297.8,3134.1293,0
1644754800000,2.414,2.416,2.413,2.415,23413.5,1644754859999,56525.6183,148,13623.2,32893.0956,0
1644754860000,2.416,2.416,2.414,2.414,8550.7,1644754919999,20650.0385,94,2352.5,5682.9872,0
1644754920000,2.415,2.418,2.414,2.417,27579.7,1644754979999,66667.5949,131,24651.5,59594.4949,0
1644754980000,2.417,2.420,2.416,2.418,27268.5,1644755039999,65954.8317,153,17317.4,41886.3080,0
1644755040000,2.418,2.424,2.418,2.423,95460.3,1644755099999,231132.0563,409,58699.7,142134.5097,0
1644755100000,2.423,2.424,2.420,2.421,83006.7,1644755159999,201079.0130,264,32170.8,77951.2391,0
1644755160000,2.421,2.423,2.420,2.421,37983.1,1644755219999,91952.3053,172,14682.9,35557.0409,0
1644755220000,2.421,2.422,2.420,2.421,10558.4,1644755279999,25564.4454,64,8343.1,20201.6952,0
1644755280000,2.422,2.424,2.420,2.420,19410.4,1644755339999,47007.1028,150,6931.6,16788.3684,0
1644755340000,2.420,2.422,2.420,2.421,12879.7,1644755399999,31180.1331,81,10379.2,25128.2353,0
1644755400000,2.421,2.422,2.419,2.422,15757.8,1644755459999,38141.6652,148,4774.7,11556.6504,0
1644755460000,2.422,2.422,2.420,2.420,14342.5,1644755519999,34719.1835,150,3334.4,8073.4179,0
1644755520000,2.421,2.421,2.419,2.419,5435.6,1644755579999,13152.9961,82,1180.8,2857.5776,0
1644755580000,2.419,2.422,2.419,2.419,17304.5,1644755639999,41883.8757,135,9751.8,23604.4333,0
1644755640000,2.419,2.420,2.418,2.418,6090.4,1644755699999,14732.9213,76,2105.6,5095.4464,0
1644755700000,2.419,2.421,2.419,2.419,48738.6,1644755759999,117923.2138,155,7574.8,18328.6193,0
1644755760000,2.420,2.421,2.419,2.420,8216.0,1644755819999,19884.3762,55,7820.2,18926.6306,0
1644755820000,2.420,2.421,2.419,2.420,16263.6,1644755879999,39357.4676,117,6530.1,15805.3354,0
1644755880000,2.421,2.422,2.420,2.421,8391.9,1644755939999,20314.9339,124,4341.2,10510.8459,0
1644755940000,2.421,2.423,2.420,2.421,17131.4,1644755999999,41484.4187,117,12137.0,29395.5354,0
1644756000000,2.422,2.424,2.422,2.423,13991.6,1644756059999,33898.3879,111,9724.0,23559.8199,0
1644756060000,2.422,2.424,2.422,2.424,6941.1,1644756119999,16819.6787,56,4809.9,11655.9034,0
1644756120000,2.424,2.427,2.423,2.423,103725.2,1644756179999,251575.4021,326,73274.6,177713.6995,0
1644756180000,2.423,2.424,2.422,2.423,18991.6,1644756239999,46010.1276,148,6278.2,15213.4966,0
1644756240000,2.423,2.424,2.422,2.423,4107.7,1644756299999,9950.6001,106,1023.9,2480.9824,0
1644756300000,2.422,2.425,2.422,2.425,14346.6,1644756359999,34765.1489,126,12554.2,30422.7568,0
1644756360000,2.424,2.426,2.422,2.422,37735.4,1644756419999,91497.1447,215,16409.0,39794.4793,0
1644756420000,2.422,2.425,2.422,2.425,46351.7,1644756479999,112354.2890,127,33525.5,81266.5508,0
1644756480000,2.425,2.426,2.423,2.423,67408.5,1644756539999,163416.3353,193,13278.6,32194.9120,0
1644756540000,2.423,2.424,2.419,2.419,56737.6,1644756599999,137411.4291,203,12553.8,30405.3642,0
1644756600000,2.419,2.422,2.417,2.420,30738.4,1644756659999,74357.6151,169,22325.6,54012.3406,0
1644756660000,2.420,2.420,2.418,2.419,21278.4,1644756719999,51479.0137,93,15225.8,36839.6874,0
1644756720000,2.418,2.420,2.417,2.418,19267.9,1644756779999,46593.3395,127,6118.9,14800.0575,0
1644756780000,2.419,2.419,2.417,2.418,30983.6,1644756839999,74938.1580,161,22849.9,55273.1416,0
1644756840000,2.418,2.418,2.415,2.416,28586.6,1644756899999,69082.9575,133,19864.3,48004.8253,0
1644756900000,2.415,2.417,2.414,2.416,31542.9,1644756959999,76185.3986,179,18762.6,45329.3523,0
1644756960000,2.417,2.418,2.415,2.416,32820.2,1644757019999,79314.1107,169,30347.8,73340.0083,0
1644757020000,2.417,2.419,2.416,2.419,23561.4,1644757079999,56985.6172,111,17794.2,43037.3091,0
1644757080000,2.419,2.419,2.417,2.418,21154.9,1644757139999,51153.5992,103,13533.9,32729.8394,0
1644757140000,2.419,2.419,2.416,2.416,19238.2,1644757199999,46514.6514,124,16167.3,39093.1916,0
1644757200000,2.417,2.417,2.408,2.408,118584.5,1644757259999,285969.8778,342,19965.5,48140.0049,0
1644757260000,2.409,2.412,2.406,2.408,189550.8,1644757319999,456570.6908,327,86127.3,207432.7560,0
1644757320000,2.407,2.408,2.406,2.407,22850.4,1644757379999,55009.6268,138,11683.6,28132.3510,0
1644757380000,2.407,2.412,2.407,2.412,51499.6,1644757439999,124059.9082,225,32575.4,78481.7907,0
1644757440000,2.412,2.415,2.411,2.411,14504.3,1644757499999,35003.0309,155,8656.1,20892.6699,0
1644757500000,2.412,2.414,2.412,2.413,46898.1,1644757559999,113162.0906,141,45237.7,109155.9302,0
1644757560000,2.413,2.414,2.412,2.414,11388.0,1644757619999,27486.3052,105,6658.4,16069.8490,0
1644757620000,2.413,2.414,2.412,2.414,3467.9,1644757679999,8368.5730,85,2313.1,5582.0449,0
1644757680000,2.414,2.416,2.413,2.416,13908.6,1644757739999,33583.3617,98,13243.1,31976.8059,0
1644757740000,2.415,2.418,2.415,2.417,30179.7,1644757799999,72962.0184,132,26731.9,64629.4747,0
1644757800000,2.416,2.417,2.414,2.417,44144.1,1644757859999,106658.3619,231,31532.3,76205.7759,0
1644757860000,2.417,2.418,2.416,2.418,39331.8,1644757919999,95060.7467,196,16007.7,38693.3433,0
1644757920000,2.418,2.420,2.418,2.418,21346.0,1644757979999,51631.6702,136,11514.4,27856.8154,0
1644757980000,2.418,2.419,2.416,2.417,10245.3,1644758039999,24776.6856,165,8123.5,19646.8151,0
1644758040000,2.416,2.418,2.415,2.417,29381.5,1644758099999,70978.0346,128,3616.0,8739.9134,0
1644758100000,2.417,2.418,2.416,2.418,6090.0,1644758159999,14719.6690,63,5582.1,13492.1096,0
1644758160000,2.417,2.424,2.417,2.417,145445.5,1644758219999,352242.1140,367,90655.9,219593.2391,0
1644758220000,2.417,2.418,2.416,2.417,16513.2,1644758279999,39910.7326,130,4015.0,9705.2782,0
1644758280000,2.417,2.419,2.417,2.419,2918.2,1644758339999,7057.0987,76,1564.1,3782.8849,0
1644758340000,2.419,2.420,2.418,2.420,3239.9,1644758399999,7838.5389,41,3157.9,7640.1933,0
1644758400000,2.420,2.421,2.419,2.419,4764.9,1644758459999,11530.8613,109,1803.2,4364.7686,0
1644758460000,2.420,2.421,2.420,2.421,14316.7,1644758519999,34649.6865,62,4735.6,11463.4245,0
1644758520000,2.420,2.422,2.420,2.420,26968.3,1644758579999,65285.7712,127,14127.1,34202.6070,0
1644758580000,2.420,2.422,2.420,2.422,7511.6,1644758639999,18182.3149,56,2259.3,5469.9596,0
1644758640000,2.422,2.422,2.421,2.422,7814.2,1644758699999,18925.6438,58,7465.6,18081.6832,0
1644758700000,2.421,2.423,2.420,2.423,9803.9,1644758759999,23736.5574,140,2410.1,5836.1921,0
1644758760000,2.422,2.423,2.421,2.422,5650.9,1644758819999,13686.6765,78,470.6,1140.0368,0
1644758820000,2.422,2.423,2.422,2.423,10514.6,1644758879999,25467.1149,74,2723.7,6597.5551,0
1644758880000,2.422,2.423,2.421,2.422,20652.4,1644758939999,50034.7115,105,17145.5,41541.1465,0
1644758940000,2.422,2.424,2.422,2.424,7529.2,1644758999999,18242.2976,64,5296.7,12834.0915,0
1644759000000,2.424,2.425,2.422,2.425,12803.5,1644759059999,31030.3119,137,5896.0,14291.6307,0
1644759060000,2.424,2.425,2.419,2.421,30603.4,1644759119999,74109.1243,240,7487.1,18133.1081,0
1644759120000,2.420,2.421,2.418,2.419,23153.7,1644759179999,56006.2123,140,9332.8,22577.2766,0
1644759180000,2.418,2.422,2.418,2.420,25139.2,1644759239999,60835.8035,95,18863.2,45642.4880,0
1644759240000,2.420,2.421,2.420,2.421,4100.1,1644759299999,9923.9537,94,1711.7,4144.0257,0
1644759300000,2.421,2.421,2.417,2.419,25875.8,1644759359999,62591.0876,181,797.0,1928.5964,0
1644759360000,2.419,2.419,2.416,2.419,49947.1,1644759419999,120737.6102,183,34235.9,82760.8912,0
1644759420000,2.419,2.421,2.419,2.420,15089.2,1644759479999,36505.7581,89,7482.6,18104.0813,0
1644759480000,2.419,2.421,2.419,2.419,32277.5,1644759539999,78101.2540,139,22593.8,54670.4983,0
1644759540000,2.420,2.421,2.419,2.420,11996.2,1644759599999,29027.8889,69,4042.2,9782.1446,0
1644759600000,2.419,2.420,2.418,2.419,4386.9,1644759659999,10612.2432,50,1341.4,3245.1830,0
1644759660000,2.420,2.421,2.418,2.419,19230.1,1644759719999,46536.8955,121,15677.2,37942.4479,0
1644759720000,2.420,2.421,2.418,2.419,16392.7,1644759779999,39661.3642,152,8287.8,20053.7580,0
1644759780000,2.420,2.420,2.419,2.420,3752.9,1644759839999,9078.3685,58,103.4,250.2280,0
1644759840000,2.419,2.420,2.419,2.420,12421.7,1644759899999,30052.0260,82,2037.6,4930.9920,0
1644759900000,2.419,2.420,2.418,2.419,17457.9,1644759959999,42239.5004,105,10684.2,25854.3059,0
1644759960000,2.419,2.420,2.409,2.413,420911.3,1644760019999,1015755.8862,797,161967.3,390716.7594,0
1644760020000,2.413,2.420,2.413,2.419,98662.5,1644760079999,238464.3915,294,62704.6,151545.9338,0
1644760080000,2.419,2.421,2.418,2.419,7264.9,1644760139999,17578.6839,79,3518.1,8513.6981,0
1644760140000,2.419,2.420,2.419,2.420,13370.3,1644760199999,32354.4985,60,11742.8,28417.5760,0
1644760200000,2.419,2.420,2.416,2.416,34109.8,1644760259999,82477.9915,177,3259.9,7884.7343,0
1644760260000,2.416,2.420,2.416,2.417,26609.4,1644760319999,64332.5784,145,18873.8,45630.1020,0
1644760320000,2.418,2.422,2.418,2.421,26612.4,1644760379999,64400.8349,127,13875.4,33572.8660,0
1644760380000,2.422,2.423,2.420,2.421,24646.1,1644760439999,59690.4463,128,11170.6,27062.2361,0
1644760440000,2.421,2.423,2.419,2.422,21998.1,1644760499999,53259.6717,138,18304.0,44315.1689,0
1644760500000,2.423,2.423,2.419,2.420,7743.3,1644760559999,18748.6683,90,1719.9,4163.5762,0
1644760560000,2.419,2.422,2.419,2.421,10485.0,1644760619999,25380.3564,88,7839.2,18977.2240,0
1644760620000,2.422,2.423,2.421,2.422,10716.9,1644760679999,25959.2491,60,8761.0,21222.1399,0
1644760680000,2.422,2.423,2.422,2.423,8199.7,1644760739999,19860.8145,53,2123.6,5144.5003,0
1644760740000,2.423,2.423,2.420,2.420,21062.9,1644760799999,50992.7543,129,2481.3,6010.1492,0
1644760800000,2.421,2.421,2.419,2.419,5742.7,1644760859999,13894.5992,64,691.0,1672.5614,0
1644760860000,2.419,2.420,2.418,2.418,7129.0,1644760919999,17244.5973,109,1178.0,2850.5086,0
1644760920000,2.419,2.419,2.417,2.419,42017.1,1644760979999,101618.6384,101,34159.0,82621.4122,0
1644760980000,2.418,2.421,2.418,2.420,9333.1,1644761039999,22581.8153,94,6965.6,16853.6342,0
1644761040000,2.421,2.423,2.421,2.422,27637.2,1644761099999,66919.6501,143,3870.1,9374.1901,0
1644761100000,2.422,2.422,2.418,2.419,85397.1,1644761159999,206611.8330,213,27997.5,67723.7522,0
1644761160000,2.419,2.422,2.419,2.422,12257.7,1644761219999,29668.1467,69,7651.0,18520.3874,0
1644761220000,2.422,2.422,2.419,2.419,5658.9,1644761279999,13694.6229,166,589.9,1427.8854,0
1644761280000,2.419,2.420,2.418,2.419,18159.3,1644761339999,43935.9285,101,16096.3,38945.5340,0
1644761340000,2.419,2.421,2.419,2.419,7533.4,1644761399999,18230.3462,90,3795.9,9186.2407,0
1644761400000,2.419,2.420,2.418,2.419,5599.3,1644761459999,13544.8373,123,1148.5,2778.3627,0
1644761460000,2.419,2.421,2.418,2.418,14386.6,1644761519999,34811.5290,119,5048.3,12221.6786,0
1644761520000,2.419,2.420,2.418,2.420,11023.9,1644761579999,26667.4800,110,3983.7,9637.2387,0
1644761580000,2.419,2.420,2.418,2.419,6543.5,1644761639999,15829.2550,119,2371.8,5737.9452,0
1644761640000,2.419,2.420,2.417,2.420,42175.8,1644761699999,102019.2929,148,34467.9,83378.6330,0
1644761700000,2.420,2.427,2.420,2.426,124005.7,1644761759999,300462.7572,330,97924.0,237228.4980,0
1644761760000,2.426,2.430,2.424,2.426,91910.1,1644761819999,223136.7994,461,57569.8,139789.1553,0
1644761820000,2.426,2.428,2.420,2.423,60632.6,1644761879999,146980.4087,260,26494.9,64234.2835,0
1644761880000,2.423,2.425,2.420,2.420,31128.5,1644761939999,75398.2752,198,7396.3,17925.0271,0
1644761940000,2.420,2.420,2.415,2.416,57048.6,1644761999999,137931.8834,254,21669.7,52388.6626,0
1644762000000,2.416,2.416,2.411,2.415,72186.3,1644762059999,174209.4686,275,25749.1,62149.5387,0
1644762060000,2.415,2.420,2.414,2.419,27535.2,1644762119999,66552.9722,156,18189.8,43957.2302,0
1644762120000,2.419,2.421,2.414,2.416,41774.5,1644762179999,100980.0990,225,13576.0,32844.9352,0
1644762180000,2.416,2.417,2.413,2.414,37309.5,1644762239999,90096.5779,123,4437.8,10723.0469,0
1644762240000,2.414,2.417,2.413,2.417,17129.8,1644762299999,41371.9272,113,15697.3,37911.9716,0
1644762300000,2.417,2.417,2.414,2.414,52003.6,1644762359999,125598.6230,248,1514.4,3658.8922,0
1644762360000,2.414,2.415,2.408,2.410,83972.1,1644762419999,202447.5783,347,29061.8,70108.8136,0
1644762420000,2.410,2.410,2.405,2.408,112352.4,1644762479999,270497.6688,395,56743.9,136624.0178,0
1644762480000,2.408,2.410,2.408,2.409,21329.6,1644762539999,51387.4929,167,11358.9,27368.2466,0
1644762540000,2.409,2.412,2.409,2.410,25868.8,1644762599999,62353.9872,132,15242.6,36742.2937,0
1644762600000,2.411,2.412,2.409,2.411,31327.1,1644762659999,75522.0854,159,18233.1,43960.0955,0
1644762660000,2.411,2.411,2.402,2.403,98065.0,1644762719999,235909.6363,378,24369.5,58628.9981,0
1644762720000,2.403,2.404,2.395,2.399,146360.0,1644762779999,351078.1537,571,76817.0,184237.2249,0
1644762780000,2.399,2.402,2.398,2.399,27719.5,1644762839999,66536.4375,193,7721.5,18537.0010,0
1644762840000,2.399,2.399,2.393,2.398,164897.9,1644762899999,395108.3497,473,138741.5,332463.0279,0
1644762900000,2.398,2.400,2.391,2.392,96401.9,1644762959999,230885.7216,431,27181.7,65132.8721,0
1644762960000,2.393,2.393,2.386,2.392,157497.4,1644763019999,376289.4660,583,55372.2,132310.2721,0
1644763020000,2.392,2.400,2.392,2.399,144768.8,1644763079999,346928.2650,444,73690.7,176592.3736,0
1644763080000,2.399,2.401,2.397,2.400,51723.4,1644763139999,124119.5835,221,32227.9,77344.1110,0
1644763140000,2.400,2.402,2.398,2.401,45832.6,1644763199999,110003.1223,228,17282.2,41486.0634,0
1644763200000,2.401,2.402,2.397,2.399,26838.5,1644763259999,64410.6310,171,14521.4,34856.4765,0
1644763260000,2.399,2.402,2.399,2.401,37105.7,1644763319999,89082.9903,144,19408.0,46604.7050,0
1644763320000,2.401,2.402,2.398,2.399,21934.9,1644763379999,52640.5932,134,4882.4,11718.4836,0
1644763380000,2.399,2.401,2.399,2.401,15823.4,1644763439999,37973.6306,67,12868.7,30883.5068,0
1644763440000,2.400,2.405,2.400,2.403,195370.6,1644763499999,469205.3056,261,111610.9,268147.1590,0
1644763500000,2.403,2.404,2.400,2.400,9413.1,1644763559999,22612.8043,119,4162.9,10004.8034,0
1644763560000,2.400,2.403,2.400,2.402,7845.0,1644763619999,18842.5678,94,4524.4,10867.0435,0
1644763620000,2.403,2.405,2.400,2.401,19921.8,1644763679999,47874.5832,129,14387.0,34573.4582,0
1644763680000,2.401,2.402,2.397,2.399,42522.6,1644763739999,102043.4654,188,3455.0,8289.1077,0
1644763740000,2.398,2.400,2.397,2.399,11659.5,1644763799999,27970.9781,91,7851.4,18835.8792,0
1644763800000,2.400,2.400,2.397,2.397,16465.5,1644763859999,39495.8346,114,2297.8,5514.6972,0
1644763860000,2.397,2.399,2.395,2.396,40757.8,1644763919999,97687.4027,210,19902.2,47712.9292,0
1644763920000,2.396,2.397,2.395,2.396,58163.1,1644763979999,139319.8375,181,27407.2,65652.3849,0
1644763980000,2.396,2.398,2.395,2.396,24089.1,1644764039999,57733.3917,104,17097.2,40982.4222,0
1644764040000,2.396,2.399,2.396,2.399,7196.0,1644764099999,17256.7114,51,6893.8,16532.3381,0
1644764100000,2.399,2.404,2.399,2.404,76377.8,1644764159999,183402.1889,193,67259.0,161518.4375,0
1644764160000,2.404,2.409,2.404,2.406,38817.7,1644764219999,93423.6332,221,21641.6,52087.2232,0
1644764220000,2.407,2.412,2.406,2.411,75777.0,1644764279999,182621.3800,257,38205.3,92078.2856,0
1644764280000,2.411,2.412,2.408,2.412,90110.4,1644764339999,217290.2329,243,77830.1,187691.2095,0
1644764340000,2.413,2.414,2.411,2.412,58589.6,1644764399999,141357.2494,219,28568.8,68937.7699,0
1644764400000,2.411,2.412,2.408,2.409,11528.6,1644764459999,27781.2128,127,2764.1,6660.5651,0
1644764460000,2.409,2.411,2.409,2.410,8465.3,1644764519999,20401.0964,76,3173.4,7649.1968,0
1644764520000,2.411,2.415,2.410,2.414,28027.9,1644764579999,67613.6287,177,16585.7,40017.5527,0
1644764580000,2.415,2.416,2.412,2.414,22536.9,1644764639999,54421.7055,193,14218.8,34339.8419,0
1644764640000,2.414,2.414,2.410,2.413,89484.0,1644764699999,215807.1894,330,23658.8,57063.9211,0
1644764700000,2.412,2.413,2.411,2.413,6497.7,1644764759999,15674.1321,127,2562.7,6182.4732,0
1644764760000,2.413,2.414,2.412,2.413,7524.2,1644764819999,18158.7115,129,4536.8,10950.4879,0
1644764820000,2.413,2.415,2.413,2.414,16231.7,1644764879999,39181.7680,131,6909.8,16679.9214,0
1644764880000,2.413,2.415,2.413,2.415,14028.8,1644764939999,33874.0986,94,12640.7,30523.9620,0
1644764940000,2.415,2.415,2.411,2.411,16727.1,1644764999999,40363.9029,172,2456.2,5929.2766,0
1644765000000,2.411,2.414,2.411,2.413,14860.0,1644765059999,35849.7157,125,8082.5,19499.5974,0
1644765060000,2.413,2.414,2.412,2.413,4034.8,1644765119999,9736.0541,63,2026.8,4890.9780,0
1644765120000,2.413,2.414,2.412,2.413,21618.6,1644765179999,52162.4752,95,8388.0,20243.3108,0
1644765180000,2.412,2.417,2.412,2.414,34734.9,1644765239999,83884.3796,139,28353.4,68476.5767,0
1644765240000,2.413,2.416,2.413,2.415,7855.6,1644765299999,18968.7094,83,4303.1,10389.4385,0
1644765300000,2.416,2.416,2.414,2.414,4849.9,1644765359999,11710.6418,85,302.8,731.4377,0
1644765360000,2.414,2.416,2.414,2.414,19125.2,1644765419999,46184.7771,137,4550.2,10989.7840,0
1644765420000,2.414,2.414,2.412,2.412,5189.1,1644765479999,12522.7838,105,2743.4,6622.5341,0
1644765480000,2.412,2.414,2.409,2.410,38719.9,1644765539999,93380.5540,220,11375.0,27429.5069,0
1644765540000,2.410,2.411,2.409,2.411,16197.3,1644765599999,39036.6507,131,11593.5,27942.3431,0
1644765600000,2.411,2.411,2.407,2.410,13602.7,1644765659999,32757.1934,161,2973.2,7162.5960,0
1644765660000,2.410,2.413,2.410,2.412,21626.3,1644765719999,52152.5030,98,11141.4,26865.6981,0
1644765720000,2.413,2.416,2.412,2.413,19492.5,1644765779999,47054.0108,156,12585.0,30380.4035,0
1644765780000,2.413,2.415,2.413,2.414,33290.9,1644765839999,80356.6550,135,19387.3,46803.5920,0
1644765840000,2.415,2.415,2.413,2.414,6765.2,1644765899999,16333.6379,96,2676.6,6463.7596,0
1644765900000,2.413,2.414,2.410,2.410,31826.8,1644765959999,76794.0163,192,10057.6,24269.3667,0
1644765960000,2.411,2.411,2.408,2.410,28181.6,1644766019999,67887.5638,138,14752.0,35538.1462,0
1644766020000,2.409,2.413,2.408,2.413,36792.5,1644766079999,88674.9098,146,19188.5,46263.1881,0
1644766080000,2.413,2.415,2.411,2.414,25941.3,1644766139999,62598.1666,148,11279.4,27219.4255,0
1644766140000,2.413,2.416,2.412,2.416,61329.1,1644766199999,148130.7757,159,57270.0,138330.0093,0
1644766200000,2.415,2.417,2.415,2.416,3115.0,1644766259999,7525.8183,94,1935.8,4677.0884,0
1644766260000,2.417,2.417,2.415,2.415,9892.7,1644766319999,23899.8104,143,2803.3,6774.0346,0
1644766320000,2.415,2.416,2.414,2.414,2264.4,1644766379999,5468.1631,92,826.2,1995.3531,0
1644766380000,2.415,2.416,2.414,2.416,7611.1,1644766439999,18382.3898,89,3683.0,8896.1685,0
1644766440000,2.416,2.417,2.414,2.416,25645.4,1644766499999,61941.7962,173,19880.5,48017.1547,0
1644766500000,2.416,2.418,2.415,2.417,31817.5,1644766559999,76910.9740,281,28772.0,69551.6163,0
1644766560000,2.417,2.418,2.416,2.418,11804.7,1644766619999,28532.0641,73,9066.3,21913.3930,0
1644766620000,2.417,2.420,2.412,2.413,185313.6,1644766679999,447814.7021,472,61004.6,147470.6984,0
1644766680000,2.412,2.415,2.412,2.414,18587.8,1644766739999,44862.6902,133,15944.4,38483.3465,0
1644766740000,2.414,2.415,2.413,2.413,3073.7,1644766799999,7419.5000,41,1216.8,2937.9477,0
1644766800000,2.414,2.415,2.413,2.414,10734.1,1644766859999,25913.3816,97,7067.1,17063.9926,0
1644766860000,2.413,2.415,2.413,2.415,8147.1,1644766919999,19666.6699,83,4584.7,11068.0871,0
1644766920000,2.414,2.416,2.413,2.414,12080.5,1644766979999,29175.8796,99,5249.2,12679.0431,0
1644766980000,2.415,2.417,2.414,2.417,9456.4,1644767039999,22837.4046,80,5783.0,13966.1830,0
1644767040000,2.416,2.417,2.415,2.417,11051.7,1644767099999,26708.5528,71,8518.0,20587.1750,0
1644767100000,2.416,2.417,2.411,2.412,40868.7,1644767159999,98641.5275,207,17178.9,41463.6658,0
1644767160000,2.412,2.414,2.411,2.413,14771.7,1644767219999,35628.7302,115,6424.2,15498.6139,0
1644767220000,2.412,2.414,2.411,2.413,21706.5,1644767279999,52372.4235,113,6503.1,15692.7047,0
1644767280000,2.413,2.414,2.413,2.414,12676.1,1644767339999,30593.5134,60,6084.1,14687.0174,0
1644767340000,2.413,2.415,2.413,2.415,10925.6,1644767399999,26377.3685,77,2830.5,6833.7356,0
1644767400000,2.415,2.417,2.414,2.416,15309.1,1644767459999,36968.5124,72,10532.9,25438.5969,0
1644767460000,2.416,2.417,2.409,2.409,43162.9,1644767519999,104084.6962,199,2444.7,5893.4624,0
1644767520000,2.410,2.411,2.408,2.409,36373.2,1644767579999,87633.0715,164,29488.7,71048.3933,0
1644767580000,2.410,2.412,2.410,2.411,19385.9,1644767639999,46735.7110,84,14214.4,34267.2469,0
1644767640000,2.411,2.411,2.409,2.410,22431.5,1644767699999,54059.5151,131,10317.7,24868.4849,0
1644767700000,2.411,2.411,2.408,2.409,3961.3,1644767759999,9541.6655,61,129.5,311.9995,0
1644767760000,2.409,2.409,2.407,2.407,12376.3,1644767819999,29803.9636,96,2015.8,4856.0596,0
1644767820000,2.407,2.409,2.403,2.406,144948.3,1644767879999,348658.0130,322,43434.2,104482.5147,0
1644767880000,2.406,2.407,2.405,2.405,29012.1,1644767939999,69803.4749,131,16185.9,38947.6617,0
1644767940000,2.407,2.407,2.404,2.405,11222.3,1644767999999,26997.4246,95,3588.2,8633.2118,0
1644768000000,2.404,2.409,2.404,2.409,77630.1,1644768059999,186910.7795,223,64817.0,156056.1323,0
1644768060000,2.408,2.409,2.401,2.402,41630.7,1644768119999,100132.5063,208,17990.5,43294.6982,0
1644768120000,2.401,2.404,2.395,2.397,184957.9,1644768179999,443823.1330,444,71125.0,170866.0439,0
1644768180000,2.397,2.398,2.388,2.389,134968.5,1644768239999,322889.2068,480,35609.7,85236.0062,0
1644768240000,2.389,2.391,2.382,2.382,215731.4,1644768299999,514842.6238,551,60142.0,143702.6439,0
1644768300000,2.382,2.383,2.378,2.381,183930.8,1644768359999,437825.7636,778,90374.2,215170.3399,0
1644768360000,2.380,2.383,2.380,2.382,34820.9,1644768419999,82927.0242,244,24106.0,57413.9480,0
1644768420000,2.383,2.394,2.382,2.394,83568.3,1644768479999,199617.6426,511,56132.2,134079.6115,0
1644768480000,2.394,2.395,2.392,2.393,52485.4,1644768539999,125631.5587,335,11559.4,27674.3607,0
1644768540000,2.393,2.394,2.386,2.387,28917.6,1644768599999,69081.8301,189,8347.2,19939.7408,0
1644768600000,2.387,2.387,2.384,2.384,21072.6,1644768659999,50276.2288,189,9721.3,23198.7713,0
1644768660000,2.385,2.385,2.382,2.384,21456.3,1644768719999,51150.7033,180,13316.3,31753.4865,0
1644768720000,2.384,2.385,2.381,2.385,31698.0,1644768779999,75522.2909,191,10194.8,24294.0693,0
1644768780000,2.384,2.387,2.383,2.384,9824.1,1644768839999,23428.6012,133,5027.4,11988.5344,0
1644768840000,2.384,2.386,2.383,2.384,40780.7,1644768899999,97226.0110,188,20063.4,47839.8208,0
1644768900000,2.384,2.390,2.384,2.387,26581.6,1644768959999,63453.5262,124,19553.1,46669.6925,0
1644768960000,2.387,2.388,2.384,2.387,26356.7,1644769019999,62862.6340,191,9639.9,22996.7513,0
1644769020000,2.387,2.390,2.387,2.389,37663.9,1644769079999,89951.9979,164,31114.8,74309.1789,0
1644769080000,2.389,2.391,2.389,2.389,19991.2,1644769139999,47781.1928,146,11404.6,27259.7738,0
1644769140000,2.389,2.391,2.388,2.389,6849.4,1644769199999,16367.5980,87,2534.0,6056.2585,0
1644769200000,2.390,2.390,2.386,2.389,118724.2,1644769259999,283508.9457,191,26865.2,64159.1304,0
1644769260000,2.390,2.393,2.388,2.389,35110.3,1644769319999,83981.5669,227,18425.9,44074.6769,0
1644769320000,2.389,2.390,2.387,2.387,10632.4,1644769379999,25397.2273,114,8671.1,20712.8245,0
1644769380000,2.387,2.389,2.383,2.389,75769.4,1644769439999,180872.1319,276,61952.1,147905.8636,0
1644769440000,2.389,2.392,2.388,2.392,34654.2,1644769499999,82831.3617,144,24772.0,59215.6981,0
1644769500000,2.391,2.391,2.387,2.387,30048.7,1644769559999,71761.6055,147,4596.2,10985.4715,0
1644769560000,2.386,2.386,2.378,2.381,68066.4,1644769619999,162130.2055,311,32157.5,76607.0374,0
1644769620000,2.381,2.383,2.380,2.382,16229.0,1644769679999,38655.4109,117,8056.7,19190.8108,0
1644769680000,2.382,2.383,2.382,2.382,12286.7,1644769739999,29267.5446,98,8524.5,20305.9842,0
1644769740000,2.383,2.383,2.381,2.383,18559.1,1644769799999,44217.6161,89,9422.9,22454.7707,0
1644769800000,2.384,2.384,2.382,2.384,10258.0,1644769859999,24444.6775,71,6908.1,16462.1959,0
1644769860000,2.383,2.383,2.379,2.381,27703.3,1644769919999,65945.0561,208,6998.8,16663.6762,0
1644769920000,2.381,2.381,2.379,2.379,4527.5,1644769979999,10773.9006,60,2562.0,6097.6863,0
1644769980000,2.379,2.383,2.379,2.383,23779.6,1644770039999,56618.9582,145,20458.3,48711.4250,0
1644770040000,2.382,2.385,2.382,2.385,17415.4,1644770099999,41502.8351,131,10614.3,25295.5658,0
1644770100000,2.385,2.385,2.384,2.384,4302.3,1644770159999,10260.6308,42,3947.6,9415.0260,0
1644770160000,2.384,2.384,2.382,2.382,27356.5,1644770219999,65191.3804,175,2794.3,6659.3691,0
1644770220000,2.384,2.384,2.382,2.383,5752.8,1644770279999,13709.2534,69,849.8,2025.5455,0
1644770280000,2.382,2.383,2.380,2.381,31439.0,1644770339999,74851.6441,140,9442.4,22482.8234,0
1644770340000,2.381,2.381,2.379,2.380,9013.1,1644770399999,21455.3314,100,5592.5,13314.3266,0
1644770400000,2.380,2.381,2.373,2.378,144451.4,1644770459999,343210.4151,572,60672.2,144183.9804,0
1644770460000,2.378,2.380,2.377,2.379,47505.3,1644770519999,112979.8504,198,32378.9,77007.1725,0
1644770520000,2.379,2.380,2.378,2.378,42113.1,1644770579999,100207.5563,116,37075.0,88223.7643,0
1644770580000,2.378,2.380,2.378,2.380,15934.4,1644770639999,37909.6999,79,10096.9,24026.7743,0
1644770640000,2.380,2.382,2.380,2.381,16301.9,1644770699999,38819.7781,108,12146.5,28927.5283,0
1644770700000,2.380,2.385,2.380,2.383,72591.4,1644770759999,172931.9971,187,60083.4,143134.8118,0
1644770760000,2.384,2.386,2.383,2.384,52301.7,1644770819999,124727.0181,166,21294.9,50789.8704,0
1644770820000,2.384,2.388,2.384,2.386,25607.8,1644770879999,61127.1090,109,20284.4,48425.6790,0
1644770880000,2.387,2.387,2.384,2.386,19481.3,1644770939999,46462.9973,141,9600.5,22895.0053,0
1644770940000,2.387,2.387,2.384,2.385,7370.1,1644770999999,17578.6659,95,2513.5,5995.7842,0
1644771000000,2.385,2.385,2.383,2.383,3826.1,1644771059999,9119.4158,80,1566.5,3734.5113,0
1644771060000,2.383,2.385,2.383,2.384,20630.9,1644771119999,49194.3268,105,14448.3,34456.1190,0
1644771120000,2.384,2.386,2.383,2.384,8767.4,1644771179999,20903.2920,88,2287.4,5454.9723,0
1644771180000,2.384,2.386,2.383,2.385,9022.1,1644771239999,21516.8961,94,3758.4,8964.8566,0
1644771240000,2.384,2.385,2.383,2.385,19904.1,1644771299999,47450.9380,94,922.9,2201.1165,0
1644771300000,2.385,2.386,2.384,2.384,4016.8,1644771359999,9579.9448,75,2457.1,5860.7623,0
1644771360000,2.385,2.386,2.385,2.386,2119.0,1644771419999,5054.1881,45,1585.0,3780.5981,0
1644771420000,2.386,2.386,2.383,2.384,4522.2,1644771479999,10785.9242,69,1762.1,4204.0373,0
1644771480000,2.384,2.385,2.382,2.385,16361.3,1644771539999,38990.3605,79,11816.1,28159.2091,0
1644771540000,2.384,2.385,2.384,2.385,9754.5,1644771599999,23259.6564,46,4928.4,11754.2340,0
1644771600000,2.384,2.384,2.381,2.381,26889.5,1644771659999,64056.4076,146,8788.6,20942.8997,0
1644771660000,2.381,2.382,2.379,2.380,19167.8,1644771719999,45634.3464,113,8738.4,20811.0566,0
1644771720000,2.380,2.380,2.365,2.369,317153.5,1644771779999,752274.2600,1026,108251.7,256884.8142,0
1644771780000,2.369,2.376,2.369,2.375,54489.0,1644771839999,129255.4342,279,32667.7,77500.7119,0
1644771840000,2.375,2.376,2.368,2.369,15283.1,1644771899999,36256.4161,254,4801.5,11389.9972,0
1644771900000,2.369,2.374,2.369,2.369,32567.4,1644771959999,77235.6997,175,22423.6,53179.3282,0
1644771960000,2.369,2.370,2.365,2.368,74907.4,1644772019999,177308.3526,305,27474.5,65053.8489,0
1644772020000,2.368,2.373,2.368,2.372,21095.7,1644772079999,50013.3834,117,17544.5,41595.9859,0
1644772080000,2.371,2.372,2.370,2.370,20426.6,1644772139999,48430.5119,105,12282.2,29122.1457,0
1644772140000,2.371,2.372,2.370,2.371,14298.0,1644772199999,33889.6687,132,4687.8,11112.3473,0
1644772200000,2.371,2.374,2.371,2.372,12927.4,1644772259999,30669.3676,110,8224.7,19513.6083,0
1644772260000,2.372,2.374,2.371,2.372,16139.6,1644772319999,38289.1866,134,5854.0,13889.3406,0
1644772320000,2.371,2.372,2.371,2.371,3345.3,1644772379999,7934.5863,56,2880.0,6831.3600,0
1644772380000,2.372,2.374,2.370,2.371,9767.6,1644772439999,23168.3471,142,3926.7,9315.7903,0
1644772440000,2.371,2.371,2.366,2.368,28557.0,1644772499999,67612.1880,170,13578.2,32157.7298,0
1644772500000,2.369,2.371,2.368,2.368,6674.3,1644772559999,15813.1108,86,4425.0,10483.5064,0
1644772560000,2.369,2.369,2.361,2.363,90306.6,1644772619999,213467.8032,511,19230.8,45473.6863,0
1644772620000,2.364,2.369,2.360,2.367,33599.7,1644772679999,79403.1095,257,17191.5,40628.2353,0
1644772680000,2.367,2.372,2.367,2.368,20704.1,1644772739999,49069.5402,173,10322.6,24466.7012,0
1644772740000,2.367,2.369,2.366,2.368,4106.1,1644772799999,9721.2811,98,1693.1,4008.6664,0
1644772800000,2.368,2.368,2.365,2.366,10682.9,1644772859999,25283.4104,151,4830.3,11433.8529,0
1644772860000,2.366,2.369,2.364,2.369,11392.5,1644772919999,26950.6691,167,6669.1,15780.2286,0
1644772920000,2.369,2.372,2.369,2.372,46965.2,1644772979999,111341.2223,222,28923.4,68576.2623,0
1644772980000,2.372,2.375,2.371,2.374,17649.5,1644773039999,41881.8809,151,11813.3,28035.6033,0
1644773040000,2.374,2.376,2.372,2.374,16392.4,1644773099999,38917.1592,170,8462.2,20091.6630,0
1644773100000,2.373,2.375,2.372,2.372,15279.3,1644773159999,36269.9557,114,10352.7,24578.1967,0
1644773160000,2.372,2.373,2.371,2.373,7159.9,1644773219999,16984.2736,79,2854.3,6771.5715,0
1644773220000,2.373,2.376,2.372,2.375,12787.2,1644773279999,30363.5034,106,8462.8,20095.0606,0
1644773280000,2.375,2.375,2.373,2.373,10359.4,1644773339999,24586.3643,114,6879.1,16327.2700,0
1644773340000,2.374,2.374,2.372,2.372,10002.6,1644773399999,23731.5581,100,2885.9,6848.7601,0
1644773400000,2.373,2.377,2.372,2.377,25096.1,1644773459999,59575.4771,84,24912.5,59139.5677,0
1644773460000,2.377,2.379,2.376,2.378,20946.4,1644773519999,49807.4582,172,13046.1,31022.7403,0
1644773520000,2.377,2.381,2.377,2.380,25675.8,1644773579999,61072.8840,202,10943.6,26032.4341,0
1644773580000,2.381,2.381,2.378,2.381,9720.7,1644773639999,23130.1309,115,2344.5,5580.9140,0
1644773640000,2.381,2.381,2.377,2.379,36059.3,1644773699999,85759.8965,166,1661.0,3951.7876,0
1644773700000,2.378,2.379,2.376,2.376,6490.4,1644773759999,15429.9879,86,1963.3,4667.2163,0
1644773760000,2.375,2.375,2.371,2.374,17372.4,1644773819999,41230.1130,143,5008.4,11883.6725,0
1644773820000,2.374,2.376,2.373,2.376,24634.9,1644773879999,58492.3320,120,19935.3,47335.9458,0
1644773880000,2.377,2.378,2.375,2.376,7869.6,1644773939999,18704.3107,119,5031.5,11960.4452,0
1644773940000,2.377,2.380,2.376,2.378,9678.2,1644773999999,23017.5365,98,7220.5,17173.4729,0
1644774000000,2.379,2.381,2.377,2.380,20686.3,1644774059999,49227.7931,138,12908.2,30726.1017,0
1644774060000,2.381,2.382,2.379,2.379,17359.7,1644774119999,41319.0511,128,2435.4,5798.6938,0
1644774120000,2.381,2.381,2.376,2.377,19516.9,1644774179999,46408.9636,112,7018.5,16688.1754,0
1644774180000,2.378,2.380,2.378,2.380,3422.3,1644774239999,8138.8618,28,3415.9,8123.6362,0
1644774240000,2.380,2.381,2.379,2.380,3282.2,1644774299999,7811.7191,28,422.6,1005.8734,0
1644774300000,2.380,2.381,2.377,2.380,64230.4,1644774359999,152805.1646,180,51796.9,123225.9517,0
1644774360000,2.380,2.381,2.380,2.381,5438.7,1644774419999,12949.5340,15,5428.0,12924.0680,0
1644774420000,2.381,2.382,2.380,2.381,20435.4,1644774479999,48658.2171,99,8669.7,20647.4460,0
1644774480000,2.382,2.383,2.377,2.378,50375.8,1644774539999,119871.4940,249,14617.4,34777.6583,0
1644774540000,2.378,2.378,2.375,2.378,9456.6,1644774599999,22467.3690,90,2865.2,6810.2911,0
1644774600000,2.378,2.380,2.377,2.379,7850.2,1644774659999,18673.5443,63,2461.9,5855.3361,0
1644774660000,2.379,2.379,2.378,2.379,2553.1,1644774719999,6072.8239,49,1552.1,3692.4459,0
1644774720000,2.380,2.380,2.378,2.378,3389.4,1644774779999,8062.2561,92,840.0,1998.4202,0
1644774780000,2.378,2.379,2.375,2.378,9728.6,1644774839999,23130.7772,111,8689.1,20660.0765,0
1644774840000,2.379,2.382,2.378,2.379,14373.1,1644774899999,34213.3385,148,13455.0,32028.4412,0
1644774900000,2.380,2.382,2.379,2.381,6861.2,1644774959999,16332.0877,71,3706.4,8823.6767,0
1644774960000,2.381,2.383,2.380,2.382,15454.1,1644775019999,36800.6383,111,10347.3,24639.8089,0
1644775020000,2.382,2.382,2.380,2.381,4232.0,1644775079999,10075.1288,83,918.8,2188.1313,0
1644775080000,2.381,2.384,2.381,2.384,15202.4,1644775139999,36225.4473,70,12845.6,30611.2174,0
1644775140000,2.384,2.384,2.383,2.384,13189.5,1644775199999,31436.4425,120,5864.0,13979.7760,0
1644775200000,2.383,2.385,2.382,2.385,110006.3,1644775259999,262270.0184,271,75816.1,180775.0399,0
1644775260000,2.385,2.389,2.384,2.388,106094.4,1644775319999,253318.2699,282,82916.6,198009.1520,0
1644775320000,2.388,2.388,2.383,2.384,61022.0,1644775379999,145553.4530,199,8928.4,21278.5583,0
1644775380000,2.384,2.386,2.383,2.386,24861.8,1644775439999,59283.0641,116,18568.6,44280.9404,0
1644775440000,2.386,2.386,2.383,2.384,28718.3,1644775499999,68467.6246,128,2032.3,4845.4899,0
1644775500000,2.384,2.385,2.383,2.385,6845.6,1644775559999,16317.2122,110,1019.6,2431.7460,0
1644775560000,2.385,2.385,2.384,2.385,2173.3,1644775619999,5182.0620,71,914.8,2181.7980,0
1644775620000,2.384,2.387,2.384,2.386,17166.1,1644775679999,40954.2904,86,12947.5,30889.2654,0
1644775680000,2.387,2.389,2.387,2.389,15991.4,1644775739999,38184.5695,105,6169.5,14730.7582,0
1644775740000,2.389,2.389,2.387,2.388,7075.9,1644775799999,16894.7020,110,4558.7,10884.8463,0
1644775800000,2.388,2.390,2.388,2.389,9125.3,1644775859999,21800.8275,88,6212.0,14842.6504,0
1644775860000,2.389,2.389,2.386,2.387,9273.3,1644775919999,22133.5511,124,5991.4,14297.2552,0
1644775920000,2.387,2.388,2.386,2.386,8999.2,1644775979999,21476.6244,96,2592.8,6189.5311,0
1644775980000,2.386,2.387,2.386,2.387,3405.8,1644776039999,8129.5611,41,1015.6,2424.2372,0
1644776040000,2.386,2.389,2.386,2.388,3656.2,1644776099999,8730.1263,36,3494.2,8343.2867,0
1644776100000,2.388,2.391,2.388,2.391,9161.0,1644776159999,21892.7604,83,5326.9,12729.3021,0
1644776160000,2.391,2.391,2.388,2.388,21407.2,1644776219999,51166.2707,144,9391.7,22450.4213,0
1644776220000,2.389,2.390,2.387,2.390,10681.4,1644776279999,25515.2478,97,9110.6,21763.8748,0
1644776280000,2.390,2.391,2.387,2.389,11519.5,1644776339999,27512.0910,103,4237.4,10122.8046,0
1644776340000,2.389,2.389,2.388,2.389,8856.1,1644776399999,21152.2871,41,3920.3,9365.5967,0
1644776400000,2.389,2.390,2.387,2.388,14853.5,1644776459999,35478.6263,120,7424.4,17737.3509,0
1644776460000,2.388,2.390,2.388,2.389,7077.3,1644776519999,16907.6946,45,4004.1,9566.1933,0
1644776520000,2.389,2.390,2.387,2.388,8213.3,1644776579999,19623.6433,109,5195.6,12415.4665,0
1644776580000,2.388,2.390,2.387,2.389,11192.0,1644776639999,26732.4974,99,7621.8,18208.3670,0
1644776640000,2.390,2.390,2.389,2.389,6320.3,1644776699999,15102.4242,56,4240.8,10134.4987,0
1644776700000,2.389,2.389,2.388,2.389,3648.8,1644776759999,8715.5353,39,2200.9,5257.9501,0
1644776760000,2.388,2.389,2.388,2.389,6863.6,1644776819999,16394.4456,72,3611.8,8628.5902,0
1644776820000,2.389,2.390,2.388,2.389,4922.9,1644776879999,11758.9498,47,2223.8,5312.6717,0
1644776880000,2.389,2.389,2.388,2.389,9075.4,1644776939999,21681.1262,45,7248.8,17317.3832,0
1644776940000,2.389,2.391,2.388,2.391,4054.4,1644776999999,9688.6733,36,3821.6,9132.5786,0
1644777000000,2.391,2.391,2.386,2.388,38105.8,1644777059999,91046.3869,163,7002.5,16715.9961,0
1644777060000,2.388,2.388,2.386,2.388,9154.0,1644777119999,21850.7625,83,6125.3,14623.1582,0
1644777120000,2.388,2.388,2.387,2.387,1175.0,1644777179999,2805.0778,44,352.8,842.4864,0
1644777180000,2.387,2.387,2.383,2.384,20382.7,1644777239999,48609.0264,152,7536.6,17973.1985,0
1644777240000,2.384,2.386,2.384,2.386,11025.3,1644777299999,26297.3147,56,10322.0,24619.9442,0
1644777300000,2.385,2.386,2.384,2.385,4633.0,1644777359999,11050.0853,91,1840.4,4390.2101,0
1644777360000,2.385,2.385,2.383,2.384,9169.4,1644777419999,21858.0416,80,1354.5,3229.3545,0
1644777420000,2.383,2.385,2.381,2.381,24815.0,1644777479999,59146.6179,154,20166.0,48068.2070,0
1644777480000,2.381,2.384,2.374,2.375,63223.4,1644777539999,150302.4295,236,32016.6,76093.1010,0
1644777540000,2.374,2.379,2.363,2.366,218078.2,1644777599999,516583.3280,675,64717.4,153335.9144,0
1644777600000,2.367,2.370,2.357,2.359,254309.2,1644777659999,601098.5821,984,160208.1,378742.4194,0
1644777660000,2.361,2.361,2.357,2.360,28891.4,1644777719999,68150.8547,329,13133.2,30988.9845,0
1644777720000,2.359,2.367,2.358,2.365,61818.3,1644777779999,146109.2873,267,42692.4,100920.3587,0
1644777780000,2.365,2.366,2.361,2.366,35554.0,1644777839999,84069.8227,187,23231.9,54939.0990,0
1644777840000,2.366,2.366,2.360,2.360,44742.6,1644777899999,105701.0438,225,19663.8,46472.4483,0
1644777900000,2.361,2.364,2.360,2.363,13599.9,1644777959999,32122.0251,114,11151.1,26339.4473,0
1644777960000,2.364,2.365,2.362,2.364,15842.7,1644778019999,37438.8631,114,9157.6,21642.4381,0
1644778020000,2.364,2.365,2.362,2.365,19859.5,1644778079999,46945.2109,103,17673.1,41777.4943,0
1644778080000,2.365,2.366,2.363,2.364,15650.2,1644778139999,37009.3320,120,6343.0,15004.3093,0
1644778140000,2.364,2.367,2.363,2.365,32796.3,1644778199999,77563.0174,148,29902.2,70719.0156,0
1644778200000,2.365,2.366,2.360,2.360,56537.7,1644778259999,133565.5629,172,1528.4,3613.9129,0
1644778260000,2.360,2.362,2.353,2.354,88663.9,1644778319999,208968.9913,470,32096.2,75679.5567,0
1644778320000,2.354,2.354,2.351,2.352,81613.4,1644778379999,192014.6213,464,44089.9,103757.4351,0
1644778380000,2.352,2.355,2.352,2.354,37570.9,1644778439999,88406.8942,155,21418.9,50414.2016,0
1644778440000,2.355,2.362,2.354,2.361,30215.1,1644778499999,71244.5683,189,15349.1,36198.5496,0
1644778500000,2.360,2.363,2.360,2.362,13700.6,1644778559999,32352.7780,118,7364.2,17391.0062,0
1644778560000,2.362,2.362,2.359,2.361,22356.0,1644778619999,52787.1205,137,14260.7,33679.0461,0
1644778620000,2.361,2.361,2.359,2.360,3142.7,1644778679999,7416.8400,53,1594.6,3763.6584,0
1644778680000,2.360,2.360,2.354,2.354,27930.9,1644778739999,65826.9668,168,8724.4,20570.3540,0
1644778740000,2.354,2.357,2.353,2.357,29486.0,1644778799999,69429.6759,85,15429.6,36325.3353,0
1644778800000,2.356,2.360,2.352,2.359,21246.0,1644778859999,50051.9322,166,11873.0,27980.1060,0
1644778860000,2.360,2.368,2.359,2.365,79692.6,1644778919999,188391.3446,312,43628.0,103129.1497,0
1644778920000,2.366,2.366,2.361,2.362,30363.2,1644778979999,71747.7979,192,8496.1,20075.4825,0
1644778980000,2.361,2.366,2.361,2.363,18931.8,1644779039999,44738.6475,168,8451.0,19971.9561,0
1644779040000,2.362,2.365,2.362,2.365,7903.2,1644779099999,18682.3800,98,3567.8,8433.7882,0
1644779100000,2.364,2.366,2.363,2.365,3175.8,1644779159999,7509.3304,70,1485.6,3513.6775,0
1644779160000,2.366,2.366,2.364,2.364,39825.5,1644779219999,94157.9177,148,6542.2,15470.1554,0
1644779220000,2.365,2.366,2.363,2.365,12971.3,1644779279999,30669.6236,177,3854.9,9114.5834,0
1644779280000,2.365,2.366,2.363,2.364,7856.3,1644779339999,18577.7528,147,1822.2,4308.6632,0
1644779340000,2.364,2.366,2.361,2.364,21285.0,1644779399999,50280.4639,153,2504.4,5917.9926,0
1644779400000,2.364,2.364,2.361,2.363,6849.2,1644779459999,16181.7499,93,3690.0,8718.1799,0
1644779460000,2.363,2.364,2.362,2.363,7494.5,1644779519999,17708.6283,82,1042.7,2464.2289,0
1644779520000,2.362,2.365,2.362,2.363,10057.2,1644779579999,23765.8365,93,4685.7,11073.1122,0
1644779580000,2.362,2.364,2.362,2.364,4575.6,1644779639999,10812.7098,70,2398.4,5668.1753,0
1644779640000,2.363,2.364,2.362,2.363,11594.2,1644779699999,27398.2813,70,5053.0,11941.4680,0
1644779700000,2.363,2.366,2.362,2.365,5572.2,1644779759999,13174.4949,85,4641.2,10973.0369,0
1644779760000,2.366,2.368,2.365,2.367,27914.8,1644779819999,66063.5133,182,10075.3,23847.8129,0
1644779820000,2.368,2.369,2.366,2.369,19708.6,1644779879999,46665.2394,124,10452.7,24752.5989,0
1644779880000,2.369,2.369,2.365,2.368,12409.1,1644779939999,29376.8594,121,4915.5,11638.5458,0
1644779940000,2.368,2.368,2.367,2.368,9187.3,1644779999999,21751.1706,83,4831.5,11440.9920,0
1644780000000,2.367,2.369,2.366,2.369,19527.4,1644780059999,46237.2233,119,8225.0,19478.8983,0
1644780060000,2.370,2.373,2.369,2.373,52838.0,1644780119999,125296.8894,196,34610.5,82090.6802,0
1644780120000,2.372,2.372,2.370,2.371,9973.5,1644780179999,23648.5031,105,3999.1,9482.4477,0
1644780180000,2.371,2.371,2.369,2.371,6192.1,1644780239999,14676.9169,64,3357.1,7958.5039,0
1644780240000,2.370,2.371,2.369,2.371,7780.2,1644780299999,18436.5638,75,1252.6,2969.1466,0
1644780300000,2.371,2.371,2.366,2.367,9383.6,1644780359999,22220.0349,95,3885.7,9202.2590,0
1644780360000,2.367,2.368,2.363,2.365,15081.4,1644780419999,35668.6619,135,6440.0,15232.6945,0
1644780420000,2.366,2.367,2.363,2.364,8580.3,1644780479999,20293.9280,108,1379.7,3262.6699,0
1644780480000,2.364,2.367,2.364,2.365,20064.1,1644780539999,47457.6329,140,10194.0,24114.4966,0
1644780540000,2.365,2.367,2.363,2.366,19299.2,1644780599999,45652.0931,150,10731.6,25384.9061,0
1644780600000,2.366,2.368,2.365,2.368,16505.9,1644780659999,39069.7232,141,13158.9,31148.3268,0
1644780660000,2.368,2.368,2.362,2.362,16025.7,1644780719999,37904.5202,115,4063.7,9620.4426,0
1644780720000,2.362,2.364,2.361,2.362,22265.4,1644780779999,52597.6258,131,9692.6,22895.5392,0
1644780780000,2.362,2.362,2.355,2.357,41650.2,1644780839999,98230.0328,257,11196.9,26407.6307,0
1644780840000,2.357,2.359,2.355,2.357,17406.7,1644780899999,41027.1735,127,10345.2,24385.4445,0
1644780900000,2.357,2.359,2.356,2.357,14617.4,1644780959999,34451.1186,120,11546.6,27213.8455,0
1644780960000,2.358,2.359,2.354,2.357,17160.0,1644781019999,40430.1258,143,10924.9,25738.3103,0
1644781020000,2.357,2.359,2.356,2.358,28733.8,1644781079999,67730.4359,131,11902.5,28058.8415,0
1644781080000,2.359,2.361,2.357,2.361,13101.8,1644781139999,30902.8856,117,6408.7,15120.5527,0
1644781140000,2.359,2.360,2.356,2.357,11640.4,1644781199999,27446.2480,127,2994.0,7058.8565,0
1644781200000,2.357,2.358,2.355,2.356,9114.3,1644781259999,21476.4271,75,1129.7,2662.1194,0
1644781260000,2.356,2.357,2.348,2.349,120255.5,1644781319999,282884.3519,537,24833.3,58367.4691,0
1644781320000,2.348,2.350,2.346,2.347,57265.0,1644781379999,134432.9682,457,25063.0,58848.4346,0
1644781380000,2.347,2.352,2.346,2.347,46529.6,1644781439999,109291.3189,207,26433.0,62082.9174,0
1644781440000,2.347,2.348,2.346,2.348,17906.2,1644781499999,42024.4834,119,6894.9,16185.3785,0
1644781500000,2.348,2.352,2.348,2.351,38185.8,1644781559999,89703.9478,173,16545.1,38866.1110,0
1644781560000,2.351,2.352,2.349,2.350,19782.1,1644781619999,46483.6661,108,6088.9,14312.5633,0
1644781620000,2.351,2.354,2.350,2.353,20311.4,1644781679999,47777.5683,106,11471.6,26987.3267,0
1644781680000,2.354,2.361,2.354,2.360,78860.2,1644781739999,185888.2852,222,53018.3,124991.0023,0
1644781740000,2.361,2.362,2.359,2.360,30513.4,1644781799999,72011.1623,105,4704.9,11108.7187,0
1644781800000,2.359,2.360,2.355,2.356,36367.5,1644781859999,85726.9930,123,1586.3,3740.6265,0
1644781860000,2.356,2.358,2.356,2.357,7816.1,1644781919999,18422.0008,82,4960.0,11690.4742,0
1644781920000,2.358,2.359,2.357,2.358,17479.1,1644781979999,41216.1453,82,5792.0,13657.9564,0
1644781980000,2.358,2.361,2.358,2.359,13433.3,1644782039999,31696.1772,122,6114.0,14429.7060,0
1644782040000,2.360,2.360,2.358,2.358,15798.0,1644782099999,37260.5845,99,2139.8,5049.2409,0
1644782100000,2.358,2.358,2.355,2.355,13040.1,1644782159999,30723.8009,88,1099.3,2590.6149,0
1644782160000,2.356,2.360,2.355,2.358,16501.6,1644782219999,38917.9171,82,9364.4,22083.8352,0
1644782220000,2.359,2.362,2.359,2.359,46606.5,1644782279999,110007.5366,120,25958.0,61287.3558,0
1644782280000,2.360,2.360,2.358,2.359,13326.9,1644782339999,31430.2930,66,851.3,2008.8431,0
1644782340000,2.359,2.361,2.359,2.361,9787.1,1644782399999,23088.3810,44,5176.6,12212.2115,0
1644782400000,2.360,2.361,2.358,2.360,24088.8,1644782459999,56840.9162,102,12164.9,28709.3558,0
1644782460000,2.360,2.364,2.360,2.363,25422.1,1644782519999,60049.1804,133,15642.8,36946.2368,0
1644782520000,2.363,2.363,2.356,2.357,36267.9,1644782579999,85574.3431,194,10244.5,24171.7843,0
1644782580000,2.357,2.357,2.353,2.355,18050.0,1644782639999,42505.8858,159,6413.0,15100.8701,0
1644782640000,2.356,2.363,2.355,2.362,41372.2,1644782699999,97589.2959,153,33972.7,80123.3673,0
1644782700000,2.363,2.367,2.362,2.366,49346.4,1644782759999,116693.4507,196,25484.2,60282.4327,0
1644782760000,2.367,2.370,2.366,2.369,34409.9,1644782819999,81491.3019,185,17539.1,41555.7904,0
1644782820000,2.368,2.369,2.367,2.368,9136.7,1644782879999,21635.3739,73,1676.4,3970.8660,0
1644782880000,2.368,2.368,2.366,2.366,55265.6,1644782939999,130823.0898,144,24249.9,57405.1523,0
1644782940000,2.367,2.368,2.366,2.367,27274.5,1644782999999,64572.7785,95,18516.3,43843.3565,0
1644783000000,2.368,2.368,2.364,2.367,25039.5,1644783059999,59241.2268,100,11947.5,28270.6745,0
1644783060000,2.367,2.370,2.366,2.370,24093.7,1644783119999,57056.6972,60,23392.1,55396.1140,0
1644783120000,2.370,2.371,2.369,2.369,23371.1,1644783179999,55384.4709,126,4464.6,10581.2499,0
1644783180000,2.370,2.371,2.368,2.368,14740.6,1644783239999,34928.2092,112,1067.9,2530.8319,0
1644783240000,2.369,2.371,2.368,2.371,13384.3,1644783299999,31715.9945,46,13203.0,31286.4612,0
1644783300000,2.371,2.372,2.370,2.371,18762.5,1644783359999,44485.4597,119,6858.3,16262.0486,0
1644783360000,2.372,2.380,2.372,2.378,47175.7,1644783419999,112111.5209,302,24937.8,59259.1146,0
1644783420000,2.379,2.380,2.376,2.378,43811.7,1644783479999,104181.4974,183,15625.2,37162.4635,0
1644783480000,2.379,2.382,2.379,2.380,33498.3,1644783539999,79743.9842,164,8277.8,19712.7189,0
1644783540000,2.380,2.380,2.376,2.377,17695.0,1644783599999,42063.6125,81,497.9,1184.1740,0
1644783600000,2.377,2.381,2.377,2.381,9218.6,1644783659999,21937.3090,65,5931.3,14120.1970,0
1644783660000,2.381,2.381,2.379,2.379,17760.5,1644783719999,42274.4078,119,3403.7,8102.5114,0
1644783720000,2.380,2.381,2.379,2.379,13601.8,1644783779999,32363.4999,86,3519.7,8376.5554,0
1644783780000,2.380,2.381,2.379,2.381,12695.0,1644783839999,30215.9713,69,7743.1,18432.2123,0
1644783840000,2.381,2.385,2.380,2.382,50657.3,1644783899999,120679.6140,206,37516.9,89374.1996,0
1644783900000,2.383,2.389,2.383,2.386,76414.0,1644783959999,182255.5404,348,28023.0,66869.8142,0
1644783960000,2.386,2.390,2.384,2.390,56564.0,1644784019999,134983.0486,197,30526.9,72861.7689,0
1644784020000,2.390,2.391,2.387,2.389,39363.0,1644784079999,94069.9651,217,24360.5,58229.5652,0
1644784080000,2.388,2.388,2.385,2.385,53870.5,1644784139999,128581.0884,156,12378.7,29541.9784,0
1644784140000,2.386,2.391,2.386,2.388,63990.4,1644784199999,152854.8181,191,33243.0,79395.7949,0
1644784200000,2.388,2.391,2.385,2.388,27959.1,1644784259999,66773.0555,146,12137.6,28993.2230,0
1644784260000,2.388,2.389,2.388,2.388,11091.9,1644784319999,26490.4635,89,4671.9,11159.5035,0
1644784320000,2.387,2.388,2.385,2.386,10696.2,1644784379999,25536.9809,75,6750.5,16119.1308,0
1644784380000,2.386,2.389,2.386,2.389,11918.3,1644784439999,28455.4484,64,7193.6,17177.2486,0
1644784440000,2.389,2.390,2.389,2.389,3315.8,1644784499999,7923.7602,29,2708.6,6473.1594,0
1644784500000,2.390,2.390,2.387,2.389,11729.1,1644784559999,28015.1648,77,760.9,1817.4570,0
1644784560000,2.389,2.391,2.389,2.391,8514.8,1644784619999,20357.2866,37,8162.1,19514.1593,0
1644784620000,2.391,2.392,2.388,2.388,11312.8,1644784679999,27046.3752,153,4520.1,10811.4519,0
1644784680000,2.389,2.390,2.387,2.387,19003.3,1644784739999,45377.4977,88,6693.2,15980.9182,0
1644784740000,2.387,2.389,2.387,2.388,4210.2,1644784799999,10053.5319,66,1543.9,3687.3847,0
1644784800000,2.389,2.390,2.387,2.388,6649.3,1644784859999,15882.9246,76,4585.5,10953.8474,0
1644784860000,2.388,2.391,2.388,2.390,12751.4,1644784919999,30464.1866,69,8563.0,20456.2440,0
1644784920000,2.390,2.390,2.387,2.388,11143.8,1644784979999,26621.3510,66,5400.8,12902.3398,0
1644784980000,2.388,2.389,2.387,2.388,4515.5,1644785039999,10783.7647,44,1378.4,3292.9976,0
1644785040000,2.388,2.391,2.388,2.390,7995.9,1644785099999,19105.4117,54,6105.7,14590.7922,0
1644785100000,2.390,2.391,2.389,2.391,16596.9,1644785159999,39664.1654,66,3625.5,8665.8996,0
1644785160000,2.390,2.391,2.389,2.389,2452.0,1644785219999,5861.6374,58,1359.6,3250.8036,0
1644785220000,2.390,2.390,2.388,2.389,4230.7,1644785279999,10107.3497,63,3126.3,7469.0395,0
1644785280000,2.389,2.390,2.388,2.388,4561.1,1644785339999,10896.5667,54,2222.3,5309.8699,0
1644785340000,2.389,2.390,2.388,2.388,2510.5,1644785399999,5996.8619,36,1306.0,3120.0758,0
1644785400000,2.388,2.390,2.388,2.388,4874.1,1644785459999,11643.0753,62,3088.9,7379.6236,0
1644785460000,2.388,2.390,2.388,2.390,3944.1,1644785519999,9423.3720,51,3488.8,8335.9038,0
1644785520000,2.390,2.391,2.387,2.387,12058.7,1644785579999,28824.4768,85,6052.5,14470.2830,0
1644785580000,2.387,2.388,2.386,2.387,4814.8,1644785639999,11492.9571,63,1927.3,4601.4106,0
1644785640000,2.387,2.389,2.387,2.388,1908.6,1644785699999,4557.3561,31,1228.4,2933.6989,0
1644785700000,2.388,2.389,2.387,2.388,2279.2,1644785759999,5442.8988,59,561.4,1340.8395,0
1644785760000,2.388,2.388,2.387,2.387,480.2,1644785819999,1146.4793,14,241.9,577.6572,0
1644785820000,2.387,2.388,2.387,2.387,146.7,1644785879999,350.2732,18,100.3,239.5164,0
1644785880000,2.388,2.388,2.387,2.387,712.1,1644785939999,1700.3473,35,564.6,1348.2648,0
1644785940000,2.387,2.399,2.387,2.398,69892.7,1644785999999,167387.0052,381,47952.8,114846.3933,0
1644786000000,2.399,2.399,2.390,2.390,152426.9,1644786059999,364816.7455,397,23742.9,56869.1557,0
1644786060000,2.391,2.393,2.389,2.391,106941.6,1644786119999,255677.9965,194,6196.9,14820.2350,0
1644786120000,2.391,2.399,2.391,2.399,181751.0,1644786179999,435372.5272,367,92435.0,221341.9165,0
1644786180000,2.399,2.399,2.397,2.397,29713.4,1644786239999,71254.5371,147,8303.6,19914.5369,0
1644786240000,2.398,2.400,2.396,2.397,17113.7,1644786299999,41048.3618,131,8583.7,20589.5002,0
1644786300000,2.397,2.400,2.397,2.399,16463.8,1644786359999,39476.6815,100,8573.2,20560.3813,0
1644786360000,2.399,2.399,2.397,2.397,14471.4,1644786419999,34701.4024,135,5161.8,12382.1718,0
1644786420000,2.397,2.398,2.394,2.395,15604.8,1644786479999,37375.8744,106,7563.9,18117.7190,0
1644786480000,2.396,2.397,2.395,2.396,7624.6,1644786539999,18268.0770,68,3965.3,9501.5750,0
1644786540000,2.396,2.398,2.396,2.397,17266.1,1644786599999,41396.8206,105,10401.0,24939.1902,0
1644786600000,2.398,2.400,2.397,2.398,21118.5,1644786659999,50670.5541,68,17979.3,43139.7620,0
1644786660000,2.398,2.399,2.397,2.398,11974.7,1644786719999,28707.0794,80,1662.9,3987.8594,0
1644786720000,2.398,2.399,2.394,2.395,17819.3,1644786779999,42717.8911,131,9802.7,23505.1517,0
1644786780000,2.394,2.396,2.394,2.395,17246.6,1644786839999,41315.9695,103,13775.5,33002.8280,0
1644786840000,2.394,2.395,2.393,2.394,19417.1,1644786899999,46489.1705,118,10094.9,24174.3931,0
1644786900000,2.394,2.396,2.384,2.385,219411.8,1644786959999,524361.7506,629,79064.6,188919.5493,0
1644786960000,2.385,2.388,2.385,2.387,73712.7,1644787019999,175934.6757,223,45904.2,109560.8498,0
1644787020000,2.387,2.387,2.383,2.386,53589.3,1644787079999,127783.8011,241,34380.9,81980.2437,0
1644787080000,2.386,2.386,2.382,2.383,32538.9,1644787139999,77577.3282,168,15449.2,36841.7789,0
1644787140000,2.383,2.384,2.380,2.380,18860.6,1644787199999,44932.8706,154,8394.1,20003.1358,0
1644787200000,2.380,2.384,2.380,2.384,20312.2,1644787259999,48375.7093,141,10674.7,25428.7113,0
1644787260000,2.384,2.385,2.383,2.384,20510.9,1644787319999,48902.2385,113,13298.4,31707.6427,0
1644787320000,2.384,2.385,2.383,2.385,10256.3,1644787379999,24451.5651,104,2745.2,6545.9363,0
1644787380000,2.385,2.385,2.382,2.382,11267.8,1644787439999,26855.2343,86,1213.2,2893.2326,0
1644787440000,2.383,2.384,2.382,2.384,10416.1,1644787499999,24823.7135,90,9869.4,23521.0281,0
1644787500000,2.383,2.385,2.383,2.384,10587.3,1644787559999,25234.7125,101,3444.5,8211.9438,0
1644787560000,2.384,2.384,2.380,2.381,6404.5,1644787619999,15253.1968,82,3060.7,7288.6737,0
1644787620000,2.381,2.381,2.378,2.380,51551.1,1644787679999,122655.9320,166,27291.4,64931.2238,0
1644787680000,2.380,2.382,2.380,2.381,25930.8,1644787739999,61722.3094,136,14021.6,33378.4113,0
1644787740000,2.381,2.382,2.379,2.380,18068.1,1644787799999,43004.0576,142,5298.8,12614.7481,0
1644787800000,2.380,2.385,2.380,2.382,15285.1,1644787859999,36425.6646,123,7494.8,17861.9923,0
1644787860000,2.382,2.383,2.381,2.383,13462.3,1644787919999,32067.5249,83,10710.5,25513.9620,0
1644787920000,2.382,2.383,2.380,2.381,7935.7,1644787979999,18894.5765,79,3467.2,8255.5557,0
1644787980000,2.381,2.383,2.380,2.383,3743.6,1644788039999,8914.6684,82,3494.7,8322.1091,0
1644788040000,2.382,2.383,2.382,2.383,1313.5,1644788099999,3129.7686,52,1011.6,2410.6428,0
1644788100000,2.383,2.384,2.382,2.382,5678.5,1644788159999,13531.2857,83,4288.1,10219.3529,0
1644788160000,2.382,2.383,2.379,2.380,6864.2,1644788219999,16344.6870,55,222.5,529.6568,0
1644788220000,2.379,2.382,2.379,2.381,12344.0,1644788279999,29375.8353,115,8174.0,19454.7306,0
1644788280000,2.381,2.383,2.379,2.380,13282.6,1644788339999,31629.4915,105,2139.2,5095.8849,0
1644788340000,2.379,2.381,2.379,2.381,4947.3,1644788399999,11773.2563,49,3186.9,7585.2329,0
1644788400000,2.381,2.381,2.380,2.380,328.7,1644788459999,782.3622,26,56.2,133.8122,0
1644788460000,2.381,2.383,2.380,2.383,5850.4,1644788519999,13931.0064,96,5509.4,13119.0942,0
1644788520000,2.382,2.383,2.381,2.381,2836.8,1644788579999,6757.8993,62,2490.6,5933.4955,0
1644788580000,2.381,2.384,2.381,2.383,21142.3,1644788639999,50390.3234,94,9599.9,22874.7246,0
1644788640000,2.382,2.384,2.382,2.384,6306.2,1644788699999,15027.8155,82,5251.2,12513.9620,0
1644788700000,2.384,2.385,2.382,2.384,4591.1,1644788759999,10941.9098,70,684.6,1631.8554,0
1644788760000,2.385,2.386,2.384,2.386,3152.9,1644788819999,7520.5488,57,2258.3,5386.9353,0
1644788820000,2.385,2.385,2.382,2.382,16703.0,1644788879999,39812.5952,116,685.7,1635.3493,0
1644788880000,2.382,2.383,2.381,2.382,8025.4,1644788939999,19119.9463,87,4442.9,10586.4133,0
1644788940000,2.382,2.383,2.381,2.381,3990.1,1644788999999,9504.4259,60,2277.1,5424.1970,0
1644789000000,2.382,2.382,2.380,2.381,4113.4,1644789059999,9795.2256,69,2582.4,6150.0745,0
1644789060000,2.382,2.383,2.382,2.383,1669.3,1644789119999,3977.7846,32,1616.4,3851.7768,0
1644789120000,2.383,2.383,2.381,2.381,13593.1,1644789179999,32378.1595,80,3661.3,8721.5115,0
1644789180000,2.380,2.382,2.380,2.382,4455.7,1644789239999,10606.9935,68,1020.1,2429.2025,0
1644789240000,2.381,2.383,2.380,2.383,6186.4,1644789299999,14736.7211,63,5218.2,12431.0030,0
1644789300000,2.383,2.384,2.382,2.382,25306.1,1644789359999,60318.8038,78,309.4,737.4719,0
1644789360000,2.382,2.382,2.379,2.379,4961.3,1644789419999,11809.7559,72,1920.0,4570.4251,0
1644789420000,2.379,2.381,2.379,2.379,20863.9,1644789479999,49658.6845,72,14367.1,34196.6185,0
1644789480000,2.379,2.380,2.377,2.379,57153.8,1644789539999,135893.8938,139,13536.6,32190.1674,0
1644789540000,2.380,2.380,2.378,2.378,23159.1,1644789599999,55095.7515,76,7068.3,16815.8859,0
1644789600000,2.379,2.388,2.379,2.385,163243.2,1644789659999,389186.9670,367,129848.2,309575.2190,0
1644789660000,2.386,2.390,2.386,2.388,116739.0,1644789719999,278805.1398,243,104341.0,249207.2664,0
1644789720000,2.388,2.390,2.387,2.388,26401.0,1644789779999,63071.8133,106,16431.7,39263.2786,0
1644789780000,2.389,2.389,2.386,2.387,10581.0,1644789839999,25260.3360,105,6194.4,14788.3057,0
1644789840000,2.387,2.390,2.387,2.390,11866.6,1644789899999,28353.3563,130,10935.2,26128.3363,0
1644789900000,2.389,2.391,2.389,2.390,15782.7,1644789959999,37721.7372,99,10109.4,24164.6489,0
1644789960000,2.391,2.391,2.389,2.391,15428.9,1644790019999,36875.8739,83,6748.0,16132.4816,0
1644790020000,2.391,2.392,2.390,2.391,5971.4,1644790079999,14275.8936,91,3371.9,8062.2757,0
1644790080000,2.390,2.390,2.387,2.388,17870.1,1644790139999,42670.8079,58,1183.9,2827.3441,0
1644790140000,2.387,2.390,2.387,2.389,14853.3,1644790199999,35473.0039,93,13245.0,31630.9750,0
1644790200000,2.389,2.390,2.388,2.388,774.0,1644790259999,1848.6658,26,286.3,683.9916,0
1644790260000,2.388,2.391,2.386,2.391,14179.8,1644790319999,33857.6447,120,4172.6,9962.3675,0
1644790320000,2.390,2.391,2.389,2.390,4229.8,1644790379999,10109.0467,62,2217.3,5299.6409,0
1644790380000,2.390,2.390,2.388,2.390,4404.5,1644790439999,10522.4413,44,1734.7,4144.6313,0
1644790440000,2.390,2.392,2.390,2.391,10341.3,1644790499999,24725.4379,70,3534.8,8451.1465,0
1644790500000,2.390,2.391,2.390,2.390,6884.2,1644790559999,16458.6935,47,5455.5,13044.1005,0
1644790560000,2.390,2.392,2.390,2.392,10244.8,1644790619999,24496.1064,76,7514.4,17967.7796,0
1644790620000,2.391,2.393,2.391,2.392,11652.6,1644790679999,27876.8952,107,7172.1,17161.0832,0
1644790680000,2.393,2.397,2.393,2.395,31231.3,1644790739999,74809.8622,206,22759.9,54520.4614,0
1644790740000,2.395,2.397,2.395,2.396,3834.1,1644790799999,9187.9254,39,1691.7,4054.7430,0
1644790800000,2.397,2.398,2.396,2.397,20153.2,1644790859999,48321.7654,62,17492.6,41946.2259,0
1644790860000,2.398,2.398,2.396,2.396,16864.6,1644790919999,40416.4336,71,765.9,1836.1787,0
1644790920000,2.397,2.399,2.396,2.397,8490.8,1644790979999,20356.3046,93,5838.7,13997.2990,0
1644790980000,2.398,2.398,2.396,2.398,14598.0,1644791039999,34991.7575,96,3395.0,8141.2100,0
1644791040000,2.398,2.399,2.398,2.398,26015.0,1644791099999,62408.5534,60,25731.5,61728.7204,0
1644791100000,2.399,2.402,2.399,2.400,28771.5,1644791159999,69052.7348,178,24824.1,59578.1325,0
1644791160000,2.400,2.402,2.400,2.401,9710.7,1644791219999,23309.3814,77,2366.3,5681.7225,0
1644791220000,2.402,2.402,2.401,2.402,11216.6,1644791279999,26937.2049,56,4576.4,10992.5128,0
1644791280000,2.402,2.402,2.401,2.401,42249.8,1644791339999,101458.8953,87,12064.6,28979.1692,0
1644791340000,2.402,2.402,2.401,2.401,1104.5,1644791399999,2652.8635,18,959.0,2303.5180,0
1644791400000,2.402,2.402,2.400,2.401,23090.6,1644791459999,55429.4091,54,1049.7,2520.4606,0
1644791460000,2.401,2.401,2.399,2.399,22642.9,1644791519999,54348.8136,115,11813.6,28361.1020,0
1644791520000,2.399,2.400,2.399,2.399,272.4,1644791579999,653.5348,20,47.2,113.2800,0
1644791580000,2.399,2.400,2.398,2.399,8709.1,1644791639999,20892.5103,56,53.8,129.1200,0
1644791640000,2.399,2.401,2.399,2.399,28369.7,1644791699999,68094.7667,103,24572.5,58985.2839,0
1644791700000,2.399,2.400,2.399,2.399,2284.7,1644791759999,5481.5044,26,509.1,1221.8400,0
1644791760000,2.399,2.400,2.398,2.398,7756.0,1644791819999,18604.5133,72,538.3,1291.4592,0
1644791820000,2.398,2.399,2.398,2.399,3201.0,1644791879999,7678.2704,49,2272.4,5451.4876,0
1644791880000,2.398,2.400,2.398,2.400,4581.9,1644791939999,10993.0589,76,4211.0,10103.5262,0
1644791940000,2.400,2.401,2.399,2.400,9481.3,1644791999999,22754.3552,71,7630.1,18313.3264,0
1644792000000,2.400,2.400,2.399,2.399,544.6,1644792059999,1306.6090,20,113.6,272.6400,0
1644792060000,2.399,2.400,2.399,2.400,1648.0,1644792119999,3953.8453,15,293.3,703.9200,0
1644792120000,2.400,2.400,2.399,2.399,2636.5,1644792179999,6325.2288,19,265.3,636.7200,0
1644792180000,2.400,2.400,2.399,2.399,830.3,1644792239999,1992.2489,22,359.2,862.0800,0
1644792240000,2.400,2.400,2.399,2.400,1643.3,1644792299999,3942.4341,44,157.4,377.7600,0
1644792300000,2.399,2.400,2.399,2.399,5508.7,1644792359999,13219.0263,41,3655.0,8772.0000,0
1644792360000,2.399,2.400,2.399,2.399,5789.8,1644792419999,13889.8564,142,126.2,302.8800,0
1644792420000,2.399,2.400,2.399,2.400,1600.4,1644792479999,3839.3977,40,38.1,91.4400,0
1644792480000,2.400,2.400,2.399,2.400,2963.4,1644792539999,7111.7582,41,2561.6,6147.8400,0
1644792540000,2.400,2.400,2.399,2.399,8385.8,1644792599999,20118.1247,137,590.5,1417.2000,0
1644792600000,2.399,2.400,2.399,2.400,1551.9,1644792659999,3724.4500,22,1441.9,3460.5600,0
1644792660000,2.399,2.401,2.399,2.401,4447.2,1644792719999,10672.0175,53,2765.2,6636.7793,0
1644792720000,2.401,2.401,2.400,2.401,7348.7,1644792779999,17641.3716,62,4491.6,10784.3316,0
1644792780000,2.401,2.404,2.400,2.400,58175.3,1644792839999,139747.4022,251,20382.9,48965.8009,0
1644792840000,2.400,2.400,2.394,2.394,23274.2,1644792899999,55777.4094,174,5580.1,13376.5104,0
1644792900000,2.394,2.395,2.392,2.392,12581.7,1644792959999,30110.0490,118,3581.8,8572.8917,0
1644792960000,2.392,2.395,2.392,2.395,2418.6,1644793019999,5788.8337,46,1570.3,3758.6755,0
1644793020000,2.395,2.396,2.394,2.395,10261.7,1644793079999,24582.0050,55,9579.8,22948.9720,0
1644793080000,2.396,2.402,2.396,2.402,33383.6,1644793139999,80109.5353,131,30596.1,73422.2682,0
1644793140000,2.402,2.402,2.399,2.399,18267.2,1644793199999,43844.3994,183,1102.5,2647.2936,0
1644793200000,2.399,2.399,2.393,2.394,121882.1,1644793259999,291887.1370,327,16016.5,38380.0611,0
1644793260000,2.394,2.395,2.389,2.392,89184.9,1644793319999,213236.5864,266,12191.2,29151.7450,0
1644793320000,2.392,2.393,2.390,2.390,24776.9,1644793379999,59254.8470,241,13237.5,31665.7837,0
1644793380000,2.390,2.393,2.390,2.390,15049.8,1644793439999,35988.9809,149,3373.7,8069.8064,0
1644793440000,2.390,2.390,2.385,2.387,30837.1,1644793499999,73631.3504,244,10734.6,25630.2697,0
1644793500000,2.387,2.387,2.382,2.383,30258.2,1644793559999,72138.0887,270,6271.0,14952.1113,0
1644793560000,2.383,2.383,2.378,2.379,108557.0,1644793619999,258336.7751,426,46658.2,111057.2268,0
1644793620000,2.379,2.381,2.378,2.379,34243.6,1644793679999,81472.1415,140,27535.9,65512.0863,0
1644793680000,2.379,2.379,2.374,2.377,115446.2,1644793739999,274346.6088,364,73372.7,174372.0506,0
1644793740000,2.378,2.380,2.378,2.379,17716.6,1644793799999,42138.7331,107,7904.2,18799.9771,0
1644793800000,2.378,2.379,2.376,2.377,30715.6,1644793859999,73041.9572,183,12170.9,28949.9371,0
1644793860000,2.378,2.378,2.375,2.375,13583.5,1644793919999,32277.3730,160,2385.1,5668.6192,0
1644793920000,2.375,2.379,2.375,2.379,18398.5,1644793979999,43728.4662,167,7701.5,18303.9311,0
1644793980000,2.379,2.381,2.378,2.380,24606.5,1644794039999,58557.6346,105,17806.8,42378.5805,0
1644794040000,2.380,2.383,2.379,2.380,14738.5,1644794099999,35095.8735,131,2145.4,5108.2250,0
1644794100000,2.380,2.385,2.380,2.385,29956.5,1644794159999,71363.1942,161,10015.5,23865.3127,0
1644794160000,2.385,2.389,2.384,2.388,57376.4,1644794219999,136926.6705,213,33636.3,80267.4154,0
1644794220000,2.389,2.392,2.389,2.392,46696.8,1644794279999,111602.7518,176,33131.9,79185.7417,0
1644794280000,2.393,2.393,2.390,2.390,4981.8,1644794339999,11912.8911,86,718.1,1718.0594,0
1644794340000,2.391,2.392,2.388,2.390,23374.7,1644794399999,55850.8615,143,2523.8,6033.1898,0
1644794400000,2.391,2.393,2.388,2.389,7827.4,1644794459999,18707.3740,116,4567.7,10918.7151,0
1644794460000,2.388,2.390,2.386,2.386,10801.8,1644794519999,25800.9048,83,666.4,1592.0265,0
1644794520000,2.386,2.387,2.382,2.384,15865.6,1644794579999,37834.0422,122,6097.7,14539.2287,0
1644794580000,2.384,2.384,2.381,2.381,7966.0,1644794639999,18981.5111,73,4593.7,10945.9326,0
1644794640000,2.381,2.381,2.376,2.377,37175.8,1644794699999,88451.6375,161,11917.7,28356.6704,0
1644794700000,2.377,2.379,2.375,2.376,64951.1,1644794759999,154346.9926,195,23074.7,54869.4012,0
1644794760000,2.376,2.379,2.376,2.377,13900.0,1644794819999,33043.3451,91,10142.1,24108.2773,0
1644794820000,2.377,2.382,2.377,2.382,26390.7,1644794879999,62822.9383,105,12168.7,28964.0836,0
1644794880000,2.381,2.382,2.378,2.381,14499.1,1644794939999,34506.7475,117,6267.2,14911.7165,0
1644794940000,2.382,2.382,2.381,2.382,4287.5,1644794999999,10210.6125,28,2075.0,4942.6500,0
1644795000000,2.381,2.383,2.381,2.382,6997.0,1644795059999,16667.9028,57,2832.4,6748.6757,0
1644795060000,2.382,2.383,2.380,2.383,11158.9,1644795119999,26575.7301,107,1958.0,4664.2407,0
1644795120000,2.382,2.383,2.378,2.379,14055.9,1644795179999,33464.2544,108,3275.7,7798.9758,0
1644795180000,2.378,2.379,2.377,2.377,9059.2,1644795239999,21539.8936,67,4508.3,10719.8289,0
1644795240000,2.377,2.378,2.375,2.375,17331.3,1644795299999,41179.1628,73,831.0,1974.4804,0
1644795300000,2.375,2.378,2.375,2.377,5641.4,1644795359999,13408.0151,72,3289.6,7818.4307,0
1644795360000,2.377,2.379,2.376,2.377,5719.4,1644795419999,13594.6980,86,1649.6,3921.4790,0
1644795420000,2.378,2.378,2.375,2.375,6027.9,1644795479999,14324.2127,47,1151.4,2736.9464,0
1644795480000,2.376,2.377,2.375,2.376,15289.4,1644795539999,36333.6794,93,11107.2,26398.6453,0
1644795540000,2.377,2.381,2.377,2.381,12367.6,1644795599999,29420.8846,71,11256.1,26777.9720,0
1644795600000,2.380,2.380,2.376,2.377,34179.0,1644795659999,81268.0066,131,14806.8,35205.2057,0
1644795660000,2.377,2.377,2.375,2.377,13266.4,1644795719999,31522.7655,77,8092.2,19228.6142,0
1644795720000,2.377,2.379,2.376,2.378,10451.0,1644795779999,24851.3833,83,8003.5,19032.0185,0
1644795780000,2.378,2.378,2.375,2.377,9060.5,1644795839999,21530.4417,72,6639.9,15778.2787,0
1644795840000,2.377,2.381,2.377,2.381,19959.6,1644795899999,47477.6770,95,14580.6,34685.8241,0
1644795900000,2.381,2.385,2.379,2.384,35713.8,1644795959999,85071.6990,175,9782.5,23295.5992,0
1644795960000,2.383,2.385,2.381,2.383,38055.6,1644796019999,90690.9545,146,7084.8,16890.8430,0
1644796020000,2.383,2.386,2.382,2.384,3074.0,1644796079999,7326.7063,48,2574.0,6135.1087,0
1644796080000,2.384,2.386,2.384,2.385,12733.1,1644796139999,30372.3220,118,7470.7,17822.5276,0
1644796140000,2.385,2.387,2.384,2.386,13262.2,1644796199999,31644.9607,81,6485.8,15478.1050,0
1644796200000,2.386,2.387,2.384,2.386,11628.5,1644796259999,27741.3458,73,9393.8,22412.5774,0
1644796260000,2.386,2.387,2.385,2.385,7291.9,1644796319999,17398.4941,69,1965.6,4690.0642,0
1644796320000,2.385,2.388,2.385,2.387,14175.4,1644796379999,33834.3731,110,8121.5,19390.4908,0
1644796380000,2.387,2.389,2.387,2.388,4582.1,1644796439999,10941.0346,69,3824.0,9130.7370,0
1644796440000,2.388,2.390,2.387,2.388,20489.9,1644796499999,48948.2436,130,4693.4,11213.8394,0
1644796500000,2.388,2.390,2.387,2.388,25063.4,1644796559999,59870.7510,113,13022.4,31110.4992,0
1644796560000,2.388,2.389,2.387,2.387,6330.4,1644796619999,15113.1835,55,2094.1,5000.8609,0
1644796620000,2.387,2.388,2.384,2.385,12201.9,1644796679999,29100.8211,96,3505.4,8360.4937,0
1644796680000,2.384,2.384,2.377,2.377,82483.1,1644796739999,196453.0895,246,27331.7,65091.1859,0
1644796740000,2.377,2.378,2.376,2.377,37815.2,1644796799999,89891.8049,144,25768.0,61256.6557,0
