1646179200000,0.7994,0.8011,0.7990,0.7991,55988.5,1646179259999,44801.99392,161,35008.2,28017.04617,0
1646179260000,0.7991,0.7993,0.7962,0.7962,28947.3,1646179319999,23084.91316,126,17559.3,13998.59750,0
1646179320000,0.7962,0.7980,0.7949,0.7980,74655.2,1646179379999,59416.24119,238,44769.6,35630.56816,0
1646179380000,0.7981,0.7992,0.7978,0.7987,32397.5,1646179439999,25866.04646,106,4749.0,3792.38100,0
1646179440000,0.7987,0.8011,0.7987,0.8004,29835.1,1646179499999,23878.03748,120,13263.3,10613.46372,0
1646179500000,0.8007,0.8024,0.8001,0.8001,19587.3,1646179559999,15696.80008,107,6575.2,5268.09558,0
1646179560000,0.7999,0.8003,0.7979,0.7981,15042.9,1646179619999,12010.94925,64,3179.9,2542.14847,0
1646179620000,0.7982,0.7982,0.7966,0.7971,9318.7,1646179679999,7428.31177,79,1764.7,1406.65331,0
1646179680000,0.7971,0.7974,0.7954,0.7956,20756.4,1646179739999,16532.59656,69,465.8,371.27978,0
1646179740000,0.7955,0.7957,0.7939,0.7948,43602.2,1646179799999,34651.21974,103,17532.4,13942.34404,0
1646179800000,0.7950,0.7978,0.7950,0.7966,47933.4,1646179859999,38197.92342,117,36363.4,28979.75532,0
1646179860000,0.7967,0.7979,0.7964,0.7979,3793.0,1646179919999,3022.68410,32,1927.9,1536.96478,0
1646179920000,0.7978,0.7979,0.7957,0.7962,9276.1,1646179979999,7395.18276,63,1816.8,1448.72041,0
1646179980000,0.7959,0.7971,0.7959,0.7967,5207.5,1646180039999,4149.28179,38,3026.8,2411.60623,0
1646180040000,0.7968,0.7982,0.7968,0.7977,20311.9,1646180099999,16197.10924,108,8726.3,6956.71846,0
1646180100000,0.7977,0.7979,0.7964,0.7970,5531.7,1646180159999,4410.65977,46,3975.8,3170.42375,0
1646180160000,0.7971,0.7971,0.7952,0.7962,10013.1,1646180219999,7971.33446,73,4991.2,3973.62195,0
1646180220000,0.7960,0.7960,0.7936,0.7941,29461.3,1646180279999,23403.23920,101,3346.9,2659.31561,0
1646180280000,0.7940,0.7950,0.7938,0.7945,1993.5,1646180339999,1583.75844,40,1322.2,1050.32995,0
1646180340000,0.7944,0.7959,0.7943,0.7947,27889.6,1646180399999,22161.97389,88,5146.3,4091.23102,0
1646180400000,0.7945,0.7953,0.7929,0.7931,9467.9,1646180459999,7518.71530,89,1841.8,1462.39224,0
1646180460000,0.7931,0.7946,0.7927,0.7938,19088.0,1646180519999,15158.04973,63,16765.0,13314.92179,0
1646180520000,0.7939,0.7943,0.7930,0.7930,7173.4,1646180579999,5694.28850,42,1534.6,1218.36444,0
1646180580000,0.7929,0.7930,0.7900,0.7907,28972.4,1646180639999,22937.17431,127,3013.7,2387.50948,0
1646180640000,0.7903,0.7903,0.7860,0.7860,50334.5,1646180699999,39655.55685,185,8403.0,6627.38921,0
1646180700000,0.7862,0.7864,0.7824,0.7828,142081.9,1646180759999,111367.45869,340,36166.4,28378.17480,0
1646180760000,0.7830,0.7856,0.7817,0.7854,46728.3,1646180819999,36602.44068,206,22569.2,17698.81107,0
1646180820000,0.7852,0.7852,0.7832,0.7847,24167.6,1646180879999,18947.37416,96,17299.6,13561.74070,0
1646180880000,0.7847,0.7850,0.7827,0.7827,31502.9,1646180939999,24699.43946,91,14095.1,11052.54909,0
1646180940000,0.7829,0.7840,0.7827,0.7839,16193.6,1646180999999,12682.25158,73,6508.3,5098.36320,0
1646181000000,0.7841,0.7842,0.7810,0.7817,27108.1,1646181059999,21196.22650,119,10432.5,8156.29323,0
1646181060000,0.7818,0.7824,0.7797,0.7801,34744.1,1646181119999,27150.52589,152,19836.0,15502.84244,0
1646181120000,0.7799,0.7833,0.7799,0.7833,26881.7,1646181179999,21004.94473,106,21856.1,17076.02245,0
1646181180000,0.7835,0.7837,0.7810,0.7813,26206.2,1646181239999,20509.21016,107,9616.4,7524.35107,0
1646181240000,0.7811,0.7811,0.7787,0.7791,22414.2,1646181299999,17470.24647,121,6129.1,4779.67991,0
1646181300000,0.7792,0.7807,0.7786,0.7786,14262.7,1646181359999,11121.27143,106,8379.5,6534.92504,0
1646181360000,0.7786,0.7797,0.7779,0.7789,19441.8,1646181419999,15143.86273,122,12050.1,9386.89219,0
1646181420000,0.7789,0.7812,0.7789,0.7802,33048.2,1646181479999,25770.99135,122,14955.2,11658.52135,0
1646181480000,0.7804,0.7836,0.7804,0.7831,22816.5,1646181539999,17845.23689,97,15136.6,11833.89911,0
1646181540000,0.7828,0.7854,0.7828,0.7852,14360.0,1646181599999,11267.02434,77,7442.1,5836.18057,0
1646181600000,0.7852,0.7852,0.7838,0.7848,9429.3,1646181659999,7395.53951,69,4343.3,3405.69947,0
1646181660000,0.7846,0.7850,0.7840,0.7840,4316.5,1646181719999,3385.69770,38,2144.7,1682.05777,0
1646181720000,0.7843,0.7854,0.7843,0.7846,3473.0,1646181779999,2724.79275,21,2317.7,1818.07024,0
1646181780000,0.7845,0.7860,0.7845,0.7860,15916.0,1646181839999,12500.22727,53,11699.5,9188.62444,0
1646181840000,0.7860,0.7867,0.7850,0.7854,9289.8,1646181899999,7300.16283,54,3264.6,2566.04048,0
1646181900000,0.7853,0.7879,0.7853,0.7871,4459.0,1646181959999,3509.60862,42,2800.5,2203.61484,0
1646181960000,0.7871,0.7884,0.7868,0.7868,14567.8,1646182019999,11472.24746,69,8973.0,7067.05792,0
1646182020000,0.7870,0.7878,0.7865,0.7865,7668.7,1646182079999,6036.30665,35,3533.1,2781.80996,0
1646182080000,0.7865,0.7877,0.7863,0.7873,3608.6,1646182139999,2840.28620,29,2211.0,1740.21917,0
1646182140000,0.7874,0.7883,0.7870,0.7875,10811.9,1646182199999,8514.04702,47,7099.4,5590.39664,0
1646182200000,0.7876,0.7876,0.7863,0.7863,7969.7,1646182259999,6272.90885,39,3353.5,2640.43510,0
1646182260000,0.7863,0.7864,0.7847,0.7848,11758.3,1646182319999,9235.36017,48,4470.0,3513.64930,0
1646182320000,0.7848,0.7856,0.7848,0.7853,4525.4,1646182379999,3553.29221,33,2070.2,1624.95326,0
1646182380000,0.7850,0.7877,0.7849,0.7873,7387.7,1646182439999,5808.98659,48,5809.6,4568.09870,0
1646182440000,0.7872,0.7878,0.7867,0.7875,5024.8,1646182499999,3955.43106,48,3460.9,2724.71183,0
1646182500000,0.7877,0.7882,0.7857,0.7873,30521.8,1646182559999,24026.13559,74,25285.8,19903.98422,0
1646182560000,0.7872,0.7882,0.7867,0.7881,6096.7,1646182619999,4802.54236,44,4959.3,3906.95295,0
1646182620000,0.7878,0.7887,0.7878,0.7885,6709.3,1646182679999,5288.04495,44,4213.0,3320.67139,0
1646182680000,0.7884,0.7891,0.7884,0.7887,6537.7,1646182739999,5155.43082,53,3537.1,2788.98395,0
1646182740000,0.7889,0.7899,0.7886,0.7899,8037.7,1646182799999,6341.32872,31,2851.2,2249.78387,0
1646182800000,0.7900,0.7906,0.7890,0.7899,26767.0,1646182859999,21151.25996,103,21234.1,16781.25223,0
1646182860000,0.7900,0.7900,0.7882,0.7885,10332.1,1646182919999,8153.88893,81,3657.9,2885.56304,0
1646182920000,0.7883,0.7893,0.7880,0.7893,15542.8,1646182979999,12250.89269,75,9144.7,7208.00486,0
1646182980000,0.7896,0.7929,0.7896,0.7922,14678.0,1646183039999,11625.31284,110,9753.5,7723.12249,0
1646183040000,0.7921,0.7925,0.7907,0.7917,11777.0,1646183099999,9321.49060,84,5491.5,4346.99742,0
1646183100000,0.7917,0.7917,0.7903,0.7909,30967.3,1646183159999,24485.83125,84,6544.2,5174.61431,0
1646183160000,0.7909,0.7926,0.7908,0.7915,7723.2,1646183219999,6113.88093,57,5200.5,4116.34248,0
1646183220000,0.7913,0.7932,0.7913,0.7928,4054.4,1646183279999,3213.15784,49,2173.7,1722.49043,0
1646183280000,0.7928,0.7933,0.7921,0.7929,13040.5,1646183339999,10338.06728,85,6249.3,4954.79796,0
1646183340000,0.7928,0.7929,0.7921,0.7923,3228.9,1646183399999,2559.16161,39,1857.5,1472.21957,0
1646183400000,0.7922,0.7924,0.7914,0.7918,12863.7,1646183459999,10189.96271,59,7515.3,5954.52235,0
1646183460000,0.7918,0.7924,0.7918,0.7924,2602.3,1646183519999,2061.53381,28,2014.8,1596.03676,0
1646183520000,0.7924,0.7924,0.7908,0.7908,6667.9,1646183579999,5278.33343,76,3247.5,2570.99116,0
1646183580000,0.7908,0.7915,0.7906,0.7911,4938.3,1646183639999,3905.44118,41,2406.2,1902.78321,0
1646183640000,0.7912,0.7913,0.7901,0.7907,8014.7,1646183699999,6336.28268,42,1853.3,1465.15874,0
1646183700000,0.7907,0.7915,0.7884,0.7890,11948.3,1646183759999,9431.47481,75,6978.3,5508.31920,0
1646183760000,0.7893,0.7893,0.7876,0.7879,9943.4,1646183819999,7838.75464,92,5037.8,3972.05671,0
1646183820000,0.7880,0.7891,0.7872,0.7882,4975.1,1646183879999,3921.81955,54,3468.6,2734.73267,0
1646183880000,0.7884,0.7884,0.7860,0.7866,14694.5,1646183939999,11566.89768,71,3956.0,3113.15221,0
1646183940000,0.7864,0.7867,0.7846,0.7846,9127.2,1646183999999,7169.03951,67,3744.0,2941.43629,0
1646184000000,0.7848,0.7848,0.7813,0.7818,31237.4,1646184059999,24431.95032,119,23443.5,18332.58922,0
1646184060000,0.7813,0.7814,0.7800,0.7801,12151.8,1646184119999,9486.34383,64,4529.0,3536.40920,0
1646184120000,0.7802,0.7814,0.7787,0.7807,37339.8,1646184179999,29122.55745,113,15257.5,11903.27777,0
1646184180000,0.7808,0.7837,0.7808,0.7823,12674.7,1646184239999,9910.93861,63,10302.4,8054.40109,0
1646184240000,0.7823,0.7840,0.7823,0.7825,6864.8,1646184299999,5375.91719,48,3902.4,3055.00040,0
1646184300000,0.7823,0.7823,0.7808,0.7812,17374.5,1646184359999,13581.14578,66,5623.0,4394.28108,0
1646184360000,0.7812,0.7830,0.7809,0.7821,9694.2,1646184419999,7583.22461,72,6319.1,4944.84139,0
1646184420000,0.7819,0.7819,0.7804,0.7815,10684.1,1646184479999,8347.39730,88,5846.2,4567.73130,0
1646184480000,0.7815,0.7821,0.7815,0.7818,6186.1,1646184539999,4836.77338,46,2785.8,2177.84119,0
1646184540000,0.7815,0.7815,0.7801,0.7815,12857.8,1646184599999,10041.77630,77,6651.8,5194.18326,0
1646184600000,0.7819,0.7830,0.7804,0.7807,18952.1,1646184659999,14817.23724,100,10586.5,8282.39973,0
1646184660000,0.7806,0.7831,0.7800,0.7831,10876.5,1646184719999,8495.26421,74,7005.0,5471.02731,0
1646184720000,0.7831,0.7845,0.7826,0.7839,5243.1,1646184779999,4107.62768,53,2940.1,2303.15140,0
1646184780000,0.7839,0.7862,0.7838,0.7852,16249.9,1646184839999,12756.41523,89,10825.3,8495.75238,0
1646184840000,0.7853,0.7865,0.7853,0.7859,4836.3,1646184899999,3800.61928,46,3572.9,2807.18418,0
1646184900000,0.7859,0.7861,0.7847,0.7847,3811.6,1646184959999,2994.43060,46,985.3,774.25865,0
1646184960000,0.7848,0.7871,0.7845,0.7861,11845.6,1646185019999,9308.47245,67,7904.7,6210.05394,0
1646185020000,0.7861,0.7863,0.7853,0.7858,3418.5,1646185079999,2687.02950,31,1996.6,1569.39250,0
1646185080000,0.7860,0.7861,0.7849,0.7852,6010.6,1646185139999,4721.68698,33,2690.5,2114.60777,0
1646185140000,0.7853,0.7853,0.7831,0.7835,9463.6,1646185199999,7419.18544,44,3594.3,2815.63361,0
1646185200000,0.7841,0.7845,0.7827,0.7828,7937.3,1646185259999,6221.84693,40,4236.9,3322.25036,0
1646185260000,0.7829,0.7829,0.7818,0.7822,8286.2,1646185319999,6483.65362,59,5673.2,4439.73913,0
1646185320000,0.7819,0.7831,0.7817,0.7831,4496.1,1646185379999,3516.99859,27,3931.0,3075.14154,0
1646185380000,0.7830,0.7841,0.7830,0.7833,8245.2,1646185439999,6458.74288,44,5945.5,4657.13856,0
1646185440000,0.7833,0.7833,0.7823,0.7829,3220.3,1646185499999,2520.44195,35,2235.6,1749.79517,0
1646185500000,0.7830,0.7832,0.7811,0.7825,10922.7,1646185559999,8545.97935,63,6738.5,5271.59021,0
1646185560000,0.7833,0.7855,0.7833,0.7855,12888.8,1646185619999,10108.02270,94,10229.6,8023.07489,0
1646185620000,0.7852,0.7858,0.7846,0.7853,7544.5,1646185679999,5923.06363,59,2931.6,2301.74500,0
1646185680000,0.7851,0.7851,0.7842,0.7849,5794.8,1646185739999,4547.36660,52,1695.8,1330.83579,0
1646185740000,0.7848,0.7848,0.7828,0.7842,9767.1,1646185799999,7655.75604,44,4722.3,3700.46561,0
1646185800000,0.7838,0.7847,0.7828,0.7847,8897.0,1646185859999,6976.03859,59,4638.2,3637.46191,0
1646185860000,0.7848,0.7851,0.7844,0.7846,12031.5,1646185919999,9442.35842,64,6730.2,5282.54567,0
1646185920000,0.7845,0.7848,0.7836,0.7837,11637.1,1646185979999,9123.63690,93,2201.9,1726.02755,0
1646185980000,0.7836,0.7857,0.7836,0.7849,13305.7,1646186039999,10439.74927,87,7955.2,6239.33543,0
1646186040000,0.7854,0.7859,0.7853,0.7855,4109.6,1646186099999,3228.40254,56,2296.5,1803.97308,0
1646186100000,0.7854,0.7858,0.7848,0.7849,6388.8,1646186159999,5016.51847,78,1433.6,1125.66832,0
1646186160000,0.7854,0.7858,0.7852,0.7857,4069.9,1646186219999,3196.31548,47,3236.6,2541.74439,0
1646186220000,0.7854,0.7861,0.7852,0.7858,4473.8,1646186279999,3514.12479,39,2494.8,1959.57984,0
1646186280000,0.7857,0.7862,0.7853,0.7855,7137.4,1646186339999,5607.75878,59,3367.8,2646.01562,0
1646186340000,0.7855,0.7866,0.7855,0.7860,12032.4,1646186399999,9457.52990,55,2301.6,1808.46441,0
1646186400000,0.7858,0.7858,0.7838,0.7838,17131.2,1646186459999,13443.28024,116,3866.5,3034.46775,0
1646186460000,0.7839,0.7849,0.7835,0.7835,16136.9,1646186519999,12656.77473,107,9810.9,7696.28039,0
1646186520000,0.7831,0.7835,0.7818,0.7819,26714.6,1646186579999,20912.70074,116,10927.5,8558.42329,0
1646186580000,0.7819,0.7855,0.7819,0.7847,44069.9,1646186639999,34553.36268,146,29472.8,23105.26552,0
1646186640000,0.7846,0.7856,0.7846,0.7852,6210.9,1646186699999,4875.03705,53,5327.2,4181.33744,0
1646186700000,0.7852,0.7864,0.7852,0.7864,8516.6,1646186759999,6692.21313,45,7440.1,5846.14181,0
1646186760000,0.7863,0.7872,0.7859,0.7859,8917.5,1646186819999,7015.04906,52,1913.8,1506.33076,0
1646186820000,0.7860,0.7865,0.7857,0.7862,5670.7,1646186879999,4456.58474,32,3163.1,2485.72438,0
1646186880000,0.7864,0.7866,0.7855,0.7862,10229.5,1646186939999,8042.48429,40,4106.7,3228.73175,0
1646186940000,0.7859,0.7861,0.7854,0.7856,11655.0,1646186999999,9157.08612,45,1708.0,1341.84189,0
1646187000000,0.7852,0.7866,0.7840,0.7866,19193.9,1646187059999,15061.72528,75,5571.4,4376.72976,0
1646187060000,0.7865,0.7870,0.7862,0.7862,12560.0,1646187119999,9877.80051,46,4199.6,3302.70410,0
1646187120000,0.7862,0.7869,0.7862,0.7869,5919.8,1646187179999,4655.82112,28,5060.7,3980.19117,0
1646187180000,0.7869,0.7869,0.7858,0.7864,10101.8,1646187239999,7941.49069,46,4580.8,3600.61399,0
1646187240000,0.7863,0.7873,0.7856,0.7871,12823.4,1646187299999,10088.67226,54,4917.8,3868.99725,0
1646187300000,0.7871,0.7874,0.7849,0.7849,6367.0,1646187359999,5005.30247,67,1291.2,1015.93545,0
1646187360000,0.7848,0.7849,0.7838,0.7838,20792.1,1646187419999,16310.17387,135,9570.4,7506.97657,0
1646187420000,0.7839,0.7846,0.7834,0.7834,7206.8,1646187479999,5651.05406,72,1777.3,1393.28217,0
1646187480000,0.7835,0.7838,0.7828,0.7832,13553.8,1646187539999,10618.22785,78,6227.8,4880.32579,0
1646187540000,0.7832,0.7842,0.7827,0.7842,10038.3,1646187599999,7866.12884,94,5514.0,4321.26261,0
1646187600000,0.7843,0.7843,0.7826,0.7835,9706.2,1646187659999,7602.57411,78,6200.8,4856.30555,0
1646187660000,0.7837,0.7839,0.7830,0.7831,8876.6,1646187719999,6953.78600,47,7170.3,5616.96259,0
1646187720000,0.7831,0.7841,0.7829,0.7829,10837.5,1646187779999,8491.11529,46,7527.8,5897.46372,0
1646187780000,0.7831,0.7842,0.7830,0.7840,8120.6,1646187839999,6363.74634,36,5153.6,4038.06459,0
1646187840000,0.7839,0.7852,0.7837,0.7845,9176.7,1646187899999,7197.83432,61,6676.4,5236.72255,0
1646187900000,0.7845,0.7851,0.7841,0.7841,10031.5,1646187959999,7873.49968,73,3198.0,2510.07738,0
1646187960000,0.7840,0.7849,0.7836,0.7843,11213.8,1646188019999,8793.63646,78,5056.4,3965.54485,0
1646188020000,0.7842,0.7858,0.7841,0.7857,7131.0,1646188079999,5598.40619,52,5089.9,3995.77266,0
1646188080000,0.7857,0.7870,0.7857,0.7867,14554.7,1646188139999,11445.68003,61,8843.4,6952.07832,0
1646188140000,0.7866,0.7880,0.7864,0.7867,23841.9,1646188199999,18767.64387,104,16381.1,12896.63187,0
1646188200000,0.7868,0.7883,0.7868,0.7878,12861.6,1646188259999,10125.07611,62,6378.8,5021.18666,0
1646188260000,0.7880,0.7883,0.7873,0.7874,10662.1,1646188319999,8398.72505,55,5563.5,4383.08140,0
1646188320000,0.7874,0.7885,0.7868,0.7880,9935.6,1646188379999,7823.31201,58,8196.0,6453.03824,0
1646188380000,0.7881,0.7885,0.7875,0.7881,5567.0,1646188439999,4387.96786,42,4284.6,3377.46654,0
1646188440000,0.7879,0.7883,0.7873,0.7875,12625.4,1646188499999,9943.33715,50,4909.5,3866.46550,0
1646188500000,0.7878,0.7891,0.7878,0.7881,8443.7,1646188559999,6657.84156,59,5937.6,4681.23039,0
1646188560000,0.7880,0.7890,0.7880,0.7886,6622.9,1646188619999,5223.39397,34,2245.4,1770.90594,0
1646188620000,0.7887,0.7890,0.7879,0.7879,9456.8,1646188679999,7457.25705,51,6391.4,5040.74118,0
1646188680000,0.7879,0.7884,0.7874,0.7874,7105.6,1646188739999,5598.46442,48,2877.8,2267.35095,0
1646188740000,0.7874,0.7882,0.7873,0.7879,5748.4,1646188799999,4528.22363,38,3898.1,3070.95629,0
1646188800000,0.7875,0.7880,0.7869,0.7873,16135.7,1646188859999,12705.22940,74,7184.6,5657.37609,0
1646188860000,0.7877,0.7882,0.7870,0.7882,4363.8,1646188919999,3437.16203,44,2732.1,2152.55030,0
1646188920000,0.7879,0.7879,0.7865,0.7865,4768.7,1646188979999,3752.74167,48,1863.6,1466.36922,0
1646188980000,0.7865,0.7874,0.7865,0.7874,8115.4,1646189039999,6386.00177,36,4076.2,3206.82014,0
1646189040000,0.7870,0.7875,0.7870,0.7875,4104.1,1646189099999,3230.95258,39,3615.5,2846.29743,0
1646189100000,0.7875,0.7878,0.7871,0.7873,4727.8,1646189159999,3722.70801,44,2534.1,1995.56825,0
1646189160000,0.7876,0.7884,0.7872,0.7872,11845.0,1646189219999,9330.64576,86,7732.6,6091.90063,0
1646189220000,0.7871,0.7872,0.7866,0.7870,7494.1,1646189279999,5897.43752,46,1613.9,1269.80501,0
1646189280000,0.7868,0.7868,0.7858,0.7859,22038.4,1646189339999,17325.87719,56,17951.9,14113.05728,0
1646189340000,0.7859,0.7859,0.7847,0.7856,10700.6,1646189399999,8403.49888,67,4291.6,3370.72421,0
1646189400000,0.7851,0.7851,0.7838,0.7838,7256.9,1646189459999,5690.24279,46,5300.7,4156.56298,0
1646189460000,0.7839,0.7847,0.7838,0.7847,8833.5,1646189519999,6928.35585,59,7119.1,5583.85079,0
1646189520000,0.7845,0.7845,0.7836,0.7836,7858.2,1646189579999,6160.56284,45,2217.4,1738.29743,0
1646189580000,0.7835,0.7852,0.7835,0.7852,8090.5,1646189639999,6344.70352,59,6872.9,5389.56836,0
1646189640000,0.7852,0.7854,0.7851,0.7852,3992.7,1646189699999,3135.21298,36,3117.6,2447.99078,0
1646189700000,0.7853,0.7862,0.7852,0.7862,4115.4,1646189759999,3232.84991,59,2720.7,2137.15978,0
1646189760000,0.7861,0.7866,0.7858,0.7866,12243.6,1646189819999,9624.93546,95,7583.3,5961.95380,0
1646189820000,0.7865,0.7889,0.7864,0.7885,13718.1,1646189879999,10809.36163,105,8814.2,6942.97363,0
1646189880000,0.7886,0.7897,0.7886,0.7890,15435.9,1646189939999,12178.98340,97,10051.1,7930.00715,0
1646189940000,0.7891,0.7898,0.7887,0.7891,22041.3,1646189999999,17398.19011,131,7697.7,6075.83886,0
1646190000000,0.7892,0.7905,0.7880,0.7898,24654.7,1646190059999,19458.06498,149,10985.2,8674.03544,0
1646190060000,0.7896,0.7903,0.7895,0.7897,13607.5,1646190119999,10750.78010,107,11263.0,8898.97076,0
1646190120000,0.7897,0.7908,0.7892,0.7901,33499.9,1646190179999,26470.10238,126,25040.9,19785.98508,0
1646190180000,0.7900,0.7902,0.7893,0.7896,23462.0,1646190239999,18523.31085,106,2998.6,2368.56308,0
1646190240000,0.7898,0.7906,0.7895,0.7896,9363.4,1646190299999,7394.45538,88,7904.3,6241.92916,0
1646190300000,0.7896,0.7904,0.7894,0.7899,12950.9,1646190359999,10228.00311,87,2665.9,2105.99539,0
1646190360000,0.7898,0.7907,0.7893,0.7897,15572.2,1646190419999,12297.97095,76,8817.9,6962.87900,0
1646190420000,0.7897,0.7902,0.7894,0.7897,5366.9,1646190479999,4238.52414,44,4093.8,3233.07301,0
1646190480000,0.7895,0.7908,0.7893,0.7907,10887.7,1646190539999,8600.01744,64,8666.2,6845.87433,0
1646190540000,0.7908,0.7909,0.7900,0.7908,12000.9,1646190599999,9485.97797,51,7710.6,6094.85083,0
1646190600000,0.7903,0.7911,0.7901,0.7906,7800.0,1646190659999,6167.48063,63,5110.4,4040.71274,0
1646190660000,0.7908,0.7917,0.7908,0.7914,17267.1,1646190719999,13662.07451,73,14958.4,11835.85660,0
1646190720000,0.7914,0.7919,0.7912,0.7919,6921.0,1646190779999,5478.60813,45,5721.8,4529.32537,0
1646190780000,0.7921,0.7930,0.7917,0.7924,13236.3,1646190839999,10488.59855,73,8560.1,6783.07159,0
1646190840000,0.7924,0.7928,0.7920,0.7923,6225.1,1646190899999,4933.04573,55,4065.0,3221.39235,0
1646190900000,0.7923,0.7931,0.7922,0.7928,6796.8,1646190959999,5387.53316,57,3922.8,3109.11192,0
1646190960000,0.7928,0.7929,0.7923,0.7924,3971.1,1646191019999,3148.05812,48,2486.5,1971.45192,0
1646191020000,0.7925,0.7927,0.7908,0.7915,29751.4,1646191079999,23544.91165,113,7554.5,5982.53352,0
1646191080000,0.7916,0.7918,0.7909,0.7912,7072.2,1646191139999,5596.48267,65,1564.4,1238.01909,0
1646191140000,0.7912,0.7912,0.7903,0.7910,7743.5,1646191199999,6123.67058,46,3171.5,2507.52657,0
1646191200000,0.7910,0.7911,0.7900,0.7904,16630.8,1646191259999,13146.99229,113,899.0,710.95407,0
1646191260000,0.7906,0.7907,0.7898,0.7901,18913.7,1646191319999,14946.67110,101,3907.9,3089.36431,0
1646191320000,0.7900,0.7903,0.7896,0.7896,33427.4,1646191379999,26404.09764,197,3595.4,2839.78058,0
1646191380000,0.7897,0.7901,0.7887,0.7887,43366.4,1646191439999,34241.32455,227,7062.5,5576.19907,0
1646191440000,0.7887,0.7893,0.7885,0.7893,15476.4,1646191499999,12207.58426,100,4347.9,3430.41301,0
1646191500000,0.7893,0.7898,0.7886,0.7892,35051.4,1646191559999,27667.07472,88,30530.8,24099.08498,0
1646191560000,0.7894,0.7894,0.7891,0.7893,4630.4,1646191619999,3654.26245,44,3120.6,2462.71112,0
1646191620000,0.7893,0.7899,0.7889,0.7892,31608.0,1646191679999,24949.52003,162,5054.3,3989.96313,0
1646191680000,0.7891,0.7898,0.7887,0.7898,5726.4,1646191739999,4518.76931,45,2957.7,2333.99743,0
1646191740000,0.7897,0.7897,0.7891,0.7895,12832.8,1646191799999,10132.41034,67,445.0,351.31056,0
1646191800000,0.7897,0.7899,0.7887,0.7896,22713.0,1646191859999,17921.34365,110,3754.8,2964.24444,0
1646191860000,0.7895,0.7913,0.7893,0.7912,27877.3,1646191919999,22038.10269,89,20679.1,16349.14619,0
1646191920000,0.7913,0.7924,0.7913,0.7923,15916.6,1646191979999,12606.86210,68,7324.1,5800.69671,0
1646191980000,0.7923,0.7938,0.7923,0.7938,13186.1,1646192039999,10459.18148,52,10129.3,8036.68900,0
1646192040000,0.7936,0.7937,0.7930,0.7936,8371.9,1646192099999,6642.24913,76,730.3,579.44629,0
1646192100000,0.7937,0.7953,0.7937,0.7943,42666.5,1646192159999,33908.55887,135,32217.4,25605.12652,0
1646192160000,0.7943,0.7964,0.7943,0.7962,34210.9,1646192219999,27220.14067,157,13514.7,10751.99434,0
1646192220000,0.7962,0.7983,0.7959,0.7980,69483.2,1646192279999,55376.26045,196,37021.2,29515.58385,0
1646192280000,0.7981,0.7987,0.7973,0.7981,32615.8,1646192339999,26022.06761,88,3431.6,2738.42122,0
1646192340000,0.7982,0.7996,0.7977,0.7994,20336.6,1646192399999,16242.68157,108,12469.3,9961.33131,0
1646192400000,0.7993,0.7998,0.7984,0.7986,12409.1,1646192459999,9915.52978,75,2568.3,2052.13492,0
1646192460000,0.7986,0.8004,0.7982,0.8001,31196.1,1646192519999,24932.56330,171,8328.6,6660.33999,0
1646192520000,0.8002,0.8012,0.8002,0.8003,25003.4,1646192579999,20021.12661,115,13888.7,11122.26975,0
1646192580000,0.8003,0.8008,0.7995,0.8000,27545.2,1646192639999,22040.94975,110,11488.1,9195.57461,0
1646192640000,0.8001,0.8008,0.7995,0.8008,19241.3,1646192699999,15392.89880,88,4097.4,3279.92472,0
1646192700000,0.8009,0.8010,0.7997,0.8002,12727.4,1646192759999,10188.08788,71,1168.3,935.58555,0
1646192760000,0.8004,0.8007,0.7999,0.8004,24794.2,1646192819999,19842.30904,130,5836.0,4671.26390,0
1646192820000,0.8004,0.8013,0.8000,0.8013,12422.3,1646192879999,9947.30715,80,6646.2,5322.90069,0
1646192880000,0.8015,0.8030,0.8009,0.8029,92414.0,1646192939999,74146.46675,246,18022.1,14462.37432,0
1646192940000,0.8031,0.8047,0.8029,0.8043,48879.6,1646192999999,39298.80484,196,18997.6,15275.30529,0
1646193000000,0.8044,0.8045,0.8032,0.8040,28174.6,1646193059999,22648.51670,110,15819.3,12718.32124,0
1646193060000,0.8043,0.8050,0.8038,0.8048,15387.7,1646193119999,12377.15970,97,2276.1,1831.61441,0
1646193120000,0.8049,0.8054,0.8033,0.8039,47052.0,1646193179999,37873.33806,171,35348.3,28458.03284,0
1646193180000,0.8040,0.8044,0.8029,0.8040,47612.1,1646193239999,38259.67817,126,5936.8,4772.78837,0
1646193240000,0.8041,0.8046,0.8035,0.8043,10905.0,1646193299999,8766.91217,94,2524.0,2029.21128,0
1646193300000,0.8043,0.8043,0.8025,0.8029,14905.3,1646193359999,11976.71007,107,5136.2,4125.43676,0
1646193360000,0.8028,0.8035,0.8023,0.8024,11789.6,1646193419999,9466.87382,93,4634.2,3720.76415,0
1646193420000,0.8026,0.8032,0.8025,0.8032,7760.8,1646193479999,6230.06427,57,3441.7,2763.11599,0
1646193480000,0.8031,0.8037,0.8031,0.8032,21205.1,1646193539999,17033.77872,87,1395.2,1120.79744,0
1646193540000,0.8037,0.8039,0.8029,0.8037,12313.5,1646193599999,9894.27063,86,4265.6,3427.60877,0
1646193600000,0.8036,0.8047,0.8012,0.8015,36817.6,1646193659999,29564.32695,136,14810.8,11904.33453,0
1646193660000,0.8019,0.8019,0.8008,0.8017,31746.4,1646193719999,25436.25433,138,13796.7,11056.28975,0
1646193720000,0.8017,0.8024,0.8011,0.8024,21253.2,1646193779999,17041.49695,109,6309.4,5059.68112,0
1646193780000,0.8025,0.8032,0.8025,0.8030,7889.0,1646193839999,6333.89414,71,5092.2,4088.14463,0
1646193840000,0.8032,0.8051,0.8032,0.8048,15635.3,1646193899999,12576.33101,102,8262.7,6647.00517,0
1646193900000,0.8046,0.8066,0.8045,0.8066,13524.5,1646193959999,10894.53563,105,9798.8,7893.89839,0
1646193960000,0.8067,0.8084,0.8063,0.8075,64835.3,1646194019999,52367.52203,247,34467.3,27844.96431,0
1646194020000,0.8076,0.8076,0.8067,0.8075,31114.7,1646194079999,25116.72019,115,8405.2,6787.07653,0
1646194080000,0.8075,0.8081,0.8069,0.8071,18254.0,1646194139999,14739.01923,85,6431.1,5193.84351,0
1646194140000,0.8070,0.8079,0.8070,0.8077,10462.5,1646194199999,8447.21866,77,4087.4,3299.92839,0
1646194200000,0.8077,0.8079,0.8057,0.8057,10820.9,1646194259999,8731.32060,66,2290.9,1850.19573,0
1646194260000,0.8053,0.8057,0.8047,0.8047,13717.5,1646194319999,11047.33502,68,8715.8,7020.17086,0
1646194320000,0.8051,0.8063,0.8051,0.8057,6534.7,1646194379999,5263.76477,49,3507.2,2825.44599,0
1646194380000,0.8056,0.8065,0.8052,0.8064,15510.6,1646194439999,12497.49271,47,10696.9,8620.03485,0
1646194440000,0.8068,0.8071,0.8065,0.8067,5830.0,1646194499999,4703.06983,48,3195.5,2577.72124,0
1646194500000,0.8067,0.8068,0.8056,0.8060,10340.2,1646194559999,8338.13400,87,2458.4,1981.15924,0
1646194560000,0.8064,0.8068,0.8061,0.8063,10298.5,1646194619999,8304.47683,76,2843.8,2293.83054,0
1646194620000,0.8062,0.8063,0.8035,0.8042,15915.1,1646194679999,12818.50333,71,7901.0,6363.04904,0
1646194680000,0.8040,0.8054,0.8040,0.8052,11173.4,1646194739999,8992.06612,54,7325.1,5895.20537,0
1646194740000,0.8052,0.8056,0.8052,0.8056,8889.0,1646194799999,7158.03431,70,2206.9,1777.44741,0
1646194800000,0.8057,0.8065,0.8050,0.8064,19541.5,1646194859999,15751.09228,70,9340.2,7531.17947,0
1646194860000,0.8066,0.8077,0.8062,0.8071,16509.8,1646194919999,13320.93482,97,6397.3,5163.18171,0
1646194920000,0.8072,0.8072,0.8063,0.8063,12883.8,1646194979999,10395.22498,60,6808.4,5493.45829,0
1646194980000,0.8061,0.8067,0.8058,0.8065,6551.0,1646195039999,5282.41829,57,2598.7,2095.84660,0
1646195040000,0.8065,0.8070,0.8065,0.8067,10523.3,1646195099999,8488.92329,58,4853.4,3915.58942,0
1646195100000,0.8068,0.8070,0.8064,0.8064,5533.9,1646195159999,4465.03568,58,688.7,555.68308,0
1646195160000,0.8064,0.8066,0.8061,0.8066,3718.5,1646195219999,2998.59467,31,1224.1,987.11482,0
1646195220000,0.8068,0.8072,0.8068,0.8070,3953.7,1646195279999,3190.64737,67,2186.7,1764.73496,0
1646195280000,0.8069,0.8070,0.8061,0.8063,8640.5,1646195339999,6970.39510,67,5462.2,4406.82732,0
1646195340000,0.8064,0.8065,0.8055,0.8061,7506.2,1646195399999,6049.96552,46,5056.0,4074.51536,0
1646195400000,0.8063,0.8073,0.8051,0.8056,104728.7,1646195459999,84424.36937,718,20132.6,16228.66879,0
1646195460000,0.8056,0.8068,0.8054,0.8062,23516.9,1646195519999,18957.40468,107,19094.6,15392.79986,0
1646195520000,0.8062,0.8072,0.8062,0.8070,8230.2,1646195579999,6638.09457,52,5066.9,4087.13273,0
1646195580000,0.8070,0.8078,0.8070,0.8075,6914.3,1646195639999,5582.29921,83,2635.2,2127.84099,0
1646195640000,0.8074,0.8086,0.8074,0.8084,8740.0,1646195699999,7062.93356,56,6765.0,5466.67861,0
1646195700000,0.8083,0.8093,0.8078,0.8088,22003.7,1646195759999,17792.04167,173,10815.1,8746.65918,0
1646195760000,0.8089,0.8091,0.8081,0.8089,11483.6,1646195819999,9286.80302,121,6772.7,5477.11114,0
1646195820000,0.8089,0.8093,0.8085,0.8092,11090.9,1646195879999,8971.40057,81,6265.8,5069.01417,0
1646195880000,0.8089,0.8090,0.8083,0.8085,5517.6,1646195939999,4463.09654,55,3427.9,2773.10640,0
1646195940000,0.8085,0.8091,0.8085,0.8089,2733.9,1646195999999,2211.07237,42,815.3,659.39722,0
1646196000000,0.8089,0.8091,0.8082,0.8082,6823.8,1646196059999,5518.83037,42,682.6,552.15089,0
1646196060000,0.8082,0.8083,0.8078,0.8083,9299.4,1646196119999,7515.02438,50,1819.5,1470.34160,0
1646196120000,0.8081,0.8082,0.8062,0.8069,16954.2,1646196179999,13687.19243,94,5593.8,4516.75084,0
1646196180000,0.8069,0.8072,0.8053,0.8053,25561.7,1646196239999,20604.07904,111,5952.6,4797.08475,0
1646196240000,0.8054,0.8061,0.8049,0.8051,38955.2,1646196299999,31373.11186,172,9691.7,7806.33931,0
1646196300000,0.8051,0.8051,0.8040,0.8041,15804.1,1646196359999,12715.06437,111,4579.6,3685.36503,0
1646196360000,0.8040,0.8051,0.8034,0.8041,32671.8,1646196419999,26281.14044,155,14067.8,11319.05415,0
1646196420000,0.8039,0.8043,0.8030,0.8030,10421.8,1646196479999,8375.61192,67,2469.2,1985.38737,0
1646196480000,0.8028,0.8040,0.8026,0.8040,19592.3,1646196539999,15732.95220,60,10796.7,8671.93758,0
1646196540000,0.8041,0.8041,0.8030,0.8035,4879.8,1646196599999,3921.98261,42,2718.0,2184.42841,0
1646196600000,0.8035,0.8038,0.8030,0.8038,3090.3,1646196659999,2482.88486,46,2279.9,1831.73397,0
1646196660000,0.8039,0.8042,0.8030,0.8033,7424.6,1646196719999,5968.59776,48,4151.1,3337.56374,0
1646196720000,0.8036,0.8043,0.8034,0.8034,4938.5,1646196779999,3970.20710,39,2803.2,2253.44291,0
1646196780000,0.8031,0.8033,0.8026,0.8029,6349.6,1646196839999,5099.15628,45,3700.8,2972.07227,0
1646196840000,0.8027,0.8027,0.7991,0.7992,32240.2,1646196899999,25817.86414,132,9921.4,7944.81994,0
1646196900000,0.7990,0.8004,0.7973,0.7998,38405.6,1646196959999,30687.28121,134,27250.0,21777.91030,0
1646196960000,0.7994,0.7996,0.7986,0.7994,11897.0,1646197019999,9507.09340,75,5581.8,4461.84486,0
1646197020000,0.7995,0.7998,0.7994,0.7996,3755.0,1646197079999,3002.65300,30,3296.1,2635.71954,0
1646197080000,0.7997,0.8007,0.7995,0.8001,10637.8,1646197139999,8512.66095,45,7124.4,5700.62418,0
1646197140000,0.7999,0.8000,0.7986,0.7996,14416.7,1646197199999,11519.72487,63,8454.2,6753.54893,0
1646197200000,0.7994,0.8008,0.7991,0.8008,28872.1,1646197259999,23086.18158,76,16487.7,13180.02506,0
1646197260000,0.8005,0.8010,0.8002,0.8007,5190.7,1646197319999,4155.62303,58,2433.4,1948.22413,0
1646197320000,0.8007,0.8007,0.8001,0.8004,11587.1,1646197379999,9273.90677,51,551.8,441.74683,0
1646197380000,0.8004,0.8008,0.7992,0.7994,6157.0,1646197439999,4925.01365,58,4198.3,3358.72415,0
1646197440000,0.7994,0.7996,0.7990,0.7996,1881.7,1646197499999,1503.81936,28,562.3,449.44073,0
1646197500000,0.7997,0.8003,0.7991,0.8000,15075.6,1646197559999,12060.37693,74,10875.8,8702.07879,0
1646197560000,0.7999,0.8010,0.7996,0.7998,12636.2,1646197619999,10113.14030,57,7153.2,5726.02883,0
1646197620000,0.7996,0.8006,0.7992,0.7994,17250.5,1646197679999,13791.91552,55,5673.3,4536.67969,0
1646197680000,0.7993,0.7995,0.7985,0.7989,4218.1,1646197739999,3370.51060,45,767.6,613.41682,0
1646197740000,0.7986,0.7993,0.7982,0.7985,8227.6,1646197799999,6571.45285,38,2769.6,2212.22129,0
1646197800000,0.7984,0.7986,0.7970,0.7985,36754.4,1646197859999,29324.33559,89,27035.1,21574.20220,0
1646197860000,0.7986,0.7990,0.7974,0.7980,25376.7,1646197919999,20252.54950,84,2871.6,2290.48581,0
1646197920000,0.7979,0.7985,0.7978,0.7982,5002.1,1646197979999,3992.08935,30,3315.6,2646.29837,0
1646197980000,0.7982,0.7984,0.7978,0.7979,3297.6,1646198039999,2632.39199,27,692.3,552.61373,0
1646198040000,0.7978,0.7979,0.7974,0.7978,4032.7,1646198099999,3216.81152,33,1951.2,1556.30414,0
1646198100000,0.7978,0.7986,0.7975,0.7983,4460.9,1646198159999,3560.33121,38,2256.3,1800.80571,0
1646198160000,0.7981,0.7983,0.7976,0.7981,8063.9,1646198219999,6435.27191,58,2371.7,1892.81957,0
1646198220000,0.7981,0.7995,0.7981,0.7995,9037.5,1646198279999,7220.85064,45,7147.3,5710.16093,0
1646198280000,0.7997,0.8003,0.7996,0.8003,8795.7,1646198339999,7035.47367,43,6981.6,5584.55534,0
1646198340000,0.8004,0.8005,0.7997,0.8004,5431.9,1646198399999,4346.67978,34,926.0,741.07660,0
1646198400000,0.7999,0.8006,0.7998,0.8000,6472.7,1646198459999,5178.89327,39,2975.9,2381.03968,0
1646198460000,0.7999,0.8003,0.7995,0.7995,10443.5,1646198519999,8352.57666,38,1201.7,961.23034,0
1646198520000,0.7997,0.8004,0.7997,0.7999,3944.7,1646198579999,3156.50489,25,2810.7,2248.98237,0
1646198580000,0.8000,0.8007,0.8000,0.8003,3230.9,1646198639999,2586.32096,27,1565.0,1252.79070,0
1646198640000,0.8002,0.8005,0.7996,0.7996,9292.9,1646198699999,7435.04704,31,1608.7,1287.15701,0
1646198700000,0.7998,0.8009,0.7998,0.8003,3334.7,1646198759999,2669.50083,36,713.3,570.86309,0
1646198760000,0.8000,0.8000,0.7988,0.7988,4022.9,1646198819999,3215.54142,27,929.3,742.84706,0
1646198820000,0.7986,0.7986,0.7951,0.7967,47716.1,1646198879999,38016.04849,121,9507.7,7570.26024,0
1646198880000,0.7966,0.7966,0.7944,0.7957,14012.8,1646198939999,11144.86557,70,11873.1,9441.67229,0
1646198940000,0.7958,0.7967,0.7956,0.7964,4424.4,1646198999999,3522.71547,38,2998.0,2387.06625,0
1646199000000,0.7964,0.7976,0.7961,0.7961,11974.1,1646199059999,9542.45131,48,4459.8,3552.90950,0
1646199060000,0.7959,0.7967,0.7956,0.7960,11696.9,1646199119999,9311.90593,70,7391.1,5884.91153,0
1646199120000,0.7959,0.7968,0.7958,0.7965,8930.7,1646199179999,7110.31291,41,6709.3,5342.10606,0
1646199180000,0.7965,0.7972,0.7963,0.7971,7671.6,1646199239999,6111.46113,42,6421.9,5115.37512,0
1646199240000,0.7969,0.7979,0.7968,0.7972,4124.4,1646199299999,3287.55544,31,1790.3,1426.93449,0
1646199300000,0.7973,0.7981,0.7969,0.7976,7623.0,1646199359999,6079.01402,46,2043.6,1629.90032,0
1646199360000,0.7975,0.7984,0.7975,0.7984,2711.5,1646199419999,2163.75425,30,2353.9,1878.24641,0
1646199420000,0.7979,0.7980,0.7974,0.7978,4069.3,1646199479999,3245.92839,34,3095.2,2468.81917,0
1646199480000,0.7978,0.7978,0.7969,0.7969,1287.4,1646199539999,1026.10478,18,594.1,473.50955,0
1646199540000,0.7968,0.7977,0.7968,0.7973,3801.2,1646199599999,3030.27793,42,2725.7,2172.92764,0
1646199600000,0.7967,0.7979,0.7967,0.7978,1995.6,1646199659999,1591.60206,20,1109.2,884.50318,0
1646199660000,0.7974,0.7976,0.7969,0.7974,310.6,1646199719999,247.65143,16,38.6,30.77324,0
1646199720000,0.7974,0.7985,0.7972,0.7985,1397.2,1646199779999,1114.34930,17,380.1,303.35250,0
1646199780000,0.7983,0.7995,0.7983,0.7991,7520.2,1646199839999,6009.21421,22,7457.0,5958.70881,0
1646199840000,0.7989,0.7996,0.7988,0.7992,9300.2,1646199899999,7434.72573,26,8032.5,6421.78623,0
1646199900000,0.7989,0.8000,0.7989,0.7996,8489.3,1646199959999,6787.88868,30,3591.3,2870.31865,0
1646199960000,0.7995,0.7999,0.7994,0.7997,7540.2,1646200019999,6029.25112,43,1705.5,1363.88683,0
1646200020000,0.7996,0.7996,0.7988,0.7989,3589.4,1646200079999,2868.49569,29,1674.5,1338.09250,0
1646200080000,0.7990,0.8000,0.7986,0.7996,2476.9,1646200139999,1979.22057,42,1215.9,971.59947,0
1646200140000,0.7994,0.7994,0.7985,0.7986,1489.2,1646200199999,1190.35032,21,105.5,84.26361,0
1646200200000,0.7986,0.7998,0.7986,0.7996,2838.6,1646200259999,2268.55880,45,1698.6,1357.15226,0
1646200260000,0.7995,0.7998,0.7990,0.7990,3565.7,1646200319999,2851.08038,31,779.4,623.15463,0
1646200320000,0.7991,0.7993,0.7991,0.7992,1617.7,1646200379999,1292.76856,23,1392.1,1112.44748,0
1646200380000,0.7993,0.7995,0.7987,0.7993,2865.4,1646200439999,2289.49860,30,882.7,705.17362,0
1646200440000,0.7994,0.8002,0.7989,0.8002,24398.9,1646200499999,19500.83319,82,10618.0,8487.81050,0
1646200500000,0.8003,0.8005,0.8001,0.8002,4882.5,1646200559999,3907.27350,33,2111.3,1689.66026,0
1646200560000,0.8001,0.8006,0.8000,0.8004,2743.2,1646200619999,2195.08927,27,2436.6,1949.77952,0
1646200620000,0.8002,0.8003,0.7997,0.7997,2628.0,1646200679999,2102.52938,29,1144.6,915.92127,0
1646200680000,0.7995,0.7996,0.7992,0.7992,5726.3,1646200739999,4577.18046,38,1913.3,1529.36646,0
1646200740000,0.7992,0.8002,0.7990,0.8002,6610.0,1646200799999,5284.82188,63,2719.9,2173.98955,0
1646200800000,0.8001,0.8003,0.7980,0.7980,17558.5,1646200859999,14030.18497,67,8622.2,6893.84187,0
1646200860000,0.7978,0.7985,0.7977,0.7985,15283.4,1646200919999,12195.74788,89,7033.0,5612.78540,0
1646200920000,0.7984,0.7984,0.7965,0.7970,24413.6,1646200979999,19467.05933,140,11027.4,8790.26849,0
1646200980000,0.7969,0.7973,0.7960,0.7962,24059.8,1646201039999,19163.98447,106,6981.2,5561.51171,0
1646201040000,0.7962,0.7975,0.7955,0.7975,20871.8,1646201099999,16617.54779,125,6660.3,5304.58837,0
1646201100000,0.7975,0.7988,0.7974,0.7984,35792.5,1646201159999,28573.22672,137,16418.1,13104.15794,0
1646201160000,0.7982,0.7989,0.7982,0.7985,8652.8,1646201219999,6909.38635,85,4826.2,3853.87224,0
1646201220000,0.7988,0.8000,0.7988,0.8000,8170.6,1646201279999,6530.55925,33,7592.1,6068.09733,0
1646201280000,0.8000,0.8013,0.8000,0.8005,18763.3,1646201339999,15021.68828,83,14773.2,11826.05425,0
1646201340000,0.8004,0.8007,0.7999,0.8004,2011.8,1646201399999,1610.23557,23,650.7,520.79559,0
1646201400000,0.8003,0.8003,0.7988,0.7988,12812.4,1646201459999,10247.11615,55,2487.7,1989.92718,0
1646201460000,0.7988,0.7998,0.7983,0.7985,5603.5,1646201519999,4475.72674,46,2195.2,1753.42465,0
1646201520000,0.7984,0.7984,0.7975,0.7976,7605.3,1646201579999,6067.93101,46,3306.9,2638.55583,0
1646201580000,0.7975,0.7991,0.7975,0.7987,7143.7,1646201639999,5705.40741,56,5834.6,4659.99394,0
1646201640000,0.7988,0.7999,0.7979,0.7981,20673.7,1646201699999,16525.68385,113,16035.3,12819.07220,0
1646201700000,0.7982,0.7990,0.7980,0.7988,6582.8,1646201759999,5255.16287,35,5029.3,4014.44733,0
1646201760000,0.7987,0.7992,0.7983,0.7988,12281.7,1646201819999,9810.85744,62,8215.5,6563.11287,0
1646201820000,0.7991,0.7992,0.7986,0.7989,1460.4,1646201879999,1166.77150,19,925.7,739.63444,0
1646201880000,0.7987,0.7989,0.7981,0.7981,3678.3,1646201939999,2936.71753,50,788.9,630.01551,0
1646201940000,0.7982,0.7991,0.7982,0.7989,4896.6,1646201999999,3910.17718,44,3514.4,2806.27529,0
1646202000000,0.7990,0.7993,0.7978,0.7978,5090.6,1646202059999,4065.54959,44,1112.0,888.70291,0
1646202060000,0.7975,0.7987,0.7975,0.7977,5449.7,1646202119999,4349.38905,46,4058.1,3238.64449,0
1646202120000,0.7976,0.7976,0.7963,0.7963,10384.1,1646202179999,8276.53434,61,3075.3,2451.52431,0
1646202180000,0.7965,0.7970,0.7952,0.7963,14829.2,1646202239999,11801.26697,58,3281.9,2613.11795,0
1646202240000,0.7961,0.7961,0.7944,0.7952,37319.7,1646202299999,29680.42932,118,15859.4,12613.63886,0
1646202300000,0.7951,0.7959,0.7949,0.7958,12052.3,1646202359999,9586.33427,47,8262.2,6572.35021,0
1646202360000,0.7960,0.7965,0.7953,0.7955,6506.8,1646202419999,5179.98738,39,4156.6,3309.35651,0
1646202420000,0.7954,0.7962,0.7954,0.7959,3515.2,1646202479999,2797.35677,27,2550.8,2029.72465,0
1646202480000,0.7959,0.7959,0.7946,0.7948,11209.2,1646202539999,8910.51679,43,3428.5,2725.15035,0
1646202540000,0.7949,0.7963,0.7949,0.7957,7297.5,1646202599999,5808.48767,37,2995.8,2383.15641,0
1646202600000,0.7960,0.7964,0.7957,0.7961,20011.8,1646202659999,15932.17330,32,4665.3,3713.59344,0
1646202660000,0.7962,0.7962,0.7955,0.7955,11631.0,1646202719999,9256.76172,43,3987.4,3173.85890,0
1646202720000,0.7953,0.7953,0.7928,0.7939,14439.4,1646202779999,11460.27269,92,5949.9,4722.34310,0
1646202780000,0.7940,0.7943,0.7931,0.7936,10341.4,1646202839999,8210.75884,54,5261.3,4177.75596,0
1646202840000,0.7935,0.7935,0.7926,0.7929,6574.8,1646202899999,5212.52487,39,4373.0,3467.06465,0
1646202900000,0.7927,0.7930,0.7922,0.7926,7091.3,1646202959999,5620.71331,62,3905.2,3095.59884,0
1646202960000,0.7925,0.7931,0.7922,0.7930,39433.7,1646203019999,31265.74456,87,32538.9,25800.35003,0
1646203020000,0.7929,0.7929,0.7926,0.7927,1780.9,1646203079999,1411.64511,17,888.8,704.55670,0
1646203080000,0.7930,0.7930,0.7923,0.7930,2983.3,1646203139999,2364.43566,29,2007.9,1591.39883,0
1646203140000,0.7929,0.7943,0.7929,0.7942,10925.2,1646203199999,8672.12123,49,10472.1,8312.41624,0
1646203200000,0.7942,0.7942,0.7931,0.7938,4392.6,1646203259999,3485.96466,29,1981.8,1573.11028,0
1646203260000,0.7937,0.7940,0.7934,0.7939,3217.7,1646203319999,2553.37029,29,2968.6,2355.69642,0
1646203320000,0.7941,0.7943,0.7938,0.7942,5278.4,1646203379999,4191.45162,22,1700.9,1350.88385,0
1646203380000,0.7940,0.7942,0.7934,0.7937,8519.2,1646203439999,6762.28650,36,4051.9,3215.96972,0
1646203440000,0.7937,0.7942,0.7937,0.7939,4208.8,1646203499999,3341.03586,26,3123.5,2479.41950,0
1646203500000,0.7937,0.7949,0.7926,0.7946,12092.4,1646203559999,9595.00886,40,8017.6,6361.03207,0
1646203560000,0.7949,0.7949,0.7933,0.7934,31608.8,1646203619999,25088.62370,64,3267.5,2592.46653,0
1646203620000,0.7936,0.7942,0.7935,0.7937,4302.3,1646203679999,3414.81249,34,2890.9,2294.43842,0
1646203680000,0.7935,0.7936,0.7913,0.7918,24562.3,1646203739999,19456.64800,70,2318.4,1838.08960,0
1646203740000,0.7917,0.7921,0.7909,0.7917,14603.7,1646203799999,11558.92306,61,5327.3,4216.40753,0
1646203800000,0.7917,0.7930,0.7917,0.7927,10248.1,1646203859999,8122.22540,26,5717.5,4529.52855,0
1646203860000,0.7929,0.7933,0.7923,0.7923,4558.8,1646203919999,3614.37108,28,1992.3,1579.80335,0
1646203920000,0.7921,0.7924,0.7914,0.7922,12055.1,1646203979999,9545.74509,40,5957.1,4717.13285,0
1646203980000,0.7922,0.7924,0.7921,0.7923,6370.6,1646204039999,5047.13252,29,4226.1,3348.30796,0
1646204040000,0.7923,0.7923,0.7913,0.7915,4054.4,1646204099999,3209.09871,25,3013.3,2384.55346,0
1646204100000,0.7917,0.7917,0.7890,0.7890,33511.7,1646204159999,26478.89728,90,2391.5,1888.93060,0
1646204160000,0.7894,0.7894,0.7872,0.7875,20665.4,1646204219999,16283.40215,92,9729.5,7666.27569,0
1646204220000,0.7876,0.7886,0.7867,0.7885,27312.0,1646204279999,21515.83670,109,19023.9,14986.08710,0
1646204280000,0.7884,0.7887,0.7884,0.7886,7940.9,1646204339999,6261.01379,36,7439.8,5865.86430,0
1646204340000,0.7886,0.7886,0.7877,0.7878,17785.7,1646204399999,14019.32732,84,10611.6,8364.45417,0
1646204400000,0.7877,0.7891,0.7875,0.7887,17415.2,1646204459999,13725.93822,79,6463.1,5091.65151,0
1646204460000,0.7891,0.7901,0.7890,0.7897,10041.2,1646204519999,7928.92090,81,4135.6,3265.24054,0
1646204520000,0.7896,0.7897,0.7857,0.7864,32617.4,1646204579999,25689.64091,98,16990.1,13372.20273,0
1646204580000,0.7864,0.7879,0.7863,0.7866,21624.2,1646204639999,17024.12037,66,12483.8,9828.80060,0
1646204640000,0.7869,0.7870,0.7854,0.7858,15050.6,1646204699999,11834.50990,60,5220.6,4106.02784,0
1646204700000,0.7861,0.7866,0.7851,0.7861,21707.4,1646204759999,17064.58721,92,11009.7,8656.78499,0
1646204760000,0.7861,0.7865,0.7846,0.7849,35209.2,1646204819999,27646.04226,136,7781.8,6110.38408,0
1646204820000,0.7849,0.7854,0.7839,0.7850,14843.7,1646204879999,11647.63124,66,7388.4,5798.69916,0
1646204880000,0.7851,0.7851,0.7836,0.7847,14087.3,1646204939999,11051.75035,51,8883.0,6967.60189,0
1646204940000,0.7847,0.7849,0.7836,0.7837,8660.1,1646204999999,6790.58762,40,4904.9,3845.74904,0
1646205000000,0.7837,0.7845,0.7817,0.7821,73254.0,1646205059999,57348.22015,123,42432.0,33234.23915,0
1646205060000,0.7823,0.7824,0.7803,0.7810,23366.5,1646205119999,18248.36958,102,4699.0,3670.05584,0
1646205120000,0.7809,0.7824,0.7809,0.7812,48029.9,1646205179999,37534.85658,139,22460.9,17554.59116,0
1646205180000,0.7811,0.7836,0.7809,0.7834,93855.2,1646205239999,73452.33408,142,80861.7,63286.57431,0
1646205240000,0.7834,0.7839,0.7819,0.7824,44214.7,1646205299999,34605.46857,113,25076.3,19625.17260,0
1646205300000,0.7825,0.7826,0.7816,0.7818,36384.0,1646205359999,28459.85780,114,20366.1,15930.93618,0
1646205360000,0.7818,0.7821,0.7801,0.7805,34113.1,1646205419999,26644.13888,91,10290.9,8035.79847,0
1646205420000,0.7805,0.7815,0.7803,0.7815,14024.7,1646205479999,10949.60965,59,5559.1,4341.73592,0
1646205480000,0.7817,0.7832,0.7815,0.7825,7127.0,1646205539999,5575.68412,50,3516.0,2750.23298,0
1646205540000,0.7825,0.7844,0.7821,0.7821,34552.5,1646205599999,27072.18935,121,18279.6,14323.46764,0
1646205600000,0.7824,0.7827,0.7817,0.7821,8960.3,1646205659999,7009.87376,38,3772.5,2951.94622,0
1646205660000,0.7819,0.7823,0.7810,0.7816,11101.5,1646205719999,8677.78057,42,5656.4,4422.20157,0
1646205720000,0.7817,0.7819,0.7801,0.7801,29515.4,1646205779999,23059.91795,70,11246.7,8789.90368,0
1646205780000,0.7802,0.7811,0.7799,0.7811,13615.9,1646205839999,10624.25528,62,7518.5,5867.19340,0
1646205840000,0.7809,0.7813,0.7803,0.7806,5499.6,1646205899999,4293.98612,38,2862.7,2234.89908,0
1646205900000,0.7805,0.7827,0.7805,0.7826,9705.5,1646205959999,7582.59895,37,7015.2,5481.63071,0
1646205960000,0.7825,0.7834,0.7821,0.7832,22132.3,1646206019999,17323.51140,65,12877.0,10083.97797,0
1646206020000,0.7832,0.7839,0.7829,0.7838,10173.2,1646206079999,7968.57154,46,5246.5,4109.89922,0
1646206080000,0.7838,0.7852,0.7830,0.7844,15962.3,1646206139999,12518.84830,56,9850.9,7723.24808,0
1646206140000,0.7844,0.7850,0.7843,0.7848,10775.1,1646206199999,8453.38855,36,5493.3,4310.25115,0
1646206200000,0.7847,0.7865,0.7846,0.7859,10742.0,1646206259999,8438.06226,54,5719.7,4494.12745,0
1646206260000,0.7858,0.7864,0.7852,0.7857,16875.0,1646206319999,13259.79962,81,7734.5,6077.37922,0
1646206320000,0.7851,0.7861,0.7849,0.7850,6636.5,1646206379999,5213.58287,36,3487.5,2740.00758,0
1646206380000,0.7850,0.7850,0.7836,0.7838,28472.1,1646206439999,22335.20080,58,2061.7,1616.99454,0
1646206440000,0.7838,0.7847,0.7837,0.7841,8384.3,1646206499999,6574.18312,31,4103.5,3217.03171,0
1646206500000,0.7840,0.7844,0.7838,0.7844,3504.6,1646206559999,2748.26958,26,1509.9,1183.94439,0
1646206560000,0.7845,0.7855,0.7837,0.7837,23174.7,1646206619999,18186.71241,66,6484.2,5092.24502,0
1646206620000,0.7840,0.7842,0.7835,0.7841,6266.5,1646206679999,4911.61823,31,3650.3,2860.80890,0
1646206680000,0.7841,0.7845,0.7831,0.7835,4081.9,1646206739999,3200.54978,32,3585.8,2811.88093,0
1646206740000,0.7836,0.7842,0.7830,0.7830,3675.5,1646206799999,2879.97664,30,2285.1,1790.63815,0
1646206800000,0.7833,0.7837,0.7832,0.7835,4232.0,1646206859999,3315.31168,28,789.1,618.12413,0
1646206860000,0.7840,0.7842,0.7837,0.7842,2023.7,1646206919999,1586.72697,19,1650.8,1294.39054,0
1646206920000,0.7841,0.7849,0.7841,0.7843,4030.1,1646206979999,3161.51054,30,3308.3,2595.22869,0
1646206980000,0.7844,0.7848,0.7843,0.7848,2975.8,1646207039999,2334.43224,23,2465.5,1934.01569,0
1646207040000,0.7850,0.7853,0.7846,0.7853,1955.6,1646207099999,1535.01989,19,1608.5,1262.58163,0
1646207100000,0.7852,0.7860,0.7845,0.7850,8318.5,1646207159999,6529.90006,41,6740.3,5289.88640,0
1646207160000,0.7848,0.7848,0.7840,0.7843,8054.9,1646207219999,6319.06185,37,2917.8,2288.55376,0
1646207220000,0.7841,0.7843,0.7836,0.7843,3420.6,1646207279999,2681.25980,31,1752.5,1373.97772,0
1646207280000,0.7845,0.7845,0.7836,0.7838,5096.6,1646207339999,3994.82484,36,4120.5,3229.73269,0
1646207340000,0.7838,0.7857,0.7837,0.7857,9734.1,1646207399999,7640.78367,37,8416.6,6606.55794,0
1646207400000,0.7858,0.7866,0.7858,0.7861,7296.7,1646207459999,5735.77343,37,6849.7,5384.28567,0
1646207460000,0.7860,0.7860,0.7853,0.7858,8695.9,1646207519999,6831.09346,30,1253.2,984.58460,0
1646207520000,0.7856,0.7856,0.7847,0.7847,7482.9,1646207579999,5875.38523,39,2532.8,1989.02674,0
1646207580000,0.7847,0.7847,0.7839,0.7844,4731.3,1646207639999,3711.02757,26,727.3,570.13926,0
1646207640000,0.7846,0.7846,0.7837,0.7844,8931.1,1646207699999,7001.23721,44,5050.3,3959.22932,0
1646207700000,0.7844,0.7847,0.7836,0.7836,3861.2,1646207759999,3027.16033,30,1811.2,1420.36214,0
1646207760000,0.7836,0.7842,0.7833,0.7839,4972.3,1646207819999,3896.29900,47,3373.4,2643.18991,0
1646207820000,0.7843,0.7843,0.7837,0.7841,621.2,1646207879999,487.18745,13,216.4,169.70647,0
1646207880000,0.7840,0.7842,0.7836,0.7841,4418.6,1646207939999,3463.89001,25,1276.6,1001.00202,0
1646207940000,0.7844,0.7850,0.7837,0.7850,19734.9,1646207999999,15474.28801,56,4921.1,3859.37945,0
1646208000000,0.7853,0.7858,0.7844,0.7850,36321.6,1646208059999,28519.49720,91,17504.1,13744.09912,0
1646208060000,0.7849,0.7855,0.7847,0.7850,18309.1,1646208119999,14377.24633,68,5132.4,4030.70276,0
1646208120000,0.7849,0.7859,0.7845,0.7848,27594.2,1646208179999,21661.09353,121,15571.6,12224.41868,0
1646208180000,0.7847,0.7849,0.7843,0.7848,2079.1,1646208239999,1631.43321,29,1625.0,1275.11676,0
1646208240000,0.7847,0.7854,0.7846,0.7851,14665.3,1646208299999,11513.61231,88,6587.1,5171.35441,0
1646208300000,0.7849,0.7849,0.7825,0.7825,10652.5,1646208359999,8342.78484,57,3486.7,2731.13464,0
1646208360000,0.7825,0.7825,0.7797,0.7805,48924.6,1646208419999,38205.09708,113,18691.4,14584.97393,0
1646208420000,0.7806,0.7808,0.7759,0.7778,138826.6,1646208479999,107946.96633,915,20675.0,16087.25833,0
1646208480000,0.7777,0.7790,0.7766,0.7789,30550.6,1646208539999,23765.36961,108,26416.5,20548.23790,0
1646208540000,0.7790,0.7802,0.7790,0.7796,13573.4,1646208599999,10582.98419,81,10374.7,8089.62091,0
1646208600000,0.7796,0.7816,0.7796,0.7811,15092.0,1646208659999,11777.88989,52,12474.2,9735.00451,0
1646208660000,0.7810,0.7821,0.7810,0.7819,12267.1,1646208719999,9591.19388,37,3552.8,2776.37725,0
1646208720000,0.7818,0.7820,0.7810,0.7812,11836.3,1646208779999,9250.40102,51,4219.4,3298.28988,0
1646208780000,0.7811,0.7818,0.7803,0.7817,8131.1,1646208839999,6351.39442,42,5516.0,4308.77351,0
1646208840000,0.7815,0.7821,0.7810,0.7814,8523.8,1646208899999,6661.71419,37,7408.2,5790.06308,0
1646208900000,0.7814,0.7828,0.7812,0.7828,14655.6,1646208959999,11463.28108,55,7992.6,6253.67419,0
1646208960000,0.7826,0.7870,0.7823,0.7864,56588.8,1646209019999,44405.88681,174,47517.8,37276.72078,0
1646209020000,0.7865,0.7885,0.7862,0.7870,35141.1,1646209079999,27667.23496,129,13108.0,10322.99029,0
1646209080000,0.7865,0.7895,0.7860,0.7880,42007.5,1646209139999,33115.43283,160,27514.6,21693.80566,0
1646209140000,0.7883,0.7904,0.7878,0.7893,40911.8,1646209199999,32291.47187,195,20135.1,15889.90568,0
1646209200000,0.7892,0.7902,0.7884,0.7895,44253.4,1646209259999,34922.16341,154,28921.5,22821.38915,0
1646209260000,0.7898,0.7901,0.7886,0.7891,12297.4,1646209319999,9707.27735,71,8193.7,6467.76413,0
1646209320000,0.7891,0.7894,0.7873,0.7881,22906.2,1646209379999,18053.62899,89,9593.7,7562.47668,0
1646209380000,0.7878,0.7892,0.7877,0.7885,9528.1,1646209439999,7510.88486,45,7845.1,6183.52704,0
1646209440000,0.7889,0.7890,0.7877,0.7877,9001.8,1646209499999,7096.15721,36,1351.7,1065.84638,0
1646209500000,0.7873,0.7880,0.7863,0.7863,9682.6,1646209559999,7624.85320,49,4910.0,3867.21857,0
1646209560000,0.7863,0.7866,0.7858,0.7858,11004.1,1646209619999,8650.88023,59,4415.8,3472.11475,0
1646209620000,0.7858,0.7872,0.7858,0.7871,12208.9,1646209679999,9598.24664,88,9163.9,7204.57313,0
1646209680000,0.7868,0.7882,0.7866,0.7881,10601.4,1646209739999,8345.66195,76,7585.9,5973.11790,0
1646209740000,0.7881,0.7885,0.7873,0.7878,17490.4,1646209799999,13782.29322,87,5173.6,4076.34949,0
1646209800000,0.7878,0.7883,0.7870,0.7876,11376.8,1646209859999,8962.63888,59,2968.0,2337.00539,0
1646209860000,0.7878,0.7902,0.7878,0.7898,27391.5,1646209919999,21610.49769,124,20529.0,16197.52178,0
1646209920000,0.7898,0.7898,0.7886,0.7892,10200.0,1646209979999,8050.69326,68,6014.2,4746.69210,0
1646209980000,0.7890,0.7892,0.7883,0.7891,10604.7,1646210039999,8366.76811,65,5768.4,4551.36878,0
1646210040000,0.7891,0.7893,0.7882,0.7893,9087.1,1646210099999,7170.36255,67,5782.3,4563.00365,0
1646210100000,0.7893,0.7905,0.7884,0.7886,11642.9,1646210159999,9191.61680,72,6405.8,5058.75067,0
1646210160000,0.7886,0.7891,0.7878,0.7878,41509.4,1646210219999,32725.92485,56,10873.8,8577.01216,0
1646210220000,0.7878,0.7885,0.7872,0.7885,24035.2,1646210279999,18932.00099,71,6382.3,5028.44353,0
1646210280000,0.7885,0.7906,0.7885,0.7906,12996.9,1646210339999,10262.18372,90,10684.7,8437.01382,0
1646210340000,0.7905,0.7910,0.7900,0.7903,11065.9,1646210399999,8747.80989,83,8867.3,7009.75525,0
1646210400000,0.7906,0.7909,0.7898,0.7898,14550.8,1646210459999,11502.01118,79,3374.9,2667.43856,0
1646210460000,0.7898,0.7903,0.7897,0.7899,9900.0,1646210519999,7820.20796,70,4285.9,3385.59651,0
1646210520000,0.7899,0.7906,0.7899,0.7899,13299.0,1646210579999,10507.56992,99,5640.6,4457.26867,0
1646210580000,0.7899,0.7906,0.7894,0.7897,8937.5,1646210639999,7059.48635,78,4350.5,3436.53831,0
1646210640000,0.7895,0.7901,0.7888,0.7900,6507.6,1646210699999,5136.97639,72,3315.3,2616.76220,0
1646210700000,0.7900,0.7904,0.7891,0.7893,36516.8,1646210759999,28839.41186,256,11282.7,8912.00817,0
1646210760000,0.7894,0.7896,0.7886,0.7894,10183.3,1646210819999,8035.94376,103,5091.7,4018.51002,0
1646210820000,0.7894,0.7924,0.7894,0.7906,104734.5,1646210879999,82892.43262,310,80459.1,63684.77954,0
1646210880000,0.7900,0.7905,0.7889,0.7894,23329.1,1646210939999,18422.24919,120,12645.7,9988.14514,0
1646210940000,0.7893,0.7893,0.7881,0.7889,12181.5,1646210999999,9606.49305,93,6703.9,5286.50416,0
1646211000000,0.7890,0.7895,0.7879,0.7879,14543.2,1646211059999,11472.68667,108,3578.2,2823.73144,0
1646211060000,0.7880,0.7888,0.7867,0.7872,13986.3,1646211119999,11020.77683,77,6015.9,4741.57516,0
1646211120000,0.7873,0.7882,0.7873,0.7881,5137.9,1646211179999,4048.72540,33,3523.6,2776.61949,0
1646211180000,0.7882,0.7892,0.7880,0.7890,9785.2,1646211239999,7714.52201,72,4499.3,3547.04695,0
1646211240000,0.7890,0.7890,0.7877,0.7880,7631.9,1646211299999,6016.23846,110,3091.9,2436.84373,0
1646211300000,0.7885,0.7893,0.7862,0.7862,28216.2,1646211359999,22238.77077,190,9516.9,7504.10766,0
1646211360000,0.7860,0.7862,0.7853,0.7857,16712.5,1646211419999,13130.88267,85,13188.2,10361.46207,0
1646211420000,0.7857,0.7872,0.7857,0.7871,9722.0,1646211479999,7645.29433,88,5281.3,4153.37303,0
1646211480000,0.7870,0.7872,0.7860,0.7863,6179.4,1646211539999,4860.41739,97,1759.1,1383.59060,0
1646211540000,0.7864,0.7870,0.7862,0.7866,12601.3,1646211599999,9912.53693,95,5805.9,4566.80260,0
1646211600000,0.7866,0.7872,0.7839,0.7843,37201.4,1646211659999,29218.50643,152,7704.5,6060.29160,0
1646211660000,0.7842,0.7849,0.7840,0.7847,12648.1,1646211719999,9921.54456,127,7034.2,5518.11703,0
1646211720000,0.7848,0.7861,0.7847,0.7860,20848.5,1646211779999,16366.31231,92,9209.6,7231.84137,0
1646211780000,0.7860,0.7867,0.7857,0.7867,6577.7,1646211839999,5169.46960,76,3990.8,3136.71073,0
1646211840000,0.7867,0.7880,0.7867,0.7880,11591.7,1646211899999,9123.43520,112,8134.7,6402.98435,0
1646211900000,0.7880,0.7893,0.7880,0.7887,11287.6,1646211959999,8901.14409,97,8791.4,6932.43316,0
1646211960000,0.7888,0.7896,0.7883,0.7894,11025.2,1646212019999,8697.42313,71,7275.2,5738.71150,0
1646212020000,0.7893,0.7900,0.7891,0.7896,6138.5,1646212079999,4846.25035,47,2190.4,1729.21724,0
1646212080000,0.7893,0.7895,0.7888,0.7893,5512.9,1646212139999,4350.85600,32,3835.8,3027.61652,0
1646212140000,0.7891,0.7893,0.7886,0.7892,6259.7,1646212199999,4939.45444,33,2174.1,1715.83946,0
1646212200000,0.7887,0.7901,0.7885,0.7894,10701.7,1646212259999,8447.78918,44,7070.2,5580.23349,0
1646212260000,0.7887,0.7903,0.7884,0.7901,3386.2,1646212319999,2673.05385,31,2420.8,1910.92067,0
1646212320000,0.7899,0.7903,0.7898,0.7900,3607.4,1646212379999,2850.07344,30,2676.3,2114.39576,0
1646212380000,0.7897,0.7899,0.7889,0.7899,5219.3,1646212439999,4119.00502,24,4983.7,3932.93799,0
1646212440000,0.7899,0.7900,0.7882,0.7883,14000.3,1646212499999,11044.65624,45,5450.7,4300.10137,0
1646212500000,0.7889,0.7889,0.7878,0.7881,2798.9,1646212559999,2205.99397,29,1030.6,812.09656,0
1646212560000,0.7884,0.7899,0.7883,0.7896,6479.7,1646212619999,5114.39416,46,5432.7,4287.86611,0
1646212620000,0.7896,0.7901,0.7891,0.7895,4148.7,1646212679999,3276.17371,37,3169.9,2503.40242,0
1646212680000,0.7894,0.7913,0.7890,0.7907,5363.7,1646212739999,4236.21253,34,2568.7,2029.67520,0
1646212740000,0.7911,0.7912,0.7907,0.7907,4201.7,1646212799999,3323.36813,25,1210.3,957.31236,0
1646212800000,0.7908,0.7913,0.7904,0.7913,4030.9,1646212859999,3187.67953,36,3384.4,2676.42263,0
1646212860000,0.7915,0.7916,0.7905,0.7907,10295.1,1646212919999,8142.22628,57,6863.9,5428.69841,0
1646212920000,0.7908,0.7909,0.7898,0.7905,19817.0,1646212979999,15664.78581,63,14363.3,11354.76072,0
1646212980000,0.7903,0.7906,0.7899,0.7906,4053.4,1646213039999,3203.47706,30,2480.8,1960.69309,0
1646213040000,0.7904,0.7913,0.7895,0.7895,30751.6,1646213099999,24316.71661,60,25119.9,19866.85283,0
1646213100000,0.7898,0.7903,0.7895,0.7897,4563.2,1646213159999,3603.58106,24,366.4,289.49543,0
1646213160000,0.7894,0.7902,0.7894,0.7898,4685.2,1646213219999,3700.38250,30,2446.4,1932.63912,0
1646213220000,0.7894,0.7896,0.7884,0.7888,7268.5,1646213279999,5735.48761,43,4142.7,3269.51692,0
1646213280000,0.7888,0.7888,0.7871,0.7872,10580.8,1646213339999,8338.15845,66,2683.5,2113.96537,0
1646213340000,0.7872,0.7872,0.7860,0.7869,16901.8,1646213399999,13293.60395,51,4373.3,3440.20702,0
1646213400000,0.7868,0.7919,0.7850,0.7907,59314.7,1646213459999,46754.66611,152,45091.3,35561.02435,0
1646213460000,0.7906,0.7929,0.7894,0.7894,32787.8,1646213519999,25950.13408,126,15322.7,12127.53952,0
1646213520000,0.7894,0.7894,0.7853,0.7866,35448.3,1646213579999,27871.87058,96,10002.4,7865.39787,0
1646213580000,0.7866,0.7868,0.7846,0.7859,20605.6,1646213639999,16191.40541,72,6462.8,5081.91513,0
1646213640000,0.7861,0.7885,0.7860,0.7875,25540.8,1646213699999,20110.84762,55,19688.8,15500.83273,0
1646213700000,0.7879,0.7905,0.7879,0.7896,10992.4,1646213759999,8677.61689,60,7152.7,5646.17263,0
1646213760000,0.7895,0.7895,0.7883,0.7884,9822.7,1646213819999,7747.88510,50,7244.4,5714.93384,0
1646213820000,0.7883,0.7890,0.7881,0.7882,3873.9,1646213879999,3054.02487,30,2510.7,1979.45841,0
1646213880000,0.7882,0.7890,0.7871,0.7887,6150.5,1646213939999,4845.88807,46,2986.1,2353.94925,0
1646213940000,0.7886,0.7898,0.7886,0.7895,5819.2,1646213999999,4592.91648,70,2692.0,2124.61808,0
1646214000000,0.7895,0.7897,0.7891,0.7897,4490.6,1646214059999,3544.28998,77,2690.9,2123.84859,0
1646214060000,0.7897,0.7905,0.7887,0.7889,25822.0,1646214119999,20393.50182,115,12634.5,9978.02698,0
1646214120000,0.7892,0.7902,0.7885,0.7901,9939.9,1646214179999,7848.70775,65,6668.0,5266.88796,0
1646214180000,0.7899,0.7908,0.7898,0.7901,11997.9,1646214239999,9481.02991,92,7581.8,5991.32062,0
1646214240000,0.7901,0.7901,0.7892,0.7901,10487.2,1646214299999,8280.18306,81,3400.1,2685.06025,0
1646214300000,0.7901,0.7910,0.7882,0.7886,13216.1,1646214359999,10433.90507,99,2696.8,2130.58133,0
1646214360000,0.7885,0.7898,0.7885,0.7897,5561.0,1646214419999,4388.19745,40,4340.8,3424.92390,0
1646214420000,0.7895,0.7902,0.7895,0.7899,11989.9,1646214479999,9470.59595,79,4255.4,3360.73674,0
1646214480000,0.7902,0.7911,0.7902,0.7904,20349.8,1646214539999,16086.40751,95,7123.7,5631.60084,0
1646214540000,0.7906,0.7910,0.7904,0.7908,4967.4,1646214599999,3927.26169,46,2080.7,1645.29580,0
1646214600000,0.7910,0.7918,0.7907,0.7914,15989.4,1646214659999,12652.80124,104,11405.5,9026.94729,0
1646214660000,0.7912,0.7918,0.7908,0.7909,8064.2,1646214719999,6381.05598,63,2079.4,1645.15817,0
1646214720000,0.7913,0.7917,0.7907,0.7910,7451.0,1646214779999,5894.41434,33,1619.4,1280.91182,0
1646214780000,0.7907,0.7919,0.7903,0.7912,7647.6,1646214839999,6047.12770,68,3977.8,3144.67668,0
1646214840000,0.7908,0.7909,0.7894,0.7903,9781.3,1646214899999,7726.88892,74,4274.6,3375.99915,0
1646214900000,0.7902,0.7908,0.7886,0.7894,4682.6,1646214959999,3697.88761,51,2159.6,1705.25155,0
1646214960000,0.7893,0.7899,0.7885,0.7885,9114.6,1646215019999,7195.14653,57,6683.7,5276.99661,0
1646215020000,0.7886,0.7897,0.7885,0.7897,8288.0,1646215079999,6541.97857,47,6706.2,5294.18384,0
1646215080000,0.7895,0.7895,0.7888,0.7891,4808.9,1646215139999,3794.92733,43,2105.6,1661.44029,0
1646215140000,0.7892,0.7895,0.7881,0.7895,10572.2,1646215199999,8341.26210,43,4721.1,3724.81580,0
1646215200000,0.7898,0.7907,0.7895,0.7896,19122.0,1646215259999,15106.83128,74,4639.7,3665.29575,0
1646215260000,0.7896,0.7898,0.7880,0.7898,18032.9,1646215319999,14223.12934,83,3551.7,2803.18379,0
1646215320000,0.7898,0.7913,0.7898,0.7911,23854.9,1646215379999,18862.95949,81,21188.7,16754.75215,0
1646215380000,0.7911,0.7917,0.7907,0.7917,6707.7,1646215439999,5305.83839,58,5162.6,4083.88486,0
1646215440000,0.7917,0.7917,0.7908,0.7908,9369.5,1646215499999,7412.43711,65,2426.1,1919.34036,0
1646215500000,0.7907,0.7910,0.7902,0.7904,11680.7,1646215559999,9234.28127,60,7218.0,5705.49964,0
1646215560000,0.7904,0.7913,0.7900,0.7912,6036.1,1646215619999,4772.76554,53,3776.9,2986.86148,0
1646215620000,0.7912,0.7925,0.7912,0.7917,7794.9,1646215679999,6172.89676,47,6426.8,5089.43607,0
1646215680000,0.7918,0.7925,0.7917,0.7923,8342.3,1646215739999,6608.25296,82,3778.0,2992.61967,0
1646215740000,0.7922,0.7925,0.7918,0.7920,7518.5,1646215799999,5956.08140,100,3852.1,3051.63733,0
1646215800000,0.7921,0.7926,0.7918,0.7922,6647.5,1646215859999,5265.93124,78,2009.0,1591.49076,0
1646215860000,0.7924,0.7929,0.7921,0.7928,4869.9,1646215919999,3859.75088,66,1733.7,1373.78209,0
1646215920000,0.7929,0.7941,0.7929,0.7937,16053.8,1646215979999,12736.70588,99,5221.2,4142.42824,0
1646215980000,0.7938,0.7941,0.7934,0.7939,11544.1,1646216039999,9164.33090,84,4997.1,3967.35569,0
1646216040000,0.7941,0.7944,0.7939,0.7943,4498.3,1646216099999,3572.87005,58,2714.9,2156.38757,0
1646216100000,0.7942,0.7950,0.7942,0.7950,23724.5,1646216159999,18851.78904,113,13649.3,10847.21463,0
1646216160000,0.7950,0.7963,0.7934,0.7934,42147.7,1646216219999,33525.88801,210,12750.8,10146.99950,0
1646216220000,0.7933,0.7949,0.7922,0.7935,14809.6,1646216279999,11748.64560,111,6743.4,5351.72861,0
1646216280000,0.7934,0.7943,0.7934,0.7943,2208.4,1646216339999,1753.58796,36,1034.0,821.10139,0
1646216340000,0.7943,0.7952,0.7940,0.7951,8914.6,1646216399999,7082.21826,91,3665.3,2912.09489,0
1646216400000,0.7954,0.7958,0.7944,0.7947,12024.2,1646216459999,9558.45345,111,6832.2,5431.11940,0
1646216460000,0.7947,0.7947,0.7941,0.7942,5245.6,1646216519999,4166.92168,57,3508.7,2787.24007,0
1646216520000,0.7944,0.7947,0.7940,0.7940,1631.1,1646216579999,1295.71106,20,166.8,132.45450,0
1646216580000,0.7940,0.7949,0.7939,0.7947,20233.4,1646216639999,16075.20826,85,14076.6,11185.83429,0
1646216640000,0.7947,0.7951,0.7940,0.7942,5241.6,1646216699999,4164.79291,81,2139.0,1699.68962,0
1646216700000,0.7940,0.7948,0.7934,0.7946,12824.7,1646216759999,10183.82259,77,4135.9,3286.08135,0
1646216760000,0.7946,0.7953,0.7942,0.7953,12933.8,1646216819999,10278.95302,98,8888.4,7065.03846,0
1646216820000,0.7953,0.7956,0.7949,0.7951,5540.7,1646216879999,4406.57840,83,2508.6,1995.21263,0
1646216880000,0.7951,0.7958,0.7947,0.7955,19327.3,1646216939999,15375.46698,112,4289.4,3410.79231,0
1646216940000,0.7956,0.7960,0.7950,0.7955,17782.8,1646216999999,14146.01288,111,6045.2,4809.43749,0
1646217000000,0.7957,0.7963,0.7957,0.7959,9687.8,1646217059999,7712.54196,57,2810.2,2236.80411,0
1646217060000,0.7963,0.7966,0.7953,0.7962,36530.6,1646217119999,29082.60420,148,32404.1,25798.45278,0
1646217120000,0.7964,0.7973,0.7964,0.7969,6890.4,1646217179999,5490.05007,91,4612.9,3675.63913,0
1646217180000,0.7969,0.7979,0.7967,0.7975,15506.8,1646217239999,12366.01145,88,9503.9,7578.44385,0
1646217240000,0.7974,0.7995,0.7971,0.7989,110029.2,1646217299999,87848.89609,268,86600.0,69157.14686,0
1646217300000,0.7990,0.7994,0.7977,0.7984,26837.7,1646217359999,21428.02666,133,9435.8,7537.41920,0
1646217360000,0.7986,0.7996,0.7984,0.7992,11460.5,1646217419999,9156.74078,79,7787.7,6222.33634,0
1646217420000,0.7991,0.7999,0.7989,0.7994,56171.3,1646217479999,44914.06709,136,44469.8,35560.84685,0
1646217480000,0.7993,0.7997,0.7991,0.7996,9285.4,1646217539999,7423.08407,61,6149.0,4916.04875,0
1646217540000,0.7996,0.8002,0.7987,0.7997,39045.5,1646217599999,31219.55701,150,24879.8,19892.46648,0
1646217600000,0.7997,0.7997,0.7978,0.7992,15905.2,1646217659999,12698.36344,93,7588.7,6058.36893,0
1646217660000,0.7993,0.7994,0.7986,0.7990,10143.3,1646217719999,8103.92960,89,2306.7,1843.12884,0
1646217720000,0.7987,0.7996,0.7987,0.7992,9097.4,1646217779999,7271.61417,87,6005.1,4800.11847,0
1646217780000,0.7990,0.7995,0.7981,0.7986,48352.9,1646217839999,38626.78154,135,33594.6,26841.20801,0
1646217840000,0.7987,0.7994,0.7987,0.7992,3797.3,1646217899999,3034.50324,71,2301.0,1838.73036,0
1646217900000,0.7992,0.7996,0.7978,0.7986,9639.8,1646217959999,7701.36336,84,4545.2,3631.50968,0
1646217960000,0.7985,0.7994,0.7983,0.7994,11246.2,1646218019999,8986.60934,57,4919.0,3931.41720,0
1646218020000,0.7995,0.8002,0.7992,0.7998,5284.1,1646218079999,4225.98865,51,4283.1,3425.48730,0
1646218080000,0.7999,0.7999,0.7994,0.7997,2690.1,1646218139999,2151.18841,26,1142.0,913.02528,0
1646218140000,0.7997,0.8001,0.7994,0.7999,4908.5,1646218199999,3925.78959,67,2551.8,2040.92583,0
1646218200000,0.8001,0.8001,0.7983,0.7985,14053.7,1646218259999,11224.23329,59,1394.5,1113.92450,0
1646218260000,0.7984,0.7989,0.7980,0.7985,4025.6,1646218319999,3214.18189,30,607.9,485.46278,0
1646218320000,0.7987,0.7995,0.7985,0.7986,1357.7,1646218379999,1084.62033,20,953.0,761.33933,0
1646218380000,0.7990,0.7993,0.7982,0.7986,7753.1,1646218439999,6193.83674,44,5935.2,4741.73039,0
1646218440000,0.7988,0.7991,0.7983,0.7985,4077.7,1646218499999,3256.96977,28,1852.6,1480.18259,0
1646218500000,0.7985,0.7987,0.7977,0.7986,6670.2,1646218559999,5325.80029,36,1137.5,907.77317,0
1646218560000,0.7987,0.7987,0.7969,0.7970,10597.3,1646218619999,8454.51390,68,1274.6,1016.59842,0
1646218620000,0.7970,0.7976,0.7970,0.7974,8086.6,1646218679999,6448.98966,41,1712.2,1365.31892,0
1646218680000,0.7976,0.7979,0.7973,0.7973,6420.8,1646218739999,5121.14760,62,3276.6,2613.52234,0
1646218740000,0.7975,0.7982,0.7973,0.7978,28033.3,1646218799999,22367.68289,67,9548.8,7618.51449,0
1646218800000,0.7982,0.7985,0.7977,0.7979,16941.7,1646218859999,13520.95832,57,7738.0,6175.63299,0
1646218860000,0.7978,0.7978,0.7969,0.7969,96444.9,1646218919999,76938.80698,694,4513.6,3598.85280,0
1646218920000,0.7967,0.7978,0.7960,0.7960,58043.5,1646218979999,46258.93596,143,48654.8,38778.46688,0
1646218980000,0.7959,0.7964,0.7946,0.7962,22454.2,1646219039999,17859.02584,87,10272.2,8169.47060,0
1646219040000,0.7962,0.7972,0.7961,0.7971,12196.6,1646219099999,9715.75568,70,9118.0,7264.30587,0
1646219100000,0.7970,0.7972,0.7962,0.7963,13071.5,1646219159999,10415.65275,79,3619.8,2884.71452,0
1646219160000,0.7962,0.7962,0.7946,0.7948,14366.3,1646219219999,11427.76912,89,9326.8,7419.14861,0
1646219220000,0.7950,0.7952,0.7948,0.7949,5835.4,1646219279999,4638.40603,45,2552.6,2028.96024,0
1646219280000,0.7952,0.7959,0.7948,0.7953,17708.4,1646219339999,14084.61643,94,10054.4,7997.91694,0
1646219340000,0.7955,0.7963,0.7945,0.7960,11297.5,1646219399999,8986.90052,73,6863.2,5460.53276,0
1646219400000,0.7964,0.7965,0.7958,0.7958,8721.7,1646219459999,6943.39029,53,2939.4,2339.93159,0
1646219460000,0.7958,0.7967,0.7956,0.7967,14282.9,1646219519999,11367.60663,53,12370.0,9845.24670,0
1646219520000,0.7965,0.7979,0.7965,0.7978,11291.4,1646219579999,9000.82622,65,7953.6,6340.06528,0
1646219580000,0.7978,0.7997,0.7978,0.7994,25714.1,1646219639999,20539.20916,118,12472.2,9963.92961,0
1646219640000,0.7994,0.8007,0.7990,0.7994,27399.1,1646219699999,21915.64041,135,11215.9,8971.99892,0
1646219700000,0.7995,0.8021,0.7995,0.8014,50260.3,1646219759999,40266.22059,173,21580.6,17283.47431,0
1646219760000,0.8014,0.8022,0.8012,0.8016,31001.1,1646219819999,24854.45098,95,7518.6,6028.06482,0
1646219820000,0.8016,0.8019,0.8008,0.8012,17014.9,1646219879999,13634.31136,67,3948.5,3164.31100,0
1646219880000,0.8011,0.8018,0.8009,0.8011,10093.7,1646219939999,8087.98297,91,3589.0,2876.04045,0
1646219940000,0.8007,0.8012,0.8005,0.8007,9671.9,1646219999999,7744.97799,62,5401.2,4325.67330,0
1646220000000,0.8006,0.8014,0.8005,0.8014,11954.6,1646220059999,9574.14462,55,6172.3,4943.58956,0
1646220060000,0.8013,0.8020,0.8008,0.8015,21978.0,1646220119999,17612.78622,80,10542.7,8449.27405,0
1646220120000,0.8016,0.8028,0.7994,0.7994,31848.7,1646220179999,25537.07602,118,17943.1,14394.11560,0
1646220180000,0.7993,0.8002,0.7984,0.7992,23030.5,1646220239999,18409.01363,105,13696.4,10948.84303,0
1646220240000,0.7991,0.8011,0.7977,0.8003,17036.8,1646220299999,13620.53546,92,12373.5,9891.78183,0
1646220300000,0.8003,0.8005,0.8000,0.8002,16538.9,1646220359999,13235.69521,45,6138.4,4912.41292,0
1646220360000,0.8003,0.8010,0.7997,0.8003,14020.8,1646220419999,11222.90666,66,6205.6,4967.49718,0
1646220420000,0.8003,0.8003,0.7989,0.7993,13504.4,1646220479999,10796.10955,55,11460.4,9161.94651,0
1646220480000,0.7993,0.8002,0.7987,0.7991,12259.3,1646220539999,9799.05506,67,5521.6,4413.51441,0
1646220540000,0.7992,0.8002,0.7990,0.7995,5200.4,1646220599999,4157.62829,36,3327.1,2659.75226,0
1646220600000,0.7993,0.8002,0.7981,0.7981,13042.7,1646220659999,10418.65960,55,2425.8,1938.85478,0
1646220660000,0.7985,0.7998,0.7985,0.7996,12108.5,1646220719999,9676.77863,59,8885.0,7100.95506,0
1646220720000,0.7995,0.8007,0.7995,0.7996,17322.8,1646220779999,13861.90022,60,6204.0,4963.41792,0
1646220780000,0.7996,0.8003,0.7988,0.7992,7906.5,1646220839999,6320.26279,55,3450.8,2758.70578,0
1646220840000,0.7991,0.7991,0.7984,0.7984,4598.6,1646220899999,3672.83783,32,2730.9,2181.30545,0
1646220900000,0.7984,0.7991,0.7983,0.7983,6670.7,1646220959999,5327.90611,44,4274.7,3414.28062,0
1646220960000,0.7983,0.7998,0.7983,0.7995,9423.5,1646221019999,7532.67766,48,5316.3,4249.23553,0
1646221020000,0.7995,0.7995,0.7988,0.7995,6810.7,1646221079999,5442.88901,55,2950.3,2357.65378,0
1646221080000,0.7994,0.7994,0.7982,0.7987,14075.8,1646221139999,11246.36897,66,10748.7,8588.79063,0
1646221140000,0.7988,0.7988,0.7979,0.7979,3809.4,1646221199999,3041.17956,56,734.9,586.86686,0
1646221200000,0.7981,0.7990,0.7981,0.7987,19448.9,1646221259999,15535.47712,70,14710.7,11751.08990,0
1646221260000,0.7986,0.7996,0.7984,0.7991,15387.6,1646221319999,12294.36405,71,6788.4,5424.09056,0
1646221320000,0.7993,0.7996,0.7989,0.7992,15644.5,1646221379999,12502.45358,72,5884.4,4703.11204,0
1646221380000,0.7992,0.8000,0.7991,0.7997,14412.4,1646221439999,11523.50947,49,8746.3,6992.71109,0
1646221440000,0.8000,0.8011,0.7998,0.8011,11585.6,1646221499999,9277.15460,78,10225.9,8188.85432,0
1646221500000,0.8012,0.8020,0.8008,0.8018,23244.9,1646221559999,18634.56012,76,10261.7,8226.54094,0
1646221560000,0.8019,0.8022,0.8013,0.8020,25965.4,1646221619999,20815.52786,84,4726.5,3789.42700,0
1646221620000,0.8021,0.8027,0.8015,0.8015,12474.2,1646221679999,10003.69523,84,4390.3,3522.02612,0
1646221680000,0.8016,0.8023,0.8010,0.8011,10593.1,1646221739999,8491.92866,71,3495.8,2803.30204,0
1646221740000,0.8009,0.8018,0.8007,0.8016,3563.5,1646221799999,2854.46221,29,3038.1,2433.45662,0
1646221800000,0.8017,0.8025,0.8010,0.8010,9571.8,1646221859999,7672.23713,94,1785.4,1431.84573,0
1646221860000,0.8009,0.8017,0.8007,0.8008,17116.8,1646221919999,13711.80876,78,3787.7,3033.94705,0
1646221920000,0.8009,0.8022,0.8006,0.8020,8142.1,1646221979999,6524.28753,42,4331.8,3471.77012,0
1646221980000,0.8019,0.8020,0.8014,0.8014,8243.9,1646222039999,6609.22790,71,3335.3,2673.70129,0
1646222040000,0.8014,0.8020,0.8010,0.8014,5560.2,1646222099999,4456.37896,74,2423.0,1941.99893,0
1646222100000,0.8014,0.8018,0.8010,0.8014,5107.9,1646222159999,4093.66085,64,3188.6,2555.57426,0
1646222160000,0.8011,0.8014,0.8001,0.8007,11486.1,1646222219999,9196.65005,83,5947.2,4762.16396,0
1646222220000,0.8009,0.8009,0.7993,0.8000,20692.0,1646222279999,16552.39225,69,1072.0,858.01007,0
1646222280000,0.8001,0.8006,0.7995,0.7997,12099.3,1646222339999,9675.92078,52,2514.0,2010.84621,0
1646222340000,0.7998,0.8001,0.7996,0.7997,17407.3,1646222399999,13923.46875,48,10265.1,8209.10241,0
1646222400000,0.7996,0.7996,0.7988,0.7989,19859.9,1646222459999,15874.73601,50,6022.9,4814.79819,0
1646222460000,0.7989,0.8003,0.7989,0.8003,12317.0,1646222519999,9847.59584,60,8871.1,7094.53745,0
1646222520000,0.8002,0.8012,0.7996,0.8006,22921.1,1646222579999,18349.88661,86,8605.9,6889.07023,0
1646222580000,0.8006,0.8015,0.8002,0.8015,6589.5,1646222639999,5277.07578,45,5119.7,4100.66316,0
1646222640000,0.8012,0.8023,0.8012,0.8022,10996.9,1646222699999,8818.99723,60,7070.0,5670.39165,0
1646222700000,0.8025,0.8025,0.8011,0.8015,9997.3,1646222759999,8012.03884,59,2736.2,2192.33639,0
1646222760000,0.8015,0.8024,0.8015,0.8021,3476.8,1646222819999,2787.59726,35,1981.0,1588.14179,0
1646222820000,0.8023,0.8030,0.8018,0.8018,7592.7,1646222879999,6092.89768,58,2583.7,2073.76567,0
1646222880000,0.8020,0.8034,0.8020,0.8028,34096.1,1646222939999,27378.14408,63,7995.4,6419.17991,0
1646222940000,0.8028,0.8032,0.8024,0.8030,16798.8,1646222999999,13484.84889,66,3044.6,2444.62108,0
1646223000000,0.8027,0.8036,0.8024,0.8030,18080.9,1646223059999,14521.44289,72,14462.7,11617.05807,0
1646223060000,0.8032,0.8037,0.8028,0.8030,12692.9,1646223119999,10194.69012,62,3514.9,2823.07593,0
1646223120000,0.8030,0.8030,0.8024,0.8029,8503.8,1646223179999,6825.46817,51,2857.5,2294.22209,0
1646223180000,0.8029,0.8038,0.8029,0.8034,11478.5,1646223239999,9223.96992,56,7495.5,6023.43658,0
1646223240000,0.8035,0.8048,0.8034,0.8042,37746.8,1646223299999,30357.61071,128,25025.3,20129.55025,0
1646223300000,0.8041,0.8052,0.8040,0.8052,23333.5,1646223359999,18775.60198,105,18637.5,14997.84076,0
1646223360000,0.8051,0.8065,0.8050,0.8059,21083.6,1646223419999,16990.44149,169,15551.2,12532.18551,0
1646223420000,0.8060,0.8062,0.8046,0.8046,9822.1,1646223479999,7910.57216,74,1312.4,1057.38559,0
1646223480000,0.8046,0.8046,0.8015,0.8015,30455.6,1646223539999,24444.38462,80,3562.9,2858.12980,0
1646223540000,0.8014,0.8019,0.7975,0.7991,31299.6,1646223599999,25021.71024,153,18934.9,15132.09144,0
1646223600000,0.7992,0.7993,0.7955,0.7971,55650.9,1646223659999,44329.61679,144,26570.4,21159.52187,0
1646223660000,0.7973,0.7978,0.7958,0.7959,18388.4,1646223719999,14660.17261,75,5693.1,4538.70550,0
1646223720000,0.7958,0.7973,0.7957,0.7971,11712.0,1646223779999,9328.11115,36,5593.5,4456.26689,0
1646223780000,0.7973,0.7976,0.7944,0.7950,20899.3,1646223839999,16615.56249,83,15096.5,11997.86920,0
1646223840000,0.7950,0.7966,0.7949,0.7958,12206.0,1646223899999,9712.11821,85,3541.5,2818.18060,0
1646223900000,0.7967,0.7984,0.7961,0.7983,29442.1,1646223959999,23489.07129,107,23609.4,18837.47498,0
1646223960000,0.7983,0.7983,0.7967,0.7967,6771.5,1646224019999,5399.91705,47,4685.3,3735.17725,0
1646224020000,0.7968,0.7970,0.7955,0.7955,19364.8,1646224079999,15418.94731,90,11313.5,9010.00717,0
1646224080000,0.7956,0.7960,0.7939,0.7958,16793.6,1646224139999,13347.53353,68,4638.6,3688.15680,0
1646224140000,0.7958,0.7961,0.7946,0.7961,23582.1,1646224199999,18753.97117,89,9002.6,7159.70336,0
1646224200000,0.7961,0.7966,0.7925,0.7935,41134.7,1646224259999,32707.37975,118,7428.4,5905.25655,0
1646224260000,0.7935,0.7942,0.7913,0.7922,57902.7,1646224319999,45865.82307,197,34115.3,27026.07963,0
1646224320000,0.7920,0.7934,0.7918,0.7930,8982.8,1646224379999,7121.20385,73,6837.5,5420.64574,0
1646224380000,0.7929,0.7939,0.7920,0.7920,12156.8,1646224439999,9640.84114,73,5900.6,4681.94002,0
1646224440000,0.7920,0.7937,0.7920,0.7923,10393.9,1646224499999,8242.95822,47,8658.1,6866.66646,0
1646224500000,0.7921,0.7928,0.7911,0.7918,17013.5,1646224559999,13480.55584,93,10280.4,8146.98169,0
1646224560000,0.7919,0.7937,0.7919,0.7936,9143.3,1646224619999,7251.84806,61,4466.9,3543.33970,0
1646224620000,0.7937,0.7949,0.7936,0.7939,14013.8,1646224679999,11131.05354,86,7584.0,6024.75902,0
1646224680000,0.7940,0.7949,0.7939,0.7946,11350.7,1646224739999,9015.69892,86,7499.4,5957.07094,0
1646224740000,0.7945,0.7951,0.7938,0.7948,9491.9,1646224799999,7539.50484,72,3083.7,2449.08399,0
1646224800000,0.7947,0.7959,0.7944,0.7959,28091.2,1646224859999,22339.02575,79,7301.2,5805.93880,0
1646224860000,0.7961,0.7968,0.7960,0.7961,22365.8,1646224919999,17812.43258,91,9987.3,7953.46616,0
1646224920000,0.7961,0.7972,0.7961,0.7965,12349.1,1646224979999,9836.88373,86,5430.4,4325.78724,0
1646224980000,0.7966,0.7971,0.7948,0.7948,21650.6,1646225039999,17232.38384,106,3118.2,2483.83844,0
1646225040000,0.7950,0.7958,0.7944,0.7951,8716.8,1646225099999,6933.11293,74,6949.6,5527.14650,0
1646225100000,0.7951,0.7951,0.7930,0.7930,17557.6,1646225159999,13941.43529,105,3718.3,2952.93416,0
1646225160000,0.7930,0.7935,0.7924,0.7934,11313.2,1646225219999,8971.04050,74,6405.9,5079.57268,0
1646225220000,0.7935,0.7949,0.7933,0.7949,6643.2,1646225279999,5274.69164,59,3626.2,2879.33512,0
1646225280000,0.7949,0.7964,0.7949,0.7960,14924.5,1646225339999,11871.55533,70,11447.5,9105.14609,0
1646225340000,0.7962,0.7968,0.7961,0.7964,16052.1,1646225399999,12783.84770,84,8116.6,6464.52072,0
1646225400000,0.7965,0.7992,0.7965,0.7978,20317.2,1646225459999,16218.58516,91,11191.2,8932.00971,0
1646225460000,0.7979,0.7987,0.7973,0.7977,11236.4,1646225519999,8964.91025,57,6505.0,5190.56385,0
1646225520000,0.7979,0.7981,0.7968,0.7968,9064.8,1646225579999,7229.51565,66,2315.3,1847.32045,0
1646225580000,0.7970,0.7971,0.7965,0.7966,7729.1,1646225639999,6159.04692,49,4817.5,3839.29507,0
1646225640000,0.7967,0.7972,0.7963,0.7972,4634.5,1646225699999,3691.99275,44,1951.8,1555.24394,0
1646225700000,0.7971,0.7979,0.7947,0.7951,21091.4,1646225759999,16786.47854,97,2966.7,2364.69024,0
1646225760000,0.7951,0.7960,0.7950,0.7958,5589.0,1646225819999,4444.46532,30,4485.5,3566.96615,0
1646225820000,0.7958,0.7963,0.7942,0.7953,6631.5,1646225879999,5273.22372,40,4607.7,3664.92212,0
1646225880000,0.7954,0.7964,0.7951,0.7951,5480.9,1646225939999,4360.13973,31,3643.8,2899.13769,0
1646225940000,0.7954,0.7961,0.7954,0.7961,12951.4,1646225999999,10306.95566,28,3609.5,2871.73828,0
1646226000000,0.7964,0.7965,0.7954,0.7956,18475.1,1646226059999,14706.02847,59,6761.3,5381.45868,0
1646226060000,0.7956,0.7958,0.7948,0.7948,7520.8,1646226119999,5980.73137,48,3279.1,2607.95305,0
1646226120000,0.7947,0.7956,0.7944,0.7955,15822.6,1646226179999,12576.29610,76,12720.9,10110.92370,0
1646226180000,0.7954,0.7962,0.7954,0.7956,5911.1,1646226239999,4704.22125,29,2058.3,1638.06477,0
1646226240000,0.7953,0.7962,0.7952,0.7953,5128.9,1646226299999,4080.21905,37,2584.3,2055.71276,0
1646226300000,0.7952,0.7970,0.7933,0.7966,13806.2,1646226359999,10983.78757,52,6568.3,5229.78710,0
1646226360000,0.7964,0.7969,0.7956,0.7962,17796.5,1646226419999,14169.30740,52,13448.7,10707.59385,0
1646226420000,0.7962,0.7963,0.7956,0.7958,2548.1,1646226479999,2028.37407,24,1422.2,1132.24251,0
1646226480000,0.7957,0.7957,0.7931,0.7933,8615.2,1646226539999,6844.31942,45,2361.4,1873.46553,0
1646226540000,0.7930,0.7933,0.7922,0.7930,64479.8,1646226599999,51091.08352,80,49702.6,39380.31916,0
1646226600000,0.7930,0.7940,0.7927,0.7933,14194.0,1646226659999,11260.67268,54,7860.1,6236.01415,0
1646226660000,0.7931,0.7931,0.7916,0.7930,35813.5,1646226719999,28377.04537,93,6605.3,5232.30827,0
1646226720000,0.7928,0.7929,0.7914,0.7918,18682.4,1646226779999,14794.96219,68,11534.8,9134.23683,0
1646226780000,0.7921,0.7921,0.7889,0.7894,65810.6,1646226839999,51974.93147,188,11855.3,9368.46668,0
1646226840000,0.7894,0.7898,0.7889,0.7889,34913.4,1646226899999,27565.88127,71,30814.9,24331.20834,0
1646226900000,0.7890,0.7896,0.7879,0.7882,26304.5,1646226959999,20748.97787,114,6279.0,4954.87468,0
1646226960000,0.7881,0.7881,0.7836,0.7841,94192.3,1646227019999,73991.54417,319,49416.5,38825.83207,0
1646227020000,0.7840,0.7858,0.7805,0.7841,114618.4,1646227079999,89730.87802,423,53445.3,41851.72454,0
1646227080000,0.7842,0.7844,0.7813,0.7819,39057.5,1646227139999,30570.48595,143,11558.1,9042.50103,0
1646227140000,0.7814,0.7834,0.7805,0.7811,63632.0,1646227199999,49787.95453,168,50152.5,39246.30150,0
1646227200000,0.7810,0.7826,0.7807,0.7807,23250.4,1646227259999,18176.19979,107,14996.8,11724.79382,0
1646227260000,0.7807,0.7825,0.7807,0.7825,12777.3,1646227319999,9985.47106,63,8357.8,6531.13384,0
1646227320000,0.7825,0.7825,0.7805,0.7819,22048.8,1646227379999,17236.94426,68,8627.4,6746.68109,0
1646227380000,0.7819,0.7820,0.7793,0.7796,34889.8,1646227439999,27239.08525,128,13386.3,10455.50485,0
1646227440000,0.7795,0.7814,0.7795,0.7810,49741.8,1646227499999,38815.72227,109,37633.7,29366.21547,0
1646227500000,0.7811,0.7815,0.7796,0.7804,18132.3,1646227559999,14151.38592,70,5235.2,4087.47036,0
1646227560000,0.7804,0.7821,0.7800,0.7821,13458.9,1646227619999,10508.24152,73,11767.6,9188.06662,0
1646227620000,0.7822,0.7830,0.7816,0.7830,30310.2,1646227679999,23713.05667,110,20247.9,15843.74705,0
1646227680000,0.7829,0.7835,0.7820,0.7824,43474.3,1646227739999,34017.21778,109,22744.7,17797.63113,0
1646227740000,0.7823,0.7831,0.7820,0.7825,13233.1,1646227799999,10354.13572,49,9215.1,7210.19724,0
1646227800000,0.7821,0.7859,0.7819,0.7837,73477.6,1646227859999,57635.13476,157,49541.2,38873.93982,0
1646227860000,0.7837,0.7837,0.7812,0.7812,27700.0,1646227919999,21682.25352,102,10614.8,8312.64196,0
1646227920000,0.7810,0.7810,0.7780,0.7781,49189.8,1646227979999,38359.32770,128,25240.1,19677.06322,0
1646227980000,0.7778,0.7793,0.7775,0.7787,30200.8,1646228039999,23506.26976,96,14365.6,11184.30810,0
1646228040000,0.7785,0.7791,0.7783,0.7789,17971.4,1646228099999,13993.29769,63,12750.6,9928.70355,0
1646228100000,0.7790,0.7797,0.7761,0.7765,70142.9,1646228159999,54503.91988,131,22983.1,17867.66328,0
1646228160000,0.7766,0.7775,0.7735,0.7751,201058.4,1646228219999,155806.90632,1020,59378.7,46028.30890,0
1646228220000,0.7751,0.7765,0.7742,0.7750,27663.9,1646228279999,21451.10212,169,17302.9,13418.48844,0
1646228280000,0.7748,0.7750,0.7713,0.7729,211194.6,1646228339999,163250.80507,443,59634.0,46112.48821,0
1646228340000,0.7726,0.7741,0.7725,0.7732,66250.9,1646228399999,51234.45202,154,40537.0,31356.74306,0
1646228400000,0.7734,0.7745,0.7708,0.7708,77181.5,1646228459999,59622.96335,216,22281.3,17218.80241,0
1646228460000,0.7707,0.7726,0.7688,0.7700,254114.4,1646228519999,195707.70420,576,67542.2,52054.43536,0
1646228520000,0.7701,0.7703,0.7680,0.7689,83013.9,1646228579999,63848.86866,290,38076.8,29294.37231,0
1646228580000,0.7689,0.7694,0.7666,0.7666,46894.6,1646228639999,36017.72454,190,23950.4,18398.96227,0
1646228640000,0.7669,0.7692,0.7669,0.7691,62843.2,1646228699999,48256.42372,197,49686.3,38152.48282,0
1646228700000,0.7691,0.7708,0.7678,0.7698,53814.4,1646228759999,41412.09186,141,26106.8,20085.83689,0
1646228760000,0.7697,0.7703,0.7688,0.7693,56132.7,1646228819999,43198.43285,192,17217.8,13254.24055,0
1646228820000,0.7697,0.7717,0.7692,0.7710,49789.5,1646228879999,38377.56927,149,21376.5,16477.93033,0
1646228880000,0.7710,0.7718,0.7709,0.7714,24117.7,1646228939999,18600.30408,101,10793.7,8324.09216,0
1646228940000,0.7711,0.7727,0.7709,0.7717,47526.7,1646228999999,36677.62578,110,17645.8,13617.54220,0
1646229000000,0.7717,0.7729,0.7717,0.7726,18837.4,1646229059999,14549.73153,90,15528.4,11993.33334,0
1646229060000,0.7724,0.7727,0.7716,0.7716,25816.5,1646229119999,19933.28388,111,11333.8,8752.00234,0
1646229120000,0.7717,0.7719,0.7706,0.7707,30843.0,1646229179999,23795.02364,102,21469.9,16565.43062,0
1646229180000,0.7707,0.7720,0.7704,0.7704,21894.0,1646229239999,16878.62754,87,16082.8,12398.40911,0
1646229240000,0.7706,0.7719,0.7703,0.7719,17821.0,1646229299999,13736.12051,91,13578.5,10466.72569,0
1646229300000,0.7718,0.7718,0.7693,0.7706,16520.8,1646229359999,12722.56953,58,9059.4,6976.12146,0
1646229360000,0.7708,0.7713,0.7695,0.7704,22279.2,1646229419999,17163.34617,82,7629.5,5877.15481,0
1646229420000,0.7703,0.7713,0.7699,0.7707,19330.6,1646229479999,14893.67999,58,12461.1,9600.62537,0
1646229480000,0.7710,0.7710,0.7687,0.7687,24853.1,1646229539999,19137.37566,81,9179.2,7069.38150,0
1646229540000,0.7687,0.7719,0.7686,0.7709,39231.1,1646229599999,30216.47504,130,26858.6,20684.19386,0
1646229600000,0.7705,0.7735,0.7699,0.7728,52198.3,1646229659999,40277.65528,143,27949.2,21581.49059,0
1646229660000,0.7730,0.7745,0.7727,0.7739,52755.8,1646229719999,40831.43670,117,37858.9,29302.92333,0
1646229720000,0.7739,0.7751,0.7729,0.7748,59056.2,1646229779999,45686.59342,99,29290.1,22653.46450,0
1646229780000,0.7749,0.7752,0.7739,0.7744,8949.4,1646229839999,6930.37367,60,3133.6,2427.41881,0
1646229840000,0.7741,0.7745,0.7735,0.7745,5733.6,1646229899999,4436.37060,35,2751.1,2128.87401,0
1646229900000,0.7742,0.7757,0.7741,0.7755,12270.5,1646229959999,9504.72133,64,8886.1,6882.59826,0
1646229960000,0.7754,0.7754,0.7733,0.7733,39801.4,1646230019999,30810.04558,55,34999.1,27092.27512,0
1646230020000,0.7734,0.7735,0.7725,0.7726,27726.8,1646230079999,21434.65481,59,2991.4,2313.08712,0
1646230080000,0.7724,0.7735,0.7720,0.7724,12978.9,1646230139999,10023.69508,70,5864.5,4529.58762,0
1646230140000,0.7724,0.7730,0.7723,0.7727,6245.9,1646230199999,4825.51470,55,3157.8,2439.33073,0
1646230200000,0.7725,0.7735,0.7716,0.7733,25543.4,1646230259999,19728.99853,53,6655.7,5144.68086,0
1646230260000,0.7732,0.7741,0.7730,0.7739,7143.2,1646230319999,5524.18461,56,3589.2,2775.85766,0
1646230320000,0.7739,0.7741,0.7730,0.7730,14894.4,1646230379999,11521.94112,67,6774.4,5241.68034,0
1646230380000,0.7730,0.7740,0.7722,0.7722,9412.7,1646230439999,7279.30375,48,3288.2,2542.19871,0
1646230440000,0.7720,0.7739,0.7711,0.7736,54886.1,1646230499999,42349.23930,77,6220.0,4805.04812,0
1646230500000,0.7735,0.7742,0.7720,0.7720,17106.4,1646230559999,13227.74897,70,4667.6,3607.76343,0
1646230560000,0.7720,0.7746,0.7717,0.7744,21427.8,1646230619999,16563.44040,122,12906.8,9974.11045,0
1646230620000,0.7739,0.7739,0.7729,0.7730,27000.1,1646230679999,20884.56315,87,16545.0,12797.37431,0
1646230680000,0.7730,0.7743,0.7728,0.7738,10001.6,1646230739999,7737.98227,85,7321.7,5664.47059,0
1646230740000,0.7739,0.7756,0.7739,0.7746,14882.0,1646230799999,11531.80026,79,7729.1,5988.31588,0
1646230800000,0.7746,0.7751,0.7736,0.7737,14215.8,1646230859999,11007.91146,90,8715.2,6748.56952,0
1646230860000,0.7739,0.7739,0.7725,0.7735,15867.4,1646230919999,12269.36602,99,4888.1,3779.91212,0
1646230920000,0.7734,0.7734,0.7725,0.7726,6785.2,1646230979999,5244.00372,55,2215.8,1712.25635,0
1646230980000,0.7729,0.7738,0.7729,0.7735,28947.3,1646231039999,22391.81639,151,18051.3,13964.32180,0
1646231040000,0.7734,0.7741,0.7733,0.7739,13463.8,1646231099999,10417.99393,78,7265.3,5621.84331,0
1646231100000,0.7740,0.7751,0.7737,0.7750,15915.7,1646231159999,12323.55847,80,10644.2,8242.34732,0
1646231160000,0.7748,0.7757,0.7740,0.7754,32164.2,1646231219999,24923.22929,119,16328.4,12651.20025,0
1646231220000,0.7754,0.7754,0.7738,0.7748,5755.7,1646231279999,4457.27011,52,2627.2,2034.41256,0
1646231280000,0.7749,0.7763,0.7730,0.7757,30355.0,1646231339999,23531.86713,119,15327.7,11881.99571,0
1646231340000,0.7759,0.7764,0.7755,0.7761,113337.7,1646231399999,87948.78560,180,12148.4,9425.64540,0
1646231400000,0.7760,0.7786,0.7742,0.7773,101618.3,1646231459999,78914.11715,265,63443.3,49294.97387,0
1646231460000,0.7772,0.7772,0.7740,0.7764,96261.4,1646231519999,74667.97710,293,52454.9,40679.36988,0
1646231520000,0.7767,0.7781,0.7767,0.7774,34675.9,1646231579999,26955.70720,144,15703.5,12208.62749,0
1646231580000,0.7774,0.7780,0.7765,0.7774,136743.6,1646231639999,106267.49233,206,29706.1,23098.29977,0
1646231640000,0.7776,0.7776,0.7763,0.7771,11710.5,1646231699999,9101.39443,95,4482.2,3483.92074,0
1646231700000,0.7772,0.7775,0.7765,0.7765,5943.8,1646231759999,4618.65823,81,1523.4,1184.07128,0
1646231760000,0.7763,0.7771,0.7762,0.7765,15729.1,1646231819999,12215.86935,109,9017.6,7003.24308,0
1646231820000,0.7767,0.7786,0.7767,0.7782,28079.9,1646231879999,21839.13289,101,18469.0,14365.52733,0
1646231880000,0.7786,0.7796,0.7784,0.7795,22547.0,1646231939999,17567.26716,121,17159.2,13370.71347,0
1646231940000,0.7796,0.7802,0.7789,0.7799,35447.7,1646231999999,27630.01700,113,12278.1,9571.21288,0
1646232000000,0.7798,0.7822,0.7790,0.7810,32029.1,1646232059999,25012.36239,165,23293.3,18193.33698,0
1646232060000,0.7813,0.7838,0.7809,0.7838,58651.0,1646232119999,45889.78180,167,33382.3,26127.27457,0
1646232120000,0.7840,0.7901,0.7840,0.7885,195523.8,1646232179999,154084.80485,418,161981.2,127683.43143,0
1646232180000,0.7883,0.7924,0.7881,0.7914,115056.5,1646232239999,91002.79962,405,57015.3,45090.15583,0
1646232240000,0.7916,0.7940,0.7915,0.7932,97729.9,1646232299999,77475.94812,230,38821.0,30792.88462,0
1646232300000,0.7934,0.7940,0.7901,0.7904,88617.1,1646232359999,70135.89849,265,37747.5,29884.19329,0
1646232360000,0.7906,0.7928,0.7906,0.7925,94271.7,1646232419999,74635.34843,244,54219.3,42930.02074,0
1646232420000,0.7929,0.7940,0.7920,0.7924,70684.2,1646232479999,56073.46447,153,37666.7,29892.11435,0
1646232480000,0.7924,0.7935,0.7915,0.7917,40705.9,1646232539999,32254.33500,133,24641.9,19525.25134,0
1646232540000,0.7917,0.7928,0.7910,0.7917,43786.5,1646232599999,34674.22200,170,30529.7,24175.98292,0
1646232600000,0.7915,0.7920,0.7897,0.7909,20303.5,1646232659999,16058.34686,115,10255.3,8114.04024,0
1646232660000,0.7914,0.7915,0.7874,0.7899,88365.8,1646232719999,69721.63481,270,39851.5,31443.61040,0
1646232720000,0.7895,0.7895,0.7875,0.7879,64214.7,1646232779999,50620.22336,157,9588.8,7561.55828,0
1646232780000,0.7881,0.7881,0.7868,0.7880,32770.8,1646232839999,25808.76140,109,8728.6,6876.64927,0
1646232840000,0.7881,0.7893,0.7879,0.7893,16901.3,1646232899999,13330.16027,72,10329.3,8147.35593,0
1646232900000,0.7896,0.7905,0.7894,0.7901,23955.2,1646232959999,18925.71699,87,13213.2,10438.68691,0
1646232960000,0.7903,0.7916,0.7884,0.7891,20729.3,1646233019999,16379.79065,85,10125.9,8002.29144,0
1646233020000,0.7893,0.7894,0.7884,0.7891,18460.6,1646233079999,14562.70966,60,8059.2,6358.47262,0
1646233080000,0.7891,0.7906,0.7891,0.7905,10274.5,1646233139999,8113.39311,63,6886.1,5436.94317,0
1646233140000,0.7906,0.7923,0.7902,0.7918,72724.3,1646233199999,57563.64754,131,29323.6,23215.93816,0
1646233200000,0.7918,0.7972,0.7918,0.7971,75000.8,1646233259999,59590.86828,320,40332.1,32053.82659,0
1646233260000,0.7973,0.7974,0.7940,0.7966,177919.3,1646233319999,141552.10854,360,53466.7,42520.38209,0
1646233320000,0.7963,0.7969,0.7945,0.7964,42633.1,1646233379999,33922.11913,202,23297.8,18535.68502,0
1646233380000,0.7961,0.7976,0.7954,0.7959,30036.7,1646233439999,23927.16104,111,11987.0,9548.95935,0
1646233440000,0.7960,0.7972,0.7931,0.7939,53098.7,1646233499999,42185.71395,181,10138.8,8055.10755,0
1646233500000,0.7942,0.7955,0.7931,0.7931,30134.3,1646233559999,23949.98069,120,18124.4,14406.59603,0
1646233560000,0.7930,0.7930,0.7907,0.7907,35325.3,1646233619999,27974.68794,125,6531.4,5174.35788,0
1646233620000,0.7907,0.7909,0.7841,0.7841,143200.3,1646233679999,112666.90915,434,50034.6,39376.06228,0
1646233680000,0.7840,0.7849,0.7785,0.7819,168661.8,1646233739999,131817.23976,495,88070.0,68812.30916,0
1646233740000,0.7820,0.7825,0.7777,0.7818,97388.8,1646233799999,76054.27125,352,40769.9,31837.51890,0
1646233800000,0.7817,0.7834,0.7803,0.7823,70874.3,1646233859999,55418.06616,283,29230.0,22854.25229,0
1646233860000,0.7824,0.7840,0.7812,0.7816,55122.3,1646233919999,43145.45748,165,37702.6,29520.22817,0
1646233920000,0.7819,0.7827,0.7799,0.7800,18089.5,1646233979999,14141.81409,92,5566.1,4351.48810,0
1646233980000,0.7802,0.7804,0.7768,0.7783,65661.5,1646234039999,51077.04235,241,23006.7,17899.68868,0
1646234040000,0.7781,0.7793,0.7770,0.7777,36268.9,1646234099999,28232.46458,163,22452.5,17481.68605,0
1646234100000,0.7777,0.7804,0.7774,0.7796,71712.0,1646234159999,55881.16142,182,56674.6,44165.98446,0
1646234160000,0.7797,0.7820,0.7797,0.7810,19522.6,1646234219999,15249.02602,126,11975.6,9356.28386,0
1646234220000,0.7810,0.7813,0.7781,0.7781,5482.9,1646234279999,4274.38442,60,1575.3,1228.73967,0
1646234280000,0.7779,0.7790,0.7768,0.7770,29992.7,1646234339999,23328.17900,127,14339.4,11156.73531,0
1646234340000,0.7770,0.7782,0.7770,0.7782,17537.6,1646234399999,13636.19714,73,16251.7,12636.36179,0
1646234400000,0.7782,0.7812,0.7782,0.7803,36854.8,1646234459999,28740.27643,100,6203.7,4837.23762,0
1646234460000,0.7803,0.7832,0.7799,0.7814,20094.4,1646234519999,15716.47830,90,13144.1,10285.56342,0
1646234520000,0.7816,0.7831,0.7810,0.7827,10695.1,1646234579999,8363.61014,63,5655.6,4423.74749,0
1646234580000,0.7825,0.7825,0.7797,0.7806,24183.3,1646234639999,18880.97420,85,4487.3,3505.54744,0
1646234640000,0.7806,0.7806,0.7787,0.7797,34253.5,1646234699999,26700.49416,64,14880.6,11596.56062,0
1646234700000,0.7798,0.7801,0.7788,0.7798,15156.1,1646234759999,11812.48036,63,9959.0,7761.99335,0
1646234760000,0.7797,0.7797,0.7778,0.7778,5614.8,1646234819999,4374.37041,52,3110.9,2424.00685,0
1646234820000,0.7776,0.7781,0.7740,0.7750,51530.1,1646234879999,39983.70703,167,18124.2,14062.55502,0
1646234880000,0.7749,0.7772,0.7743,0.7767,28578.0,1646234939999,22174.00064,118,23964.8,18595.49156,0
1646234940000,0.7768,0.7851,0.7767,0.7831,75759.1,1646234999999,59328.19862,202,50875.7,39832.98885,0
1646235000000,0.7833,0.7872,0.7833,0.7852,214666.2,1646235059999,168594.96456,468,95408.9,74960.70652,0
1646235060000,0.7850,0.7854,0.7814,0.7843,71760.6,1646235119999,56211.73861,220,20565.2,16110.93507,0
1646235120000,0.7844,0.7850,0.7821,0.7841,44004.5,1646235179999,34490.07852,113,28546.9,22384.79033,0
1646235180000,0.7842,0.7849,0.7829,0.7849,29504.7,1646235239999,23126.77802,113,12896.5,10109.27457,0
1646235240000,0.7850,0.7850,0.7814,0.7817,16554.0,1646235299999,12951.55079,89,9710.2,7595.91078,0
1646235300000,0.7815,0.7825,0.7798,0.7820,17442.8,1646235359999,13617.65442,91,9240.5,7213.98400,0
1646235360000,0.7820,0.7832,0.7809,0.7830,18190.3,1646235419999,14223.32182,84,7542.3,5899.35827,0
1646235420000,0.7832,0.7850,0.7832,0.7849,10324.0,1646235479999,8093.69414,60,7053.2,5530.50680,0
1646235480000,0.7849,0.7855,0.7837,0.7847,48523.1,1646235539999,38077.63035,105,36407.6,28572.71835,0
1646235540000,0.7846,0.7852,0.7837,0.7845,12555.8,1646235599999,9851.03951,103,2477.9,1944.41247,0
1646235600000,0.7849,0.7856,0.7823,0.7826,13900.8,1646235659999,10904.10472,90,4418.9,3461.71759,0
1646235660000,0.7829,0.7843,0.7828,0.7829,4744.3,1646235719999,3718.19861,49,2908.7,2280.20961,0
1646235720000,0.7828,0.7829,0.7817,0.7821,6648.9,1646235779999,5201.73254,36,2793.8,2186.39384,0
1646235780000,0.7818,0.7825,0.7813,0.7821,10178.8,1646235839999,7958.96238,53,7602.7,5944.75497,0
1646235840000,0.7824,0.7835,0.7809,0.7816,11713.0,1646235899999,9166.65788,73,6702.6,5246.45886,0
1646235900000,0.7814,0.7822,0.7808,0.7808,13723.0,1646235959999,10722.65503,65,10071.3,7868.59950,0
1646235960000,0.7807,0.7809,0.7796,0.7806,15242.4,1646236019999,11892.16212,74,10005.8,7807.16320,0
1646236020000,0.7807,0.7823,0.7804,0.7823,11636.0,1646236079999,9087.67943,46,8867.3,6926.46077,0
1646236080000,0.7823,0.7837,0.7820,0.7828,8840.6,1646236139999,6921.27783,60,4033.6,3158.24687,0
1646236140000,0.7828,0.7844,0.7828,0.7841,12092.9,1646236199999,9475.63638,83,3932.9,3082.17532,0
1646236200000,0.7845,0.7850,0.7835,0.7837,18628.5,1646236259999,14612.75247,78,11917.1,9347.41935,0
1646236260000,0.7840,0.7842,0.7822,0.7830,9116.5,1646236319999,7137.45954,58,3327.1,2604.86809,0
1646236320000,0.7833,0.7844,0.7816,0.7841,61010.7,1646236379999,47785.40904,161,38283.8,29999.39824,0
1646236380000,0.7840,0.7852,0.7827,0.7827,16568.3,1646236439999,12996.33043,98,8441.9,6621.94293,0
1646236440000,0.7827,0.7829,0.7816,0.7818,21015.4,1646236499999,16434.20972,91,5661.9,4429.67519,0
1646236500000,0.7818,0.7850,0.7817,0.7847,96622.5,1646236559999,75677.12061,330,74481.0,58330.92144,0
1646236560000,0.7846,0.7851,0.7841,0.7850,13775.3,1646236619999,10806.68733,58,3588.1,2814.96456,0
1646236620000,0.7850,0.7859,0.7836,0.7853,21796.8,1646236679999,17109.08435,89,8773.8,6886.98917,0
1646236680000,0.7852,0.7857,0.7834,0.7842,13820.1,1646236739999,10840.43044,79,3740.4,2937.09037,0
1646236740000,0.7841,0.7850,0.7840,0.7849,11549.8,1646236799999,9058.14666,83,6711.5,5263.43194,0
1646236800000,0.7848,0.7858,0.7834,0.7841,88208.5,1646236859999,69218.92998,185,28120.1,22055.74022,0
1646236860000,0.7837,0.7848,0.7833,0.7839,18654.8,1646236919999,14626.30231,126,10257.9,8043.31368,0
1646236920000,0.7839,0.7868,0.7826,0.7865,72493.2,1646236979999,56918.24797,197,42975.4,33743.27359,0
1646236980000,0.7867,0.7874,0.7859,0.7873,18934.8,1646237039999,14898.35464,102,10311.3,8112.98159,0
1646237040000,0.7874,0.7893,0.7868,0.7877,34781.5,1646237099999,27418.54104,164,16974.9,13382.22630,0
1646237100000,0.7878,0.7892,0.7866,0.7888,61404.0,1646237159999,48400.25598,168,46597.1,36743.87037,0
1646237160000,0.7887,0.7896,0.7879,0.7887,16624.6,1646237219999,13112.13085,96,7918.1,6245.14112,0
1646237220000,0.7887,0.7908,0.7885,0.7903,17631.9,1646237279999,13927.90156,102,9738.5,7694.29826,0
1646237280000,0.7903,0.7909,0.7899,0.7905,17434.9,1646237339999,13782.48052,95,10559.8,8348.78192,0
1646237340000,0.7905,0.7911,0.7896,0.7910,20040.0,1646237399999,15842.65737,99,9314.1,7362.88944,0
1646237400000,0.7909,0.7917,0.7900,0.7900,12061.4,1646237459999,9536.29278,98,4313.6,3412.02248,0
1646237460000,0.7905,0.7912,0.7900,0.7912,18256.1,1646237519999,14436.05971,109,8723.3,6897.22094,0
1646237520000,0.7912,0.7922,0.7906,0.7911,10434.9,1646237579999,8258.47510,73,5208.3,4121.41809,0
1646237580000,0.7913,0.7922,0.7908,0.7917,10940.1,1646237639999,8661.40381,77,5515.6,4366.74281,0
1646237640000,0.7918,0.7926,0.7917,0.7924,8299.5,1646237699999,6574.90365,68,2476.4,1961.59535,0
1646237700000,0.7925,0.7933,0.7916,0.7916,16545.2,1646237759999,13114.83429,121,6508.2,5159.55520,0
1646237760000,0.7918,0.7924,0.7909,0.7917,36892.7,1646237819999,29210.87735,126,31230.3,24729.21152,0
1646237820000,0.7918,0.7922,0.7910,0.7917,7842.5,1646237879999,6206.80599,55,2306.1,1825.23700,0
1646237880000,0.7920,0.7924,0.7912,0.7915,6115.5,1646237939999,4841.80067,80,3562.3,2820.75195,0
1646237940000,0.7915,0.7921,0.7910,0.7921,12119.5,1646237999999,9593.32453,86,8604.9,6811.73528,0
1646238000000,0.7921,0.7947,0.7916,0.7947,33366.7,1646238059999,26471.29566,175,24220.6,19215.49205,0
1646238060000,0.7945,0.7948,0.7931,0.7939,20016.7,1646238119999,15892.37359,117,4588.8,3644.15347,0
1646238120000,0.7940,0.7948,0.7940,0.7944,21527.4,1646238179999,17101.77589,120,13883.9,11031.19018,0
1646238180000,0.7946,0.7946,0.7931,0.7935,16281.0,1646238239999,12923.32989,61,1993.9,1582.74777,0
1646238240000,0.7935,0.7935,0.7906,0.7929,49801.8,1646238299999,39417.45116,131,10752.6,8517.13989,0
1646238300000,0.7929,0.7935,0.7929,0.7930,8168.4,1646238359999,6479.21330,67,4831.1,3832.24114,0
1646238360000,0.7928,0.7936,0.7920,0.7934,7799.6,1646238419999,6185.92559,42,3879.5,3076.82797,0
1646238420000,0.7935,0.7938,0.7929,0.7930,21103.0,1646238479999,16741.82579,101,4900.0,3888.30541,0
1646238480000,0.7937,0.7944,0.7935,0.7941,19409.5,1646238539999,15409.83383,82,12034.0,9554.21217,0
1646238540000,0.7944,0.7947,0.7936,0.7940,6244.7,1646238599999,4960.68435,72,3149.5,2502.18010,0
1646238600000,0.7942,0.7943,0.7937,0.7941,15283.2,1646238659999,12135.27203,59,10571.5,8393.75742,0
1646238660000,0.7942,0.7957,0.7942,0.7950,24326.8,1646238719999,19341.47081,143,15107.5,12012.06204,0
1646238720000,0.7951,0.7961,0.7937,0.7961,114677.2,1646238779999,91137.44781,186,27822.3,22121.86527,0
1646238780000,0.7961,0.7966,0.7955,0.7961,13847.3,1646238839999,11024.83717,99,7584.2,6038.88085,0
1646238840000,0.7961,0.7963,0.7953,0.7957,5324.1,1646238899999,4237.76414,67,1504.0,1197.54114,0
1646238900000,0.7955,0.7955,0.7944,0.7950,11432.6,1646238959999,9088.78171,55,3826.4,3041.46954,0
1646238960000,0.7952,0.7953,0.7937,0.7938,9137.3,1646239019999,7257.05905,63,2647.4,2104.03273,0
1646239020000,0.7939,0.7944,0.7938,0.7940,8332.8,1646239079999,6617.02135,34,6778.2,5382.28178,0
1646239080000,0.7939,0.7944,0.7937,0.7943,5357.4,1646239139999,4254.55696,31,4923.6,3910.14854,0
1646239140000,0.7945,0.7952,0.7944,0.7944,4153.3,1646239199999,3300.89296,37,3261.3,2592.08600,0
1646239200000,0.7945,0.7945,0.7937,0.7945,18440.3,1646239259999,14644.96486,66,10619.8,8434.57137,0
1646239260000,0.7944,0.7945,0.7912,0.7916,9903.9,1646239319999,7850.30642,95,2001.6,1585.85376,0
1646239320000,0.7916,0.7927,0.7914,0.7925,11827.7,1646239379999,9371.32179,72,7520.6,5959.40261,0
1646239380000,0.7925,0.7926,0.7917,0.7918,6891.7,1646239439999,5460.10374,49,2855.0,2261.97064,0
1646239440000,0.7917,0.7920,0.7914,0.7916,6137.8,1646239499999,4859.07113,54,4323.5,3422.87219,0
1646239500000,0.7916,0.7924,0.7916,0.7919,6468.7,1646239559999,5123.19915,43,2812.1,2226.56549,0
1646239560000,0.7916,0.7920,0.7910,0.7911,9625.6,1646239619999,7618.52484,64,5176.5,4096.91334,0
1646239620000,0.7912,0.7922,0.7902,0.7916,97153.1,1646239679999,76832.99536,112,19839.8,15708.61172,0
1646239680000,0.7915,0.7928,0.7915,0.7917,6150.5,1646239739999,4872.93886,40,4231.4,3352.53953,0
1646239740000,0.7917,0.7917,0.7908,0.7910,17604.1,1646239799999,13927.10402,54,2311.9,1829.37910,0
1646239800000,0.7909,0.7912,0.7906,0.7907,6713.4,1646239859999,5308.90309,46,2781.1,2199.25071,0
1646239860000,0.7907,0.7910,0.7906,0.7910,5278.1,1646239919999,4173.48091,35,3825.5,3024.87507,0
1646239920000,0.7909,0.7912,0.7906,0.7907,20176.4,1646239979999,15954.29691,41,3779.6,2990.08553,0
1646239980000,0.7908,0.7913,0.7897,0.7898,13655.2,1646240039999,10792.12683,55,4679.4,3700.04329,0
1646240040000,0.7897,0.7898,0.7886,0.7892,30068.2,1646240099999,23725.65817,119,6043.2,4768.87340,0
1646240100000,0.7892,0.7902,0.7892,0.7900,14663.1,1646240159999,11579.80284,59,10693.6,8445.15877,0
1646240160000,0.7897,0.7903,0.7887,0.7898,33478.8,1646240219999,26445.27099,104,27847.9,22000.80522,0
1646240220000,0.7896,0.7908,0.7896,0.7903,11082.5,1646240279999,8758.17400,72,7477.1,5908.65735,0
1646240280000,0.7903,0.7913,0.7903,0.7907,6721.3,1646240339999,5315.36764,63,5013.8,3965.03064,0
1646240340000,0.7904,0.7904,0.7897,0.7900,8909.3,1646240399999,7037.74428,78,4834.4,3818.62025,0
1646240400000,0.7902,0.7906,0.7885,0.7885,31773.6,1646240459999,25089.25730,119,3334.0,2631.51342,0
1646240460000,0.7887,0.7897,0.7883,0.7897,10257.7,1646240519999,8090.88380,56,7328.4,5781.44615,0
1646240520000,0.7899,0.7911,0.7898,0.7911,11176.9,1646240579999,8832.17237,68,4099.0,3240.20237,0
1646240580000,0.7912,0.7913,0.7906,0.7906,4831.4,1646240639999,3820.71482,58,1557.1,1231.62928,0
1646240640000,0.7910,0.7919,0.7908,0.7915,10559.2,1646240699999,8354.22395,45,8264.4,6539.08538,0
1646240700000,0.7912,0.7923,0.7906,0.7923,13643.7,1646240759999,10798.72124,55,5430.7,4301.28138,0
1646240760000,0.7924,0.7943,0.7924,0.7938,24143.9,1646240819999,19159.79999,103,19724.9,15654.11228,0
1646240820000,0.7936,0.7950,0.7936,0.7945,7844.7,1646240879999,6232.96630,54,6690.4,5315.71270,0
1646240880000,0.7948,0.7955,0.7939,0.7946,8506.4,1646240939999,6760.59028,61,4920.5,3911.62810,0
1646240940000,0.7946,0.7949,0.7941,0.7945,5005.0,1646240999999,3976.55961,49,1535.1,1219.86102,0
1646241000000,0.7949,0.7953,0.7945,0.7953,10425.3,1646241059999,8286.31500,59,5367.7,4267.23532,0
1646241060000,0.7952,0.7959,0.7941,0.7941,29266.7,1646241119999,23274.28399,119,12842.1,10217.12293,0
1646241120000,0.7942,0.7947,0.7936,0.7936,14353.0,1646241179999,11396.11850,63,1234.4,980.31268,0
1646241180000,0.7936,0.7937,0.7932,0.7937,10460.6,1646241239999,8299.16213,39,5408.5,4291.45155,0
1646241240000,0.7938,0.7940,0.7931,0.7932,2432.3,1646241299999,1930.06097,58,1300.6,1031.99931,0
1646241300000,0.7932,0.7937,0.7932,0.7933,8196.2,1646241359999,6502.82739,58,2695.1,2137.79154,0
1646241360000,0.7935,0.7936,0.7931,0.7931,3700.5,1646241419999,2936.17786,58,1924.1,1526.68547,0
1646241420000,0.7931,0.7931,0.7921,0.7924,7429.3,1646241479999,5887.71465,60,3671.9,2910.56466,0
1646241480000,0.7924,0.7924,0.7918,0.7922,4475.8,1646241539999,3545.87889,48,2027.9,1606.74568,0
1646241540000,0.7922,0.7922,0.7908,0.7916,44547.2,1646241599999,35246.78081,79,7877.1,6234.52435,0
1646241600000,0.7914,0.7918,0.7909,0.7916,5021.7,1646241659999,3974.58094,54,4396.7,3480.12864,0
1646241660000,0.7918,0.7918,0.7898,0.7906,22219.5,1646241719999,17570.06379,99,11168.1,8831.66309,0
1646241720000,0.7909,0.7912,0.7904,0.7907,5052.2,1646241779999,3996.19854,36,3486.1,2757.89206,0
1646241780000,0.7905,0.7905,0.7892,0.7895,4493.8,1646241839999,3550.16723,46,2271.6,1794.67397,0
1646241840000,0.7895,0.7902,0.7885,0.7901,8444.1,1646241899999,6667.18197,72,4111.3,3247.39855,0
1646241900000,0.7900,0.7902,0.7890,0.7890,3987.4,1646241959999,3148.47680,73,547.2,432.05019,0
1646241960000,0.7889,0.7889,0.7874,0.7881,17329.9,1646242019999,13659.90060,121,7491.1,5904.50140,0
1646242020000,0.7884,0.7888,0.7884,0.7887,10338.5,1646242079999,8153.55654,32,9769.1,7704.47632,0
1646242080000,0.7887,0.7901,0.7886,0.7892,22336.2,1646242139999,17629.50131,91,18455.8,14567.61025,0
1646242140000,0.7890,0.7894,0.7887,0.7893,7325.5,1646242199999,5779.93758,53,4323.3,3411.45571,0
1646242200000,0.7895,0.7897,0.7888,0.7888,13766.1,1646242259999,10864.92056,108,5643.5,4454.17654,0
1646242260000,0.7891,0.7905,0.7891,0.7903,12570.6,1646242319999,9931.71255,63,3594.5,2839.23093,0
1646242320000,0.7903,0.7915,0.7903,0.7911,20710.8,1646242379999,16383.67995,94,17843.0,14114.44521,0
1646242380000,0.7910,0.7926,0.7909,0.7922,22627.1,1646242439999,17923.14061,105,12120.4,9601.38869,0
1646242440000,0.7923,0.7932,0.7923,0.7925,38231.8,1646242499999,30309.06778,117,30240.0,23971.94169,0
1646242500000,0.7925,0.7933,0.7923,0.7926,7388.4,1646242559999,5856.62945,69,4084.1,3237.81992,0
1646242560000,0.7924,0.7928,0.7924,0.7928,7080.2,1646242619999,5611.71758,51,3307.2,2621.39870,0
1646242620000,0.7928,0.7928,0.7918,0.7921,6819.1,1646242679999,5402.79776,44,1611.3,1276.61471,0
1646242680000,0.7921,0.7921,0.7913,0.7914,7130.1,1646242739999,5644.29133,45,2110.6,1671.25351,0
1646242740000,0.7913,0.7917,0.7913,0.7913,5910.1,1646242799999,4676.90415,34,5141.3,4068.45179,0
1646242800000,0.7913,0.7924,0.7912,0.7918,6943.2,1646242859999,5497.79380,56,4097.2,3244.70537,0
1646242860000,0.7913,0.7921,0.7913,0.7921,6972.2,1646242919999,5519.13173,45,5819.4,4606.88699,0
1646242920000,0.7921,0.7926,0.7912,0.7915,8380.9,1646242979999,6637.07044,85,3677.4,2912.00292,0
1646242980000,0.7913,0.7918,0.7910,0.7918,24855.3,1646243039999,19667.47679,64,12256.4,9699.42074,0
1646243040000,0.7919,0.7924,0.7911,0.7922,27377.0,1646243099999,21683.07121,103,21010.7,16642.41759,0
1646243100000,0.7922,0.7928,0.7918,0.7923,27516.9,1646243159999,21796.59241,52,8971.2,7106.91744,0
1646243160000,0.7924,0.7929,0.7916,0.7924,15977.8,1646243219999,12655.95404,93,5345.6,4233.81178,0
1646243220000,0.7922,0.7924,0.7913,0.7914,13777.8,1646243279999,10912.67439,78,7502.3,5944.06187,0
1646243280000,0.7913,0.7918,0.7885,0.7889,58724.6,1646243339999,46373.37418,212,23415.0,18476.95863,0
1646243340000,0.7891,0.7894,0.7876,0.7878,42704.9,1646243399999,33659.21385,116,14323.5,11296.53785,0
1646243400000,0.7879,0.7883,0.7859,0.7871,46665.3,1646243459999,36715.88069,190,16451.6,12943.49180,0
1646243460000,0.7871,0.7871,0.7856,0.7861,44022.4,1646243519999,34608.42743,134,16245.9,12770.37025,0
1646243520000,0.7861,0.7868,0.7858,0.7861,20475.9,1646243579999,16099.72623,65,3179.1,2499.73706,0
1646243580000,0.7861,0.7861,0.7824,0.7829,142211.2,1646243639999,111486.52720,286,37699.4,29556.85900,0
1646243640000,0.7829,0.7834,0.7820,0.7825,31484.0,1646243699999,24633.41184,116,16497.3,12908.05981,0
1646243700000,0.7825,0.7840,0.7822,0.7838,17363.1,1646243759999,13596.91295,90,11734.4,9188.99347,0
1646243760000,0.7838,0.7840,0.7828,0.7835,10005.1,1646243819999,7838.34063,64,6667.1,5223.45732,0
1646243820000,0.7837,0.7843,0.7835,0.7839,11422.3,1646243879999,8953.51450,63,6785.2,5318.50503,0
1646243880000,0.7839,0.7851,0.7833,0.7841,15890.9,1646243939999,12464.47413,83,7572.2,5939.46522,0
1646243940000,0.7840,0.7848,0.7830,0.7830,32115.7,1646243999999,25179.90456,108,26515.1,20790.17078,0
1646244000000,0.7833,0.7861,0.7830,0.7860,19069.7,1646244059999,14967.38272,91,10654.6,8364.89053,0
1646244060000,0.7860,0.7863,0.7855,0.7861,26423.6,1646244119999,20767.77629,120,11152.5,8765.74057,0
1646244120000,0.7862,0.7878,0.7854,0.7872,58027.0,1646244179999,45665.39203,140,39712.4,31265.02209,0
1646244180000,0.7873,0.7878,0.7870,0.7872,11468.2,1646244239999,9028.82527,48,1598.2,1258.24805,0
1646244240000,0.7874,0.7888,0.7873,0.7882,34888.1,1646244299999,27487.58002,111,25701.1,20247.90570,0
1646244300000,0.7883,0.7890,0.7882,0.7885,19855.3,1646244359999,15660.85224,89,4910.1,3872.82231,0
1646244360000,0.7884,0.7891,0.7878,0.7887,14444.7,1646244419999,11388.54510,97,7343.3,5789.86370,0
1646244420000,0.7887,0.7902,0.7887,0.7900,5031.9,1646244479999,3973.25943,33,4434.3,3501.77637,0
1646244480000,0.7899,0.7900,0.7887,0.7894,20707.9,1646244539999,16341.25755,81,5303.5,4186.91596,0
1646244540000,0.7890,0.7892,0.7884,0.7889,7203.5,1646244599999,5682.18377,55,1813.8,1431.10317,0
1646244600000,0.7887,0.7903,0.7887,0.7900,17495.1,1646244659999,13818.69523,48,8937.5,7059.23308,0
1646244660000,0.7897,0.7898,0.7888,0.7891,10932.4,1646244719999,8627.35800,54,7507.1,5923.88196,0
1646244720000,0.7890,0.7894,0.7884,0.7886,7611.8,1646244779999,6003.45695,50,2945.2,2323.26183,0
1646244780000,0.7886,0.7888,0.7882,0.7882,7495.1,1646244839999,5910.43218,59,4672.5,3684.86019,0
1646244840000,0.7880,0.7883,0.7875,0.7881,5161.8,1646244899999,4066.46832,49,3014.9,2375.08721,0
1646244900000,0.7880,0.7884,0.7863,0.7873,9418.4,1646244959999,7417.04894,66,3349.5,2639.40751,0
1646244960000,0.7883,0.7885,0.7875,0.7881,9282.8,1646245019999,7313.96513,79,5203.8,4099.67233,0
1646245020000,0.7883,0.7883,0.7877,0.7883,5418.4,1646245079999,4269.73727,60,2129.9,1678.57559,0
1646245080000,0.7883,0.7887,0.7871,0.7875,7827.9,1646245139999,6166.34075,87,2966.8,2336.62693,0
1646245140000,0.7876,0.7876,0.7844,0.7848,42303.8,1646245199999,33212.96903,141,4649.6,3651.27714,0
1646245200000,0.7846,0.7862,0.7841,0.7861,30351.4,1646245259999,23834.65731,93,20885.1,16407.48218,0
1646245260000,0.7863,0.7874,0.7860,0.7874,18614.3,1646245319999,14639.69908,66,9638.7,7581.50395,0
1646245320000,0.7873,0.7880,0.7864,0.7864,22900.3,1646245379999,18030.88317,98,10732.5,8452.75815,0
1646245380000,0.7865,0.7865,0.7857,0.7859,14495.7,1646245439999,11396.10111,82,3983.1,3129.86208,0
1646245440000,0.7859,0.7866,0.7853,0.7857,21116.8,1646245499999,16599.42072,78,16791.9,13200.24969,0
1646245500000,0.7855,0.7872,0.7854,0.7872,5073.3,1646245559999,3988.20040,59,3393.4,2667.08266,0
1646245560000,0.7874,0.7877,0.7864,0.7875,8965.8,1646245619999,7055.79876,79,5118.9,4028.60643,0
1646245620000,0.7874,0.7874,0.7860,0.7865,2966.6,1646245679999,2333.17463,60,1597.1,1255.83301,0
1646245680000,0.7863,0.7868,0.7859,0.7864,8898.8,1646245739999,6996.86311,56,6397.0,5029.68843,0
1646245740000,0.7863,0.7865,0.7859,0.7859,7357.8,1646245799999,5783.55042,68,2460.5,1934.06979,0
1646245800000,0.7863,0.7877,0.7863,0.7877,11675.3,1646245859999,9187.01292,69,8202.0,6452.84100,0
1646245860000,0.7876,0.7880,0.7869,0.7879,10914.8,1646245919999,8594.73020,99,3007.9,2368.60726,0
1646245920000,0.7878,0.7880,0.7872,0.7874,1872.2,1646245979999,1474.73274,61,566.7,446.38617,0
1646245980000,0.7873,0.7885,0.7872,0.7885,4523.3,1646246039999,3563.54739,30,4146.7,3266.75124,0
1646246040000,0.7885,0.7893,0.7881,0.7885,6236.9,1646246099999,4919.20575,79,3922.8,3094.61442,0
1646246100000,0.7884,0.7885,0.7876,0.7876,6865.2,1646246159999,5411.08886,89,2730.1,2152.01973,0
1646246160000,0.7877,0.7884,0.7875,0.7881,3020.1,1646246219999,2380.14954,34,997.0,785.63233,0
1646246220000,0.7883,0.7883,0.7875,0.7875,4184.3,1646246279999,3297.26943,43,2468.5,1945.19011,0
1646246280000,0.7874,0.7880,0.7859,0.7859,15825.4,1646246339999,12457.65279,58,5093.8,4012.16517,0
1646246340000,0.7857,0.7862,0.7842,0.7842,19166.4,1646246399999,15053.37895,80,12733.0,10001.16485,0
1646246400000,0.7841,0.7845,0.7824,0.7824,7499.5,1646246459999,5875.06044,51,1917.9,1502.76762,0
1646246460000,0.7828,0.7831,0.7818,0.7819,19581.2,1646246519999,15320.78969,84,13202.4,10330.65678,0
1646246520000,0.7824,0.7827,0.7820,0.7820,4525.5,1646246579999,3540.25500,34,2946.0,2304.83060,0
1646246580000,0.7820,0.7829,0.7820,0.7822,11080.8,1646246639999,8669.13068,47,9009.6,7048.43642,0
1646246640000,0.7823,0.7823,0.7812,0.7818,13544.1,1646246699999,10587.69200,55,4566.2,3569.21398,0
1646246700000,0.7819,0.7827,0.7816,0.7819,22782.1,1646246759999,17816.26846,75,8960.8,7007.06520,0
1646246760000,0.7820,0.7844,0.7820,0.7840,22288.4,1646246819999,17459.94876,117,17448.1,13669.71044,0
1646246820000,0.7842,0.7847,0.7823,0.7835,20754.7,1646246879999,16270.24478,93,11925.8,9352.20258,0
1646246880000,0.7835,0.7835,0.7822,0.7822,29700.8,1646246939999,23246.19503,92,4451.6,3484.07503,0
1646246940000,0.7819,0.7827,0.7814,0.7827,8152.3,1646246999999,6374.43541,48,2203.6,1723.83518,0
1646247000000,0.7827,0.7838,0.7825,0.7835,8573.0,1646247059999,6712.51710,54,4646.1,3637.74266,0
1646247060000,0.7834,0.7836,0.7825,0.7834,16770.4,1646247119999,13131.46368,66,5697.0,4461.35177,0
1646247120000,0.7834,0.7844,0.7830,0.7840,8415.5,1646247179999,6595.59896,50,4894.4,3836.57138,0
1646247180000,0.7840,0.7844,0.7826,0.7826,14822.2,1646247239999,11618.08439,65,9118.6,7150.42570,0
1646247240000,0.7824,0.7827,0.7812,0.7827,12566.3,1646247299999,9828.27253,55,7125.4,5573.81346,0
1646247300000,0.7827,0.7831,0.7818,0.7830,4810.9,1646247359999,3765.64911,37,3167.2,2479.00800,0
1646247360000,0.7831,0.7838,0.7830,0.7832,5641.5,1646247419999,4418.92494,42,1871.6,1465.94213,0
1646247420000,0.7831,0.7837,0.7828,0.7837,8536.6,1646247479999,6686.48843,43,2603.1,2038.77625,0
1646247480000,0.7838,0.7845,0.7835,0.7844,17877.1,1646247539999,14021.02876,48,17161.9,13460.19209,0
1646247540000,0.7839,0.7839,0.7828,0.7835,16577.1,1646247599999,12984.25337,40,9743.3,7632.91235,0
1646247600000,0.7840,0.7843,0.7835,0.7838,12726.9,1646247659999,9976.58127,50,8682.4,6806.43801,0
1646247660000,0.7840,0.7856,0.7837,0.7852,17589.7,1646247719999,13799.22159,82,9069.6,7116.60574,0
1646247720000,0.7846,0.7856,0.7844,0.7855,10610.9,1646247779999,8328.69711,38,2654.3,2083.24813,0
1646247780000,0.7856,0.7861,0.7850,0.7861,6522.2,1646247839999,5125.20692,48,3604.9,2832.62359,0
1646247840000,0.7861,0.7861,0.7855,0.7860,13116.6,1646247899999,10307.42222,40,2032.0,1597.02479,0
1646247900000,0.7860,0.7865,0.7856,0.7860,6711.4,1646247959999,5276.54238,34,1914.5,1505.27921,0
1646247960000,0.7861,0.7873,0.7861,0.7869,13671.3,1646248019999,10752.86399,68,5563.0,4375.57190,0
1646248020000,0.7865,0.7869,0.7858,0.7865,9523.9,1646248079999,7488.58159,42,1954.0,1536.65688,0
1646248080000,0.7864,0.7868,0.7859,0.7866,6365.6,1646248139999,5004.14493,29,2354.6,1850.95572,0
1646248140000,0.7863,0.7863,0.7840,0.7845,4808.9,1646248199999,3774.50318,36,952.0,747.08276,0
1646248200000,0.7845,0.7851,0.7843,0.7845,6545.1,1646248259999,5136.48005,33,2699.1,2117.92136,0
1646248260000,0.7844,0.7847,0.7837,0.7837,2925.1,1646248319999,2294.08812,31,1417.8,1112.14286,0
1646248320000,0.7837,0.7850,0.7835,0.7842,9431.6,1646248379999,7396.01178,34,5533.3,4338.89191,0
1646248380000,0.7842,0.7845,0.7839,0.7845,3795.1,1646248439999,2976.45325,26,2579.3,2022.69630,0
1646248440000,0.7843,0.7843,0.7828,0.7832,5206.0,1646248499999,4079.30466,31,475.3,372.20230,0
1646248500000,0.7831,0.7836,0.7828,0.7833,8980.5,1646248559999,7034.57255,39,4734.9,3709.62465,0
1646248560000,0.7829,0.7830,0.7821,0.7823,20455.7,1646248619999,16010.77274,58,7049.7,5518.40201,0
1646248620000,0.7824,0.7825,0.7819,0.7822,3735.7,1646248679999,2922.20691,26,1672.2,1308.19611,0
1646248680000,0.7822,0.7822,0.7815,0.7818,7377.7,1646248739999,5767.72098,54,5521.3,4316.46381,0
1646248740000,0.7816,0.7826,0.7816,0.7820,12991.0,1646248799999,10157.54056,46,10269.6,8030.14151,0
1646248800000,0.7826,0.7834,0.7826,0.7833,7335.3,1646248859999,5742.28086,33,4844.8,3792.44031,0
1646248860000,0.7831,0.7831,0.7803,0.7803,11903.9,1646248919999,9300.94772,72,2527.9,1974.74511,0
1646248920000,0.7802,0.7809,0.7788,0.7809,27590.8,1646248979999,21508.45034,106,10806.9,8429.04589,0
1646248980000,0.7806,0.7811,0.7801,0.7801,6180.5,1646249039999,4825.04322,35,3359.5,2622.58675,0
1646249040000,0.7801,0.7801,0.7792,0.7793,2753.7,1646249099999,2147.24799,28,1509.4,1176.88520,0
1646249100000,0.7794,0.7798,0.7779,0.7780,7321.7,1646249159999,5701.84239,60,1323.8,1031.59140,0
1646249160000,0.7788,0.7800,0.7786,0.7792,19693.8,1646249219999,15356.17495,39,18698.8,14580.65364,0
1646249220000,0.7791,0.7796,0.7782,0.7794,10800.1,1646249279999,8410.82374,39,3509.8,2734.02900,0
1646249280000,0.7794,0.7794,0.7782,0.7792,27175.2,1646249339999,21165.20255,83,15022.0,11699.58317,0
1646249340000,0.7791,0.7804,0.7789,0.7799,4543.6,1646249399999,3543.20918,30,1948.2,1519.18181,0
1646249400000,0.7799,0.7799,0.7780,0.7782,14598.1,1646249459999,11370.60517,34,10449.7,8139.61156,0
1646249460000,0.7782,0.7796,0.7782,0.7796,19894.4,1646249519999,15498.79210,68,15607.2,12159.83806,0
1646249520000,0.7796,0.7798,0.7783,0.7792,5942.9,1646249579999,4631.43502,40,1362.0,1061.35988,0
1646249580000,0.7791,0.7793,0.7787,0.7792,18894.0,1646249639999,14716.88217,44,17501.6,13632.11664,0
1646249640000,0.7795,0.7803,0.7794,0.7801,20137.2,1646249699999,15704.63677,45,18126.0,14135.76354,0
1646249700000,0.7799,0.7822,0.7796,0.7816,10883.2,1646249759999,8502.88819,46,7701.3,6016.98229,0
1646249760000,0.7817,0.7821,0.7811,0.7814,8903.3,1646249819999,6958.35304,43,2803.6,2190.70882,0
1646249820000,0.7816,0.7818,0.7810,0.7816,3963.3,1646249879999,3096.96727,29,1794.3,1401.98655,0
1646249880000,0.7816,0.7824,0.7810,0.7821,12253.8,1646249939999,9579.21638,44,7735.6,6049.42446,0
1646249940000,0.7818,0.7846,0.7816,0.7844,23710.9,1646249999999,18575.73110,91,15595.4,12218.61408,0
1646250000000,0.7841,0.7855,0.7841,0.7847,8046.9,1646250059999,6314.44720,51,3664.4,2875.42583,0
1646250060000,0.7845,0.7851,0.7841,0.7851,6430.1,1646250119999,5044.59155,46,3565.5,2797.25470,0
1646250120000,0.7851,0.7853,0.7846,0.7846,3996.9,1646250179999,3136.87028,25,2749.4,2157.84511,0
1646250180000,0.7848,0.7853,0.7842,0.7846,25387.3,1646250239999,19918.72598,86,7360.6,5777.21929,0
1646250240000,0.7847,0.7854,0.7847,0.7854,14179.8,1646250299999,11131.23239,33,12394.5,9729.10630,0
1646250300000,0.7851,0.7868,0.7846,0.7865,8231.3,1646250359999,6467.58619,52,6383.8,5016.53721,0
1646250360000,0.7864,0.7864,0.7849,0.7850,13798.2,1646250419999,10835.60276,52,9239.7,7256.19017,0
1646250420000,0.7849,0.7851,0.7848,0.7851,3648.1,1646250479999,2863.71136,29,1943.2,1525.43659,0
1646250480000,0.7850,0.7852,0.7849,0.7849,1579.3,1646250539999,1239.90506,24,562.6,441.69249,0
1646250540000,0.7851,0.7860,0.7847,0.7860,4996.8,1646250599999,3923.78466,27,3893.4,3057.86381,0
1646250600000,0.7865,0.7867,0.7863,0.7866,2000.8,1646250659999,1573.67177,13,1027.2,808.02324,0
1646250660000,0.7866,0.7875,0.7862,0.7862,10977.3,1646250719999,8635.23461,74,3345.5,2632.98495,0
1646250720000,0.7859,0.7867,0.7855,0.7855,1096.1,1646250779999,861.51661,20,545.4,428.66185,0
1646250780000,0.7856,0.7865,0.7853,0.7863,2000.7,1646250839999,1571.83468,16,1361.9,1069.92609,0
1646250840000,0.7860,0.7860,0.7852,0.7855,2516.2,1646250899999,1976.08914,19,919.3,721.92549,0
1646250900000,0.7858,0.7862,0.7857,0.7859,3281.3,1646250959999,2578.59991,27,489.6,384.74015,0
1646250960000,0.7857,0.7859,0.7849,0.7854,4166.8,1646251019999,3272.52454,39,2660.6,2089.86468,0
1646251020000,0.7850,0.7854,0.7848,0.7851,2351.9,1646251079999,1846.40363,20,921.2,723.41292,0
1646251080000,0.7850,0.7851,0.7848,0.7848,958.5,1646251139999,752.36536,14,744.7,584.57022,0
1646251140000,0.7847,0.7847,0.7834,0.7845,11415.5,1646251199999,8952.40617,43,5444.3,4269.21456,0
1646251200000,0.7842,0.7845,0.7835,0.7838,15822.4,1646251259999,12401.52305,110,3615.1,2833.86628,0
1646251260000,0.7838,0.7855,0.7836,0.7853,8913.1,1646251319999,6993.70245,46,3229.9,2535.18980,0
1646251320000,0.7851,0.7862,0.7851,0.7860,9216.3,1646251379999,7240.03404,63,4798.5,3770.35468,0
1646251380000,0.7859,0.7865,0.7858,0.7862,10677.0,1646251439999,8393.16942,55,6336.3,4981.47363,0
1646251440000,0.7860,0.7863,0.7855,0.7857,6258.6,1646251499999,4918.03366,24,2400.8,1886.73578,0
1646251500000,0.7856,0.7856,0.7844,0.7852,5750.2,1646251559999,4513.33449,23,881.1,691.53253,0
1646251560000,0.7849,0.7854,0.7842,0.7853,5119.6,1646251619999,4018.08404,24,3448.5,2706.37751,0
1646251620000,0.7852,0.7862,0.7850,0.7853,18683.3,1646251679999,14674.66156,71,10539.0,8277.50577,0
1646251680000,0.7854,0.7858,0.7851,0.7852,9069.0,1646251739999,7122.17735,43,2266.2,1779.81996,0
1646251740000,0.7849,0.7853,0.7846,0.7852,2706.9,1646251799999,2125.14526,28,1178.2,924.99461,0
1646251800000,0.7849,0.7858,0.7845,0.7854,10546.5,1646251859999,8279.66483,33,3453.5,2709.91182,0
1646251860000,0.7853,0.7856,0.7846,0.7852,5266.0,1646251919999,4133.95038,30,4058.6,3185.67411,0
1646251920000,0.7851,0.7851,0.7843,0.7843,1459.3,1646251979999,1144.90217,11,140.6,110.30559,0
1646251980000,0.7842,0.7847,0.7841,0.7847,3316.6,1646252039999,2600.84292,23,1907.6,1495.87604,0
1646252040000,0.7845,0.7845,0.7834,0.7841,4875.7,1646252099999,3822.00353,31,2054.0,1609.45054,0
1646252100000,0.7841,0.7844,0.7835,0.7838,6348.6,1646252159999,4976.74642,25,5665.7,4441.29134,0
1646252160000,0.7838,0.7840,0.7834,0.7835,1974.2,1646252219999,1547.10520,35,1154.5,904.76143,0
1646252220000,0.7836,0.7840,0.7826,0.7833,29105.1,1646252279999,22795.65913,47,3670.3,2873.87928,0
1646252280000,0.7833,0.7834,0.7826,0.7830,2985.8,1646252339999,2338.00311,17,1865.2,1460.57140,0
1646252340000,0.7833,0.7841,0.7830,0.7841,8144.6,1646252399999,6380.65429,36,4845.1,3796.61451,0
1646252400000,0.7838,0.7838,0.7821,0.7821,5745.3,1646252459999,4496.64685,36,1088.5,852.56102,0
1646252460000,0.7821,0.7833,0.7821,0.7830,3969.0,1646252519999,3107.32894,24,3375.6,2642.86488,0
1646252520000,0.7832,0.7838,0.7829,0.7838,7497.5,1646252579999,5873.79113,29,6048.5,4739.17021,0
1646252580000,0.7836,0.7841,0.7834,0.7836,1260.3,1646252639999,987.57105,13,806.4,631.87268,0
1646252640000,0.7834,0.7841,0.7830,0.7840,7947.7,1646252699999,6225.11328,39,5057.6,3961.60371,0
1646252700000,0.7842,0.7845,0.7838,0.7841,3467.4,1646252759999,2719.52670,22,2582.7,2025.89616,0
1646252760000,0.7843,0.7848,0.7841,0.7844,17389.9,1646252819999,13642.82836,27,16687.3,13091.50006,0
1646252820000,0.7844,0.7847,0.7835,0.7845,4747.3,1646252879999,3722.67867,25,1386.3,1087.46763,0
1646252880000,0.7846,0.7848,0.7835,0.7843,2896.9,1646252939999,2271.26178,16,2312.9,1813.14736,0
1646252940000,0.7844,0.7848,0.7840,0.7845,2993.5,1646252999999,2348.56575,14,1300.7,1020.58830,0
1646253000000,0.7845,0.7847,0.7833,0.7846,7983.8,1646253059999,6259.75327,36,2271.5,1781.37944,0
1646253060000,0.7846,0.7865,0.7846,0.7855,28447.5,1646253119999,22336.94618,48,21572.5,16932.70486,0
1646253120000,0.7860,0.7864,0.7856,0.7863,4714.2,1646253179999,3704.60080,19,328.3,258.10837,0
1646253180000,0.7864,0.7870,0.7859,0.7869,6391.3,1646253239999,5026.35916,33,4620.3,3633.73191,0
1646253240000,0.7874,0.7883,0.7872,0.7878,5877.1,1646253299999,4629.76713,45,2433.3,1916.83637,0
1646253300000,0.7877,0.7880,0.7874,0.7875,7506.2,1646253359999,5913.26839,39,5278.9,4158.97381,0
1646253360000,0.7876,0.7878,0.7872,0.7872,7238.4,1646253419999,5701.00957,41,1838.5,1447.56407,0
1646253420000,0.7873,0.7878,0.7870,0.7872,10283.7,1646253479999,8095.93659,43,3449.9,2715.87981,0
1646253480000,0.7873,0.7874,0.7869,0.7871,7938.3,1646253539999,6248.68939,41,2024.5,1593.54211,0
1646253540000,0.7870,0.7870,0.7861,0.7865,8416.3,1646253599999,6619.64192,28,1057.0,831.15004,0
1646253600000,0.7864,0.7864,0.7852,0.7853,9065.1,1646253659999,7119.64657,44,4718.0,3705.07545,0
1646253660000,0.7858,0.7858,0.7846,0.7853,20163.5,1646253719999,15834.71765,56,4990.1,3919.52590,0
1646253720000,0.7861,0.7861,0.7850,0.7858,5954.1,1646253779999,4678.81525,23,1245.7,978.59262,0
1646253780000,0.7861,0.7873,0.7859,0.7865,15518.0,1646253839999,12209.02521,54,7979.8,6278.53565,0
1646253840000,0.7868,0.7870,0.7864,0.7870,1581.6,1646253899999,1244.01547,19,153.2,120.51936,0
1646253900000,0.7870,0.7872,0.7866,0.7867,3523.0,1646253959999,2772.26422,22,1974.8,1553.92055,0
1646253960000,0.7868,0.7868,0.7854,0.7861,7725.0,1646254019999,6071.79801,46,1057.5,831.20277,0
1646254020000,0.7860,0.7861,0.7854,0.7859,1976.9,1646254079999,1553.83263,19,936.9,736.38160,0
1646254080000,0.7860,0.7864,0.7859,0.7859,9391.2,1646254139999,7382.60490,34,2990.6,2351.13299,0
1646254140000,0.7864,0.7878,0.7863,0.7874,27327.7,1646254199999,21512.61665,75,23107.6,18192.75614,0
1646254200000,0.7876,0.7882,0.7874,0.7880,8747.3,1646254259999,6891.53220,64,4113.5,3241.03376,0
1646254260000,0.7879,0.7885,0.7873,0.7882,4288.4,1646254319999,3378.81563,33,822.6,648.38125,0
1646254320000,0.7883,0.7883,0.7876,0.7879,5723.5,1646254379999,4509.93242,25,734.4,578.43408,0
1646254380000,0.7879,0.7881,0.7877,0.7881,1798.2,1646254439999,1417.01916,13,1041.2,820.51474,0
1646254440000,0.7883,0.7884,0.7877,0.7884,7559.3,1646254499999,5957.54095,45,4077.2,3213.58533,0
1646254500000,0.7877,0.7887,0.7873,0.7887,4267.6,1646254559999,3363.07199,29,3148.1,2481.22753,0
1646254560000,0.7888,0.7891,0.7887,0.7889,20011.1,1646254619999,15786.29082,45,9623.0,7590.88800,0
1646254620000,0.7888,0.7889,0.7878,0.7885,14449.6,1646254679999,11393.19690,44,1764.2,1390.68926,0
1646254680000,0.7886,0.7888,0.7882,0.7883,2058.4,1646254739999,1623.21384,16,1414.8,1115.85574,0
1646254740000,0.7881,0.7895,0.7879,0.7892,19409.9,1646254799999,15308.89389,52,14291.9,11272.78602,0
1646254800000,0.7889,0.7894,0.7886,0.7886,6237.2,1646254859999,4921.11951,32,1285.9,1014.90183,0
1646254860000,0.7886,0.7890,0.7883,0.7890,7405.2,1646254919999,5840.01795,45,4970.2,3919.90290,0
1646254920000,0.7889,0.7892,0.7878,0.7880,8146.7,1646254979999,6425.94934,41,2684.4,2117.06211,0
1646254980000,0.7880,0.7887,0.7873,0.7873,4811.8,1646255039999,3793.21205,25,3397.1,2678.72280,0
1646255040000,0.7874,0.7879,0.7864,0.7871,12983.0,1646255099999,10219.74994,43,4914.2,3868.47391,0
1646255100000,0.7873,0.7877,0.7866,0.7867,9451.2,1646255159999,7441.56132,33,8619.3,6786.66862,0
1646255160000,0.7868,0.7873,0.7863,0.7863,1568.7,1646255219999,1234.28175,12,924.7,727.68668,0
1646255220000,0.7864,0.7871,0.7864,0.7867,5716.1,1646255279999,4496.80935,24,2677.0,2105.64544,0
1646255280000,0.7866,0.7867,0.7855,0.7859,18030.4,1646255339999,14172.29299,39,3614.5,2839.46481,0
1646255340000,0.7858,0.7862,0.7856,0.7858,4133.9,1646255399999,3248.71681,24,2219.6,1744.24293,0
1646255400000,0.7857,0.7863,0.7857,0.7858,4455.5,1646255459999,3502.01698,26,2656.4,2087.65602,0
1646255460000,0.7858,0.7865,0.7854,0.7857,24046.6,1646255519999,18896.77153,45,11525.0,9060.94969,0
1646255520000,0.7863,0.7863,0.7852,0.7860,7224.1,1646255579999,5677.29894,36,4121.7,3239.21023,0
1646255580000,0.7858,0.7860,0.7853,0.7855,4059.7,1646255639999,3190.38041,20,765.9,601.90601,0
1646255640000,0.7854,0.7856,0.7850,0.7855,2897.2,1646255699999,2274.68982,24,1706.4,1339.90036,0
1646255700000,0.7854,0.7863,0.7854,0.7858,5881.6,1646255759999,4622.90033,19,2498.3,1963.63865,0
1646255760000,0.7850,0.7865,0.7850,0.7862,7262.4,1646255819999,5708.71084,52,5793.3,4553.46382,0
1646255820000,0.7864,0.7874,0.7864,0.7868,3563.7,1646255879999,2803.92922,38,2926.4,2302.57579,0
1646255880000,0.7868,0.7879,0.7865,0.7870,15376.6,1646255939999,12101.68885,50,4379.6,3448.68742,0
1646255940000,0.7871,0.7884,0.7871,0.7883,22056.9,1646255999999,17381.45292,50,16513.5,13013.55975,0
1646256000000,0.7886,0.7886,0.7876,0.7881,13724.5,1646256059999,10816.31324,49,6139.9,4839.31324,0
1646256060000,0.7877,0.7879,0.7870,0.7879,5305.6,1646256119999,4179.02999,27,6.7,5.27357,0
1646256120000,0.7877,0.7885,0.7871,0.7874,8532.2,1646256179999,6724.41546,37,1992.2,1569.39943,0
1646256180000,0.7877,0.7883,0.7877,0.7879,4057.1,1646256239999,3197.10641,19,6.4,5.04192,0
1646256240000,0.7881,0.7885,0.7877,0.7881,14890.9,1646256299999,11736.73986,17,13254.2,10446.99260,0
1646256300000,0.7878,0.7885,0.7877,0.7877,3458.8,1646256359999,2725.86353,21,2199.4,1733.49179,0
1646256360000,0.7876,0.7879,0.7875,0.7879,408.8,1646256419999,321.98813,15,213.6,168.26366,0
1646256420000,0.7881,0.7881,0.7873,0.7874,5248.8,1646256479999,4134.53984,34,835.9,658.19229,0
1646256480000,0.7875,0.7876,0.7868,0.7868,8534.2,1646256539999,6719.10894,36,1146.5,902.87719,0
1646256540000,0.7871,0.7871,0.7864,0.7864,5518.9,1646256599999,4342.97187,40,2863.5,2253.69308,0
1646256600000,0.7866,0.7873,0.7865,0.7869,7703.9,1646256659999,6061.38245,34,4154.7,3269.29001,0
1646256660000,0.7870,0.7879,0.7870,0.7874,6617.8,1646256719999,5211.84588,40,5168.2,4070.08060,0
1646256720000,0.7873,0.7880,0.7863,0.7865,3548.4,1646256779999,2794.09649,29,1112.2,875.74444,0
1646256780000,0.7866,0.7875,0.7866,0.7875,1551.7,1646256839999,1221.41353,12,338.5,266.38249,0
1646256840000,0.7877,0.7883,0.7874,0.7883,6150.5,1646256899999,4845.89901,27,4824.7,3801.61683,0
1646256900000,0.7877,0.7885,0.7876,0.7876,4471.3,1646256959999,3522.89811,26,1859.3,1465.19881,0
1646256960000,0.7878,0.7881,0.7876,0.7877,2485.0,1646257019999,1957.55483,25,1982.3,1561.52027,0
1646257020000,0.7878,0.7893,0.7878,0.7887,4394.3,1646257079999,3465.69803,26,2389.3,1883.67250,0
1646257080000,0.7886,0.7886,0.7877,0.7883,7305.9,1646257139999,5758.46049,24,2083.9,1642.31055,0
1646257140000,0.7884,0.7884,0.7879,0.7882,4654.6,1646257199999,3668.66514,22,979.8,772.16394,0
1646257200000,0.7885,0.7888,0.7885,0.7886,4648.8,1646257259999,3666.03266,38,1332.8,1051.14263,0
1646257260000,0.7882,0.7885,0.7876,0.7876,22092.4,1646257319999,17405.36157,46,1795.7,1415.40690,0
1646257320000,0.7878,0.7884,0.7878,0.7883,4003.3,1646257379999,3154.90870,19,4003.3,3154.90870,0
1646257380000,0.7881,0.7888,0.7881,0.7887,2887.3,1646257439999,2276.67095,18,2887.3,2276.67095,0
1646257440000,0.7885,0.7890,0.7883,0.7890,4676.8,1646257499999,3687.74192,27,1968.1,1551.90697,0
1646257500000,0.7886,0.7898,0.7886,0.7896,7395.7,1646257559999,5838.11403,36,5505.9,4346.58301,0
1646257560000,0.7894,0.7899,0.7891,0.7897,5403.5,1646257619999,4265.13238,33,1943.8,1534.69569,0
1646257620000,0.7898,0.7898,0.7891,0.7892,25139.5,1646257679999,19843.28551,51,13544.6,10691.86752,0
1646257680000,0.7892,0.7895,0.7888,0.7895,3097.9,1646257739999,2444.43200,37,358.8,283.16294,0
1646257740000,0.7896,0.7900,0.7893,0.7899,17866.3,1646257799999,14108.52532,40,15573.1,12297.82669,0
1646257800000,0.7900,0.7910,0.7899,0.7907,9562.9,1646257859999,7559.43766,69,7276.4,5751.60402,0
1646257860000,0.7906,0.7918,0.7906,0.7915,11794.3,1646257919999,9334.57455,68,8664.0,6857.88394,0
1646257920000,0.7915,0.7921,0.7910,0.7920,20112.3,1646257979999,15926.52641,60,17165.9,13594.11921,0
1646257980000,0.7922,0.7927,0.7921,0.7924,17551.5,1646258039999,13911.43296,52,8851.1,7015.70738,0
1646258040000,0.7921,0.7932,0.7921,0.7927,11697.7,1646258099999,9271.99450,92,4360.6,3456.98241,0
1646258100000,0.7927,0.7933,0.7923,0.7924,8998.8,1646258159999,7133.61991,54,4386.5,3477.81234,0
1646258160000,0.7927,0.7935,0.7921,0.7933,10781.5,1646258219999,8542.95423,50,3154.9,2500.56562,0
1646258220000,0.7931,0.7942,0.7931,0.7933,12363.9,1646258279999,9813.82166,65,8145.2,6465.80269,0
1646258280000,0.7934,0.7951,0.7934,0.7946,18468.2,1646258339999,14665.04727,90,10970.4,8710.88160,0
1646258340000,0.7944,0.7966,0.7939,0.7961,86627.0,1646258399999,68898.94984,225,50925.6,40515.81669,0
1646258400000,0.7960,0.7974,0.7958,0.7970,24964.1,1646258459999,19888.67504,135,17387.5,13853.73341,0
1646258460000,0.7970,0.7972,0.7958,0.7964,24510.5,1646258519999,19522.78968,71,8092.4,6446.69665,0
1646258520000,0.7966,0.7968,0.7958,0.7963,14060.0,1646258579999,11199.72682,39,5656.7,4506.46005,0
1646258580000,0.7963,0.7967,0.7955,0.7962,12697.2,1646258639999,10107.06206,53,4475.6,3563.89430,0
1646258640000,0.7965,0.7971,0.7963,0.7967,9320.8,1646258699999,7424.99616,55,4352.9,3468.19157,0
1646258700000,0.7967,0.7991,0.7965,0.7973,23356.6,1646258759999,18634.07233,131,11610.2,9263.98869,0
1646258760000,0.7970,0.7976,0.7961,0.7962,10069.4,1646258819999,8025.17325,46,5216.8,4158.18376,0
1646258820000,0.7961,0.7966,0.7941,0.7941,6229.3,1646258879999,4954.53664,27,620.2,493.77778,0
1646258880000,0.7942,0.7943,0.7931,0.7943,7990.2,1646258939999,6343.35380,50,4898.9,3889.73595,0
1646258940000,0.7939,0.7939,0.7913,0.7924,21315.9,1646258999999,16883.82123,75,4838.6,3832.59879,0
1646259000000,0.7919,0.7932,0.7911,0.7932,20942.1,1646259059999,16577.10258,51,5039.5,3992.51413,0
1646259060000,0.7936,0.7940,0.7931,0.7935,15245.5,1646259119999,12100.25571,39,11855.1,9410.08657,0
1646259120000,0.7936,0.7941,0.7936,0.7938,4417.3,1646259179999,3507.10539,27,1837.0,1458.38731,0
1646259180000,0.7937,0.7937,0.7927,0.7929,4113.5,1646259239999,3263.45430,27,1159.4,919.28429,0
1646259240000,0.7930,0.7933,0.7925,0.7929,8189.9,1646259299999,6494.61442,44,2370.5,1879.81427,0
1646259300000,0.7931,0.7931,0.7908,0.7915,31860.9,1646259359999,25215.92148,104,1739.5,1377.73002,0
1646259360000,0.7913,0.7916,0.7897,0.7908,26715.1,1646259419999,21125.03691,153,4756.3,3762.15324,0
1646259420000,0.7912,0.7915,0.7903,0.7903,20065.3,1646259479999,15865.94036,101,3117.1,2465.26388,0
1646259480000,0.7903,0.7909,0.7890,0.7907,14711.9,1646259539999,11620.17689,79,2727.3,2155.95652,0
1646259540000,0.7909,0.7920,0.7909,0.7917,9511.1,1646259599999,7528.81782,69,3131.1,2479.08619,0
1646259600000,0.7917,0.7927,0.7913,0.7925,11221.2,1646259659999,8883.89189,76,5715.4,4525.57696,0
1646259660000,0.7928,0.7930,0.7922,0.7930,12942.0,1646259719999,10260.14143,50,4085.8,3238.89115,0
1646259720000,0.7924,0.7939,0.7924,0.7933,20661.2,1646259779999,16388.70032,49,17205.8,13646.24638,0
1646259780000,0.7933,0.7935,0.7928,0.7932,23720.5,1646259839999,18817.66045,38,22193.3,17606.30131,0
1646259840000,0.7937,0.7950,0.7936,0.7946,16197.9,1646259899999,12868.52457,55,8004.8,6359.78763,0
1646259900000,0.7942,0.7953,0.7942,0.7949,5882.9,1646259959999,4675.04716,40,2225.8,1769.05131,0
1646259960000,0.7949,0.7954,0.7949,0.7954,2537.8,1646260019999,2017.55886,14,1125.1,894.55640,0
1646260020000,0.7954,0.7964,0.7954,0.7963,12550.7,1646260079999,9990.86081,57,5955.8,4741.01662,0
1646260080000,0.7964,0.7968,0.7964,0.7967,16018.8,1646260139999,12762.58996,51,4079.0,3249.71375,0
1646260140000,0.7968,0.7968,0.7967,0.7967,1824.9,1646260199999,1453.90023,13,24.0,19.12320,0
1646260200000,0.7967,0.7968,0.7967,0.7967,1525.8,1646260259999,1215.64010,16,352.4,280.79232,0
1646260260000,0.7967,0.7968,0.7967,0.7967,18748.4,1646260319999,14936.91083,120,605.5,482.46240,0
1646260320000,0.7967,0.7973,0.7967,0.7972,21037.6,1646260379999,16765.27052,84,11054.6,8809.49543,0
1646260380000,0.7972,0.7980,0.7972,0.7979,10699.3,1646260439999,8532.83086,62,3439.9,2743.48314,0
1646260440000,0.7981,0.7992,0.7978,0.7992,19621.4,1646260499999,15666.34755,80,10004.3,7992.45457,0
1646260500000,0.7992,0.7997,0.7985,0.7991,30689.8,1646260559999,24525.31586,121,12843.2,10265.60414,0
1646260560000,0.7990,0.7996,0.7984,0.7984,17105.2,1646260619999,13667.98878,75,4243.4,3391.91889,0
1646260620000,0.7983,0.7987,0.7977,0.7987,13319.8,1646260679999,10631.58929,43,2303.6,1838.97707,0
1646260680000,0.7988,0.7992,0.7987,0.7989,4431.4,1646260739999,3540.22141,31,2864.8,2288.58758,0
1646260740000,0.7989,0.7990,0.7989,0.7990,3839.0,1646260799999,3067.10874,17,1316.4,1051.80360,0
1646260800000,0.7989,0.7994,0.7989,0.7991,4988.8,1646260859999,3986.56370,40,2032.2,1623.94137,0
1646260860000,0.7990,0.7991,0.7984,0.7986,8886.2,1646260919999,7099.40579,53,3748.7,2995.11090,0
1646260920000,0.7986,0.7986,0.7979,0.7979,12419.1,1646260979999,9914.44130,63,89.7,71.60751,0
1646260980000,0.7980,0.7980,0.7973,0.7977,7750.8,1646261039999,6182.72363,63,2609.2,2080.60929,0
1646261040000,0.7979,0.7995,0.7979,0.7989,5681.8,1646261099999,4538.23901,36,5032.8,4019.49752,0
1646261100000,0.7989,0.7991,0.7977,0.7984,10259.9,1646261159999,8194.79315,71,7520.5,6007.47823,0
1646261160000,0.7984,0.7993,0.7984,0.7993,1639.9,1646261219999,1310.03716,18,733.0,585.65279,0
1646261220000,0.7993,0.7993,0.7980,0.7980,5706.9,1646261279999,4557.78188,32,930.9,743.63635,0
1646261280000,0.7979,0.7988,0.7976,0.7986,4095.5,1646261339999,3268.75762,38,1103.4,881.02369,0
1646261340000,0.7986,0.7986,0.7976,0.7976,2257.6,1646261399999,1801.77070,28,434.6,346.80175,0
1646261400000,0.7976,0.7981,0.7975,0.7980,1748.3,1646261459999,1395.01153,31,682.0,544.11563,0
1646261460000,0.7980,0.7983,0.7970,0.7972,8097.6,1646261519999,6460.34910,50,920.9,734.52020,0
1646261520000,0.7971,0.7971,0.7964,0.7964,8581.4,1646261579999,6837.80451,39,27.0,21.50957,0
1646261580000,0.7966,0.7976,0.7966,0.7976,2623.2,1646261639999,2091.29969,20,1558.5,1242.55537,0
1646261640000,0.7974,0.7974,0.7968,0.7971,5578.9,1646261699999,4446.79081,38,256.9,204.75416,0
1646261700000,0.7973,0.7977,0.7964,0.7966,8340.6,1646261759999,6645.70533,54,1557.6,1241.09837,0
1646261760000,0.7967,0.7979,0.7967,0.7972,18481.5,1646261819999,14740.83730,58,9007.2,7186.22122,0
1646261820000,0.7971,0.7974,0.7969,0.7969,7546.4,1646261879999,6015.68005,54,4719.6,3762.54164,0
1646261880000,0.7969,0.7971,0.7964,0.7964,10092.5,1646261939999,8040.62849,86,3558.4,2835.20661,0
1646261940000,0.7965,0.7971,0.7965,0.7968,3568.2,1646261999999,2843.40407,38,2760.2,2199.41770,0
1646262000000,0.7968,0.7969,0.7946,0.7956,28007.6,1646262059999,22279.80099,98,3826.7,3044.21594,0
1646262060000,0.7957,0.7963,0.7954,0.7960,20503.0,1646262119999,16320.70608,60,15117.4,12033.14989,0
1646262120000,0.7958,0.7961,0.7954,0.7955,5977.9,1646262179999,4756.59016,38,2281.2,1815.56494,0
1646262180000,0.7954,0.7958,0.7946,0.7948,4288.8,1646262239999,3409.13038,37,303.7,241.59173,0
1646262240000,0.7947,0.7950,0.7944,0.7944,38028.0,1646262299999,30216.31528,76,25008.9,19871.27336,0
1646262300000,0.7944,0.7961,0.7944,0.7961,9592.5,1646262359999,7629.22090,44,4083.4,3247.19332,0
1646262360000,0.7960,0.7962,0.7954,0.7954,39017.3,1646262419999,31055.80171,71,12440.9,9904.10363,0
1646262420000,0.7954,0.7967,0.7954,0.7966,32045.2,1646262479999,25519.34536,66,28922.7,23032.38829,0
1646262480000,0.7965,0.7965,0.7957,0.7962,24429.0,1646262539999,19445.20151,57,4344.7,3459.59099,0
1646262540000,0.7960,0.7965,0.7954,0.7957,36736.2,1646262599999,29244.33200,107,32735.1,26060.12684,0
1646262600000,0.7958,0.7958,0.7945,0.7950,10507.7,1646262659999,8355.01174,61,3578.0,2844.77980,0
1646262660000,0.7951,0.7951,0.7932,0.7941,62400.5,1646262719999,49530.46803,108,6846.4,5437.65053,0
1646262720000,0.7940,0.7942,0.7940,0.7940,4902.5,1646262779999,3892.78058,38,1011.3,802.99390,0
1646262780000,0.7940,0.7946,0.7939,0.7943,9168.2,1646262839999,7282.35718,54,3375.8,2681.48931,0
1646262840000,0.7944,0.7949,0.7941,0.7949,6195.1,1646262899999,4921.04968,38,1593.3,1266.02440,0
1646262900000,0.7948,0.7950,0.7944,0.7949,5912.3,1646262959999,4698.92953,60,2828.8,2248.32170,0
1646262960000,0.7951,0.7955,0.7951,0.7951,15787.6,1646263019999,12555.78848,40,12564.0,9992.22267,0
1646263020000,0.7951,0.7957,0.7951,0.7957,5128.7,1646263079999,4079.20101,37,3644.3,2898.47815,0
1646263080000,0.7958,0.7967,0.7958,0.7967,7789.3,1646263139999,6201.18725,35,7172.2,5709.69928,0
1646263140000,0.7964,0.7967,0.7956,0.7956,4754.4,1646263199999,3785.41052,32,2144.9,1707.72758,0
1646263200000,0.7957,0.7960,0.7953,0.7955,20699.5,1646263259999,16471.13077,63,15710.7,12502.21850,0
1646263260000,0.7959,0.7962,0.7956,0.7961,2335.8,1646263319999,1859.21738,25,1342.6,1068.80390,0
1646263320000,0.7961,0.7965,0.7957,0.7962,6208.1,1646263379999,4942.07087,31,4274.2,3402.45068,0
1646263380000,0.7958,0.7964,0.7956,0.7959,1853.1,1646263439999,1474.98354,56,1033.0,822.16597,0
1646263440000,0.7959,0.7963,0.7954,0.7963,7134.0,1646263499999,5678.90475,74,2839.2,2260.28188,0
1646263500000,0.7963,0.7963,0.7959,0.7960,5794.3,1646263559999,4613.42978,70,1538.4,1224.90552,0
1646263560000,0.7960,0.7960,0.7953,0.7954,2988.6,1646263619999,2377.56591,61,324.1,257.86043,0
1646263620000,0.7953,0.7964,0.7953,0.7960,34552.5,1646263679999,27501.30833,93,32214.3,25640.54108,0
1646263680000,0.7960,0.7967,0.7956,0.7964,5619.7,1646263739999,4473.25304,57,4432.1,3528.08492,0
1646263740000,0.7962,0.7962,0.7936,0.7937,31252.3,1646263799999,24823.72385,122,1281.3,1018.48754,0
1646263800000,0.7936,0.7938,0.7920,0.7921,10577.3,1646263859999,8388.85467,92,5137.3,4074.36347,0
1646263860000,0.7921,0.7921,0.7887,0.7892,68748.3,1646263919999,54320.61850,204,8782.1,6940.36508,0
1646263920000,0.7891,0.7903,0.7879,0.7898,27676.1,1646263979999,21827.24495,139,10549.7,8325.37588,0
1646263980000,0.7898,0.7905,0.7891,0.7899,17822.6,1646264039999,14074.67060,118,9587.9,7571.83716,0
1646264040000,0.7901,0.7922,0.7901,0.7911,9784.5,1646264099999,7741.99226,94,5258.1,4161.12906,0
1646264100000,0.7913,0.7915,0.7902,0.7903,20579.2,1646264159999,16270.59079,87,11349.0,8974.25294,0
1646264160000,0.7903,0.7905,0.7898,0.7898,3787.3,1646264219999,2992.53702,40,669.8,529.12198,0
1646264220000,0.7898,0.7903,0.7890,0.7892,7170.2,1646264279999,5661.80429,46,3898.6,3079.37792,0
1646264280000,0.7889,0.7897,0.7885,0.7888,6313.6,1646264339999,4982.55108,35,3821.8,3016.91974,0
1646264340000,0.7885,0.7887,0.7881,0.7882,7844.4,1646264399999,6184.00838,32,3643.7,2872.20789,0
1646264400000,0.7885,0.7891,0.7881,0.7891,7231.6,1646264459999,5703.43421,24,5420.0,4275.18826,0
1646264460000,0.7892,0.7893,0.7876,0.7881,8948.7,1646264519999,7056.53651,50,2223.5,1753.43977,0
1646264520000,0.7880,0.7880,0.7869,0.7874,6353.9,1646264579999,5003.15376,44,2024.8,1593.71846,0
1646264580000,0.7872,0.7877,0.7867,0.7876,4737.3,1646264639999,3729.49430,34,3775.6,2972.19599,0
1646264640000,0.7870,0.7876,0.7869,0.7876,4060.7,1646264699999,3197.46062,33,3747.9,2951.19409,0
1646264700000,0.7877,0.7886,0.7872,0.7886,5968.7,1646264759999,4702.82180,31,2487.3,1959.96186,0
1646264760000,0.7890,0.7899,0.7882,0.7884,35693.1,1646264819999,28175.69135,69,30678.6,24220.41907,0
1646264820000,0.7887,0.7888,0.7882,0.7883,11585.2,1646264879999,9133.93026,53,1089.2,858.81070,0
1646264880000,0.7881,0.7881,0.7862,0.7868,8407.0,1646264939999,6615.27021,47,3831.9,3015.28824,0
1646264940000,0.7871,0.7872,0.7867,0.7872,9891.3,1646264999999,7783.70681,35,6150.1,4839.84723,0
1646265000000,0.7869,0.7871,0.7854,0.7854,16040.3,1646265059999,12610.15243,66,6600.6,5192.09639,0
1646265060000,0.7854,0.7858,0.7853,0.7857,9296.4,1646265119999,7301.71284,27,8154.8,6404.83722,0
1646265120000,0.7857,0.7876,0.7857,0.7875,8412.1,1646265179999,6619.53402,46,6940.8,5461.21928,0
1646265180000,0.7874,0.7880,0.7868,0.7876,9005.2,1646265239999,7091.25911,36,4934.7,3886.29099,0
1646265240000,0.7876,0.7882,0.7871,0.7878,3898.1,1646265299999,3070.05416,20,1205.2,949.37576,0
1646265300000,0.7875,0.7878,0.7866,0.7868,12225.8,1646265359999,9624.51469,54,5733.8,4513.71050,0
1646265360000,0.7867,0.7868,0.7862,0.7865,9118.3,1646265419999,7170.92329,37,8703.1,6844.32110,0
1646265420000,0.7864,0.7872,0.7864,0.7872,3389.2,1646265479999,2666.68190,23,2611.1,2054.46686,0
1646265480000,0.7870,0.7876,0.7868,0.7871,4381.5,1646265539999,3448.50741,16,1571.5,1236.63028,0
1646265540000,0.7871,0.7874,0.7866,0.7867,26673.6,1646265599999,20990.36635,85,12377.3,9741.39465,0
