1644364800000,5.574,5.594,5.574,5.594,2441.8,1644364859999,13637.7413,98,2058.8,11499.4209,0
1644364860000,5.593,5.596,5.576,5.576,2533.2,1644364919999,14153.0840,108,274.6,1534.7279,0
1644364920000,5.575,5.576,5.560,5.564,4027.9,1644364979999,22425.5193,97,1460.6,8132.2453,0
1644364980000,5.564,5.577,5.564,5.577,2482.8,1644365039999,13829.3554,79,1074.6,5983.8843,0
1644365040000,5.576,5.578,5.573,5.574,749.2,1644365099999,4176.8312,52,299.9,1672.0849,0
1644365100000,5.574,5.582,5.569,5.579,1071.0,1644365159999,5972.2084,48,439.8,2453.3618,0
1644365160000,5.579,5.593,5.575,5.591,6646.2,1644365219999,37119.0055,119,6078.2,33948.9116,0
1644365220000,5.590,5.592,5.588,5.591,611.8,1644365279999,3420.1534,59,192.5,1076.1082,0
1644365280000,5.593,5.599,5.591,5.596,2577.1,1644365339999,14423.7874,60,644.9,3608.5845,0
1644365340000,5.596,5.610,5.596,5.601,3121.0,1644365399999,17494.6291,123,1564.0,8766.9465,0
1644365400000,5.601,5.605,5.587,5.590,3312.8,1644365459999,18533.4940,104,471.9,2640.0221,0
1644365460000,5.588,5.592,5.586,5.591,3274.3,1644365519999,18294.9542,66,2438.7,13625.6803,0
1644365520000,5.592,5.595,5.582,5.582,2631.1,1644365579999,14710.7643,75,837.8,4685.5407,0
1644365580000,5.583,5.593,5.583,5.590,1402.0,1644365639999,7836.1963,83,818.3,4572.7121,0
1644365640000,5.592,5.596,5.591,5.595,781.4,1644365699999,4371.4631,72,561.0,3138.6592,0
1644365700000,5.596,5.597,5.592,5.594,1407.6,1644365759999,7875.0708,58,310.5,1736.9161,0
1644365760000,5.595,5.607,5.595,5.606,2268.9,1644365819999,12708.3554,91,1854.8,10387.4737,0
1644365820000,5.607,5.607,5.595,5.595,1917.2,1644365879999,10739.8315,98,591.4,3312.2380,0
1644365880000,5.596,5.603,5.596,5.599,1106.3,1644365939999,6197.0730,55,587.2,3288.8167,0
1644365940000,5.599,5.603,5.593,5.596,803.6,1644365999999,4498.7208,47,395.9,2215.3581,0
1644366000000,5.596,5.601,5.591,5.596,2712.1,1644366059999,15177.5098,72,721.0,4035.2668,0
1644366060000,5.597,5.599,5.594,5.595,1098.0,1644366119999,6144.4433,62,414.3,2318.4759,0
1644366120000,5.596,5.596,5.582,5.584,2934.1,1644366179999,16397.7659,93,311.9,1743.2171,0
1644366180000,5.586,5.594,5.586,5.594,3497.8,1644366239999,19555.5429,97,3382.3,18909.9027,0
1644366240000,5.595,5.597,5.589,5.593,1451.3,1644366299999,8117.3489,80,539.7,3019.0624,0
1644366300000,5.593,5.593,5.586,5.586,678.0,1644366359999,3789.7696,51,101.8,568.8758,0
1644366360000,5.586,5.586,5.575,5.575,6157.0,1644366419999,34367.3395,82,346.4,1934.6384,0
1644366420000,5.574,5.575,5.559,5.561,7393.8,1644366479999,41166.9581,160,1750.4,9742.5784,0
1644366480000,5.561,5.567,5.561,5.567,545.0,1644366539999,3031.9059,63,191.2,1063.7191,0
1644366540000,5.566,5.568,5.560,5.568,1881.0,1644366599999,10467.1199,94,816.2,4541.3707,0
1644366600000,5.569,5.574,5.567,5.572,1834.8,1644366659999,10220.2950,74,761.6,4241.3197,0
1644366660000,5.571,5.571,5.560,5.565,1613.7,1644366719999,8981.1164,78,538.9,2999.4744,0
1644366720000,5.564,5.568,5.562,5.563,2241.0,1644366779999,12470.3880,85,759.1,4225.0523,0
1644366780000,5.565,5.569,5.560,5.563,1418.3,1644366839999,7891.6729,69,756.8,4211.3110,0
1644366840000,5.563,5.566,5.561,5.564,923.8,1644366899999,5139.4460,54,430.0,2392.8197,0
1644366900000,5.564,5.566,5.555,5.558,1531.3,1644366959999,8513.4664,63,792.5,4406.6334,0
1644366960000,5.555,5.561,5.554,5.558,930.0,1644367019999,5167.4724,63,405.7,2254.6033,0
1644367020000,5.558,5.558,5.544,5.545,6903.3,1644367079999,38295.0585,109,780.7,4331.6570,0
1644367080000,5.546,5.548,5.533,5.548,4408.1,1644367139999,24427.8552,129,1683.8,9332.6685,0
1644367140000,5.548,5.555,5.547,5.552,3945.2,1644367199999,21902.1321,124,1684.9,9354.5103,0
1644367200000,5.549,5.564,5.547,5.561,4206.8,1644367259999,23370.1230,116,2747.7,15268.3828,0
1644367260000,5.563,5.566,5.558,5.563,1858.5,1644367319999,10334.9405,48,1537.2,8547.9315,0
1644367320000,5.563,5.578,5.563,5.578,5592.0,1644367379999,31151.6489,119,3385.1,18852.0051,0
1644367380000,5.577,5.591,5.573,5.591,3345.7,1644367439999,18671.7167,79,2613.2,14583.0998,0
1644367440000,5.591,5.592,5.585,5.591,2921.5,1644367499999,16321.4958,65,378.6,2115.7896,0
1644367500000,5.585,5.585,5.578,5.582,6881.8,1644367559999,38423.6494,104,1250.0,6978.8737,0
1644367560000,5.578,5.589,5.578,5.589,2324.7,1644367619999,12982.4641,86,1452.4,8111.7632,0
1644367620000,5.587,5.588,5.583,5.586,458.0,1644367679999,2558.7676,30,294.9,1647.5371,0
1644367680000,5.584,5.589,5.584,5.586,376.5,1644367739999,2103.3741,42,334.3,1867.6788,0
1644367740000,5.587,5.592,5.585,5.586,689.1,1644367799999,3850.5981,54,323.4,1807.1203,0
1644367800000,5.586,5.592,5.586,5.588,608.1,1644367859999,3398.9672,47,341.2,1907.0053,0
1644367860000,5.590,5.594,5.588,5.594,831.9,1644367919999,4649.5422,58,167.3,935.2069,0
1644367920000,5.596,5.596,5.587,5.587,297.8,1644367979999,1665.0041,39,86.5,483.4796,0
1644367980000,5.588,5.591,5.587,5.589,4138.6,1644368039999,23129.3658,84,2227.6,12450.0826,0
1644368040000,5.589,5.599,5.568,5.580,24328.5,1644368099999,135849.3675,326,13648.0,76277.4061,0
1644368100000,5.580,5.580,5.567,5.571,1848.3,1644368159999,10297.2704,75,863.3,4809.3753,0
1644368160000,5.570,5.574,5.570,5.573,160.8,1644368219999,896.0542,38,103.6,577.3379,0
1644368220000,5.573,5.585,5.573,5.578,2549.2,1644368279999,14225.8714,90,1675.0,9348.2512,0
1644368280000,5.578,5.583,5.576,5.579,468.4,1644368339999,2612.7929,47,86.9,484.8517,0
1644368340000,5.579,5.590,5.579,5.589,1546.5,1644368399999,8640.3994,60,1319.7,7372.8257,0
1644368400000,5.589,5.600,5.580,5.586,6991.5,1644368459999,39119.0459,139,3620.0,20251.6665,0
1644368460000,5.584,5.589,5.579,5.585,4525.7,1644368519999,25260.7699,90,3586.8,20018.6113,0
1644368520000,5.584,5.591,5.582,5.583,2174.4,1644368579999,12147.7933,86,1171.0,6543.3235,0
1644368580000,5.584,5.584,5.573,5.577,3939.4,1644368639999,21977.0907,70,426.9,2380.3778,0
1644368640000,5.577,5.577,5.572,5.572,103.9,1644368699999,579.1682,34,46.7,260.3339,0
1644368700000,5.571,5.579,5.569,5.575,4451.0,1644368759999,24804.6127,93,3314.6,18471.0391,0
1644368760000,5.576,5.578,5.571,5.575,2187.1,1644368819999,12190.8508,71,577.6,3219.9183,0
1644368820000,5.572,5.575,5.571,5.575,530.9,1644368879999,2958.6976,39,385.3,2147.3453,0
1644368880000,5.575,5.575,5.561,5.563,1514.8,1644368939999,8432.0320,67,316.9,1763.3903,0
1644368940000,5.564,5.565,5.553,5.559,3759.0,1644368999999,20889.4587,103,348.7,1938.5947,0
1644369000000,5.563,5.563,5.555,5.563,703.2,1644369059999,3908.9287,49,225.7,1254.8211,0
1644369060000,5.562,5.566,5.560,5.566,757.8,1644369119999,4215.9276,56,698.3,3885.0253,0
1644369120000,5.567,5.575,5.565,5.573,2218.2,1644369179999,12354.5669,74,1350.3,7520.8871,0
1644369180000,5.569,5.570,5.566,5.568,395.2,1644369239999,2200.1693,51,71.2,396.3950,0
1644369240000,5.569,5.570,5.561,5.563,933.5,1644369299999,5196.7400,58,43.3,241.0021,0
1644369300000,5.564,5.572,5.562,5.565,2245.7,1644369359999,12505.2670,68,1000.8,5571.9728,0
1644369360000,5.564,5.566,5.562,5.562,1382.3,1644369419999,7691.0038,64,739.7,4116.0488,0
1644369420000,5.562,5.565,5.558,5.560,315.0,1644369479999,1751.2859,42,43.1,239.7384,0
1644369480000,5.559,5.562,5.557,5.560,668.9,1644369539999,3718.7301,48,259.8,1444.5631,0
1644369540000,5.560,5.563,5.557,5.558,914.5,1644369599999,5084.6554,55,402.7,2239.2108,0
1644369600000,5.558,5.562,5.558,5.559,668.7,1644369659999,3718.1514,56,371.0,2062.9199,0
1644369660000,5.559,5.562,5.559,5.560,1045.2,1644369719999,5811.9288,46,835.8,4647.5394,0
1644369720000,5.558,5.560,5.555,5.555,1073.3,1644369779999,5964.6126,37,179.9,1000.0020,0
1644369780000,5.556,5.559,5.554,5.557,550.3,1644369839999,3057.6148,38,283.3,1573.9346,0
1644369840000,5.557,5.557,5.551,5.553,1676.8,1644369899999,9310.9458,57,424.0,2354.7196,0
1644369900000,5.553,5.558,5.553,5.555,1197.4,1644369959999,6652.7693,43,1052.5,5847.8529,0
1644369960000,5.555,5.557,5.554,5.555,587.1,1644370019999,3261.5049,38,332.1,1844.9624,0
1644370020000,5.555,5.558,5.554,5.557,524.8,1644370079999,2915.5865,28,143.4,796.6824,0
1644370080000,5.558,5.566,5.554,5.561,2162.5,1644370139999,12020.7765,68,1919.8,10671.3066,0
1644370140000,5.558,5.558,5.553,5.553,322.6,1644370199999,1792.7224,28,65.3,362.8789,0
1644370200000,5.554,5.562,5.554,5.559,2392.3,1644370259999,13296.7664,72,1317.7,7323.5967,0
1644370260000,5.560,5.566,5.555,5.562,2741.0,1644370319999,15242.1380,74,1066.2,5930.3834,0
1644370320000,5.563,5.573,5.562,5.569,1980.4,1644370379999,11029.2111,79,1024.6,5705.9584,0
1644370380000,5.569,5.572,5.565,5.571,980.4,1644370439999,5460.0050,57,741.3,4128.8398,0
1644370440000,5.570,5.570,5.563,5.563,631.6,1644370499999,3515.6092,48,63.6,353.8108,0
1644370500000,5.563,5.567,5.557,5.558,1424.8,1644370559999,7925.7139,63,877.2,4879.8590,0
1644370560000,5.558,5.559,5.549,5.550,2267.0,1644370619999,12589.3081,93,1128.8,6270.5632,0
1644370620000,5.550,5.558,5.549,5.558,1079.6,1644370679999,5995.1656,61,889.1,4936.7463,0
1644370680000,5.558,5.565,5.557,5.560,353.6,1644370739999,1966.8080,48,275.8,1533.9869,0
1644370740000,5.560,5.567,5.560,5.566,208.6,1644370799999,1160.7067,30,125.3,697.1452,0
1644370800000,5.567,5.574,5.567,5.569,765.0,1644370859999,4260.4554,51,135.1,752.8430,0
1644370860000,5.570,5.571,5.567,5.567,297.7,1644370919999,1658.2943,42,80.1,446.1781,0
1644370920000,5.567,5.572,5.566,5.571,344.8,1644370979999,1920.4616,35,294.9,1642.6349,0
1644370980000,5.575,5.575,5.559,5.560,1589.9,1644371039999,8847.8777,60,551.2,3066.8868,0
1644371040000,5.560,5.565,5.559,5.562,483.3,1644371099999,2688.4775,46,235.9,1312.4875,0
1644371100000,5.562,5.565,5.557,5.558,801.1,1644371159999,4456.8253,58,217.0,1207.3443,0
1644371160000,5.558,5.565,5.557,5.557,1167.0,1644371219999,6489.3058,67,690.4,3839.8973,0
1644371220000,5.558,5.558,5.549,5.552,1321.4,1644371279999,7334.1179,57,130.2,722.9621,0
1644371280000,5.552,5.556,5.549,5.552,2415.4,1644371339999,13411.8985,79,1423.3,7904.1789,0
1644371340000,5.553,5.565,5.553,5.555,2839.6,1644371399999,15789.5509,75,2221.7,12355.9140,0
1644371400000,5.553,5.555,5.551,5.553,4083.8,1644371459999,22677.9377,74,3289.1,18264.3890,0
1644371460000,5.553,5.553,5.551,5.551,95.8,1644371519999,531.8766,32,43.9,243.7338,0
1644371520000,5.551,5.556,5.551,5.551,1075.0,1644371579999,5970.2092,52,378.9,2104.6472,0
1644371580000,5.552,5.552,5.547,5.550,2903.4,1644371639999,16113.6504,88,619.8,3440.6563,0
1644371640000,5.550,5.553,5.548,5.551,4039.0,1644371699999,22418.8954,104,2151.0,11939.4954,0
1644371700000,5.552,5.557,5.551,5.556,5773.0,1644371759999,32054.9653,78,3974.7,22069.5340,0
1644371760000,5.553,5.555,5.547,5.552,3206.7,1644371819999,17798.5432,98,1109.3,6157.0033,0
1644371820000,5.552,5.552,5.535,5.538,5989.3,1644371879999,33211.4344,139,1726.7,9568.2512,0
1644371880000,5.539,5.539,5.524,5.528,3815.7,1644371939999,21110.5376,86,569.7,3151.1863,0
1644371940000,5.527,5.533,5.526,5.533,2144.9,1644371999999,11856.7280,37,1618.2,8944.2293,0
1644372000000,5.532,5.539,5.530,5.538,4755.6,1644372059999,26312.2513,89,3391.3,18760.7831,0
1644372060000,5.537,5.545,5.537,5.539,3289.1,1644372119999,18225.8835,84,1837.8,10184.1842,0
1644372120000,5.539,5.541,5.533,5.536,4132.2,1644372179999,22875.2023,109,770.2,4263.5811,0
1644372180000,5.537,5.539,5.530,5.530,2807.1,1644372239999,15538.8386,80,558.2,3089.9994,0
1644372240000,5.530,5.532,5.527,5.529,2791.8,1644372299999,15440.2064,79,805.0,4451.4301,0
1644372300000,5.529,5.529,5.514,5.516,6769.2,1644372359999,37376.9778,166,1660.6,9166.2522,0
1644372360000,5.517,5.520,5.506,5.509,7018.1,1644372419999,38703.2621,146,1410.8,7780.1592,0
1644372420000,5.508,5.509,5.506,5.507,1994.4,1644372479999,10983.4186,58,321.1,1768.5659,0
1644372480000,5.505,5.507,5.496,5.501,8098.9,1644372539999,44562.4049,213,3235.0,17802.9415,0
1644372540000,5.501,5.513,5.496,5.496,4177.3,1644372599999,22994.9362,151,2590.9,14262.4598,0
1644372600000,5.496,5.498,5.486,5.489,7668.3,1644372659999,42116.7603,201,1680.2,9230.8227,0
1644372660000,5.490,5.492,5.482,5.488,2078.1,1644372719999,11403.4351,98,1080.4,5927.5205,0
1644372720000,5.484,5.484,5.451,5.470,16690.6,1644372779999,91172.9498,368,7450.4,40698.3552,0
1644372780000,5.469,5.469,5.460,5.460,2670.3,1644372839999,14590.1848,111,2052.4,11213.7797,0
1644372840000,5.460,5.473,5.459,5.459,3493.1,1644372899999,19084.6094,116,1992.8,10886.9337,0
1644372900000,5.453,5.467,5.447,5.467,5325.7,1644372959999,29046.4467,130,4019.9,21925.4012,0
1644372960000,5.464,5.472,5.459,5.465,6491.7,1644373019999,35492.0384,141,4766.6,26064.9723,0
1644373020000,5.467,5.472,5.464,5.467,2825.1,1644373079999,15445.1661,91,1516.5,8291.4173,0
1644373080000,5.466,5.467,5.456,5.464,2643.5,1644373139999,14439.1228,107,1562.8,8536.4466,0
1644373140000,5.465,5.466,5.453,5.463,3073.6,1644373199999,16778.0163,89,1196.4,6534.1222,0
1644373200000,5.465,5.476,5.462,5.473,3227.8,1644373259999,17660.1251,114,1913.6,10473.0902,0
1644373260000,5.475,5.479,5.468,5.468,1101.0,1644373319999,6027.2796,58,242.6,1328.1419,0
1644373320000,5.466,5.473,5.464,5.464,2140.4,1644373379999,11703.0395,66,1305.9,7139.9884,0
1644373380000,5.463,5.463,5.455,5.460,2227.5,1644373439999,12160.9806,66,1153.8,6299.5819,0
1644373440000,5.459,5.467,5.459,5.465,931.9,1644373499999,5089.4003,35,611.2,3337.3540,0
1644373500000,5.465,5.471,5.465,5.467,661.2,1644373559999,3614.4658,39,465.4,2543.8535,0
1644373560000,5.465,5.470,5.464,5.465,1663.3,1644373619999,9091.5229,58,851.1,4652.0431,0
1644373620000,5.465,5.470,5.465,5.468,870.4,1644373679999,4757.7862,42,605.6,3310.2304,0
1644373680000,5.467,5.471,5.465,5.471,1176.3,1644373739999,6430.8674,52,738.1,4035.6386,0
1644373740000,5.471,5.471,5.456,5.459,2486.9,1644373799999,13592.8499,75,523.7,2861.4637,0
1644373800000,5.458,5.458,5.446,5.450,4856.5,1644373859999,26463.7411,128,2588.7,14104.8258,0
1644373860000,5.449,5.450,5.439,5.447,5181.4,1644373919999,28198.6108,130,2219.0,12078.6569,0
1644373920000,5.447,5.453,5.446,5.450,3189.6,1644373979999,17380.7281,86,2305.7,12565.0020,0
1644373980000,5.450,5.459,5.448,5.453,1119.2,1644374039999,6102.7324,50,686.8,3744.8487,0
1644374040000,5.451,5.451,5.411,5.419,19746.8,1644374099999,107229.3821,465,3016.4,16381.2630,0
1644374100000,5.417,5.426,5.417,5.420,4212.9,1644374159999,22837.8571,139,1695.1,9190.4648,0
1644374160000,5.420,5.420,5.416,5.418,3316.6,1644374219999,17971.0089,94,1347.9,7303.9971,0
1644374220000,5.417,5.430,5.417,5.430,1396.5,1644374279999,7570.8849,75,1259.3,6826.5179,0
1644374280000,5.428,5.429,5.426,5.429,1075.8,1644374339999,5838.7325,46,485.8,2636.9328,0
1644374340000,5.428,5.430,5.421,5.427,2000.6,1644374399999,10858.2662,75,1481.1,8038.6483,0
1644374400000,5.427,5.439,5.425,5.434,6120.4,1644374459999,33251.8422,101,4169.9,22655.7833,0
1644374460000,5.434,5.441,5.429,5.431,3824.5,1644374519999,20787.3771,75,1897.1,10312.1172,0
1644374520000,5.432,5.441,5.423,5.439,2660.6,1644374579999,14457.7358,69,2012.0,10935.5110,0
1644374580000,5.438,5.441,5.429,5.433,2323.5,1644374639999,12625.5859,81,1645.0,8936.9543,0
1644374640000,5.434,5.440,5.428,5.434,1940.1,1644374699999,10541.5787,80,869.5,4725.1473,0
1644374700000,5.433,5.442,5.431,5.442,692.4,1644374759999,3764.2107,40,472.2,2567.0581,0
1644374760000,5.443,5.449,5.437,5.442,7530.4,1644374819999,40969.5052,115,4697.3,25553.4685,0
1644374820000,5.441,5.446,5.434,5.437,3602.1,1644374879999,19596.9323,71,730.8,3975.9921,0
1644374880000,5.437,5.442,5.437,5.439,496.8,1644374939999,2701.6106,45,399.3,2171.4059,0
1644374940000,5.439,5.444,5.434,5.444,987.0,1644374999999,5367.1347,53,456.5,2481.2846,0
1644375000000,5.443,5.452,5.442,5.448,1207.8,1644375059999,6579.3621,57,1101.1,5998.1233,0
1644375060000,5.447,5.450,5.444,5.445,1211.5,1644375119999,6600.0588,71,595.3,3243.5815,0
1644375120000,5.445,5.450,5.445,5.450,479.6,1644375179999,2612.1896,25,341.9,1862.3789,0
1644375180000,5.451,5.451,5.442,5.445,774.5,1644375239999,4217.2321,49,498.1,2711.8026,0
1644375240000,5.447,5.457,5.447,5.455,1126.0,1644375299999,6139.4874,50,574.2,3130.5211,0
1644375300000,5.453,5.458,5.452,5.455,977.4,1644375359999,5333.2240,49,409.1,2232.4716,0
1644375360000,5.455,5.461,5.455,5.458,1384.3,1644375419999,7555.4021,59,379.5,2071.3527,0
1644375420000,5.458,5.463,5.441,5.449,4048.0,1644375479999,22057.1071,124,634.6,3463.4957,0
1644375480000,5.450,5.453,5.447,5.453,938.1,1644375539999,5112.6243,53,438.9,2392.0906,0
1644375540000,5.452,5.453,5.447,5.453,3341.4,1644375599999,18216.0627,72,367.1,2000.9793,0
1644375600000,5.454,5.455,5.444,5.452,3325.2,1644375659999,18122.6423,90,1785.5,9734.4012,0
1644375660000,5.452,5.461,5.452,5.460,687.9,1644375719999,3753.9666,45,376.2,2052.5212,0
1644375720000,5.460,5.476,5.460,5.470,5485.6,1644375779999,29997.0353,140,4675.4,25564.6869,0
1644375780000,5.470,5.477,5.467,5.474,1101.0,1644375839999,6026.0398,53,318.9,1745.6470,0
1644375840000,5.473,5.476,5.470,5.474,993.8,1644375899999,5439.0772,54,753.6,4124.2440,0
1644375900000,5.476,5.482,5.474,5.477,2346.0,1644375959999,12853.5566,68,1719.3,9420.9153,0
1644375960000,5.477,5.486,5.476,5.483,3700.1,1644376019999,20284.7250,77,3471.6,19033.2207,0
1644376020000,5.483,5.484,5.477,5.480,388.7,1644376079999,2130.5947,55,89.4,489.9897,0
1644376080000,5.477,5.478,5.468,5.470,1624.1,1644376139999,8887.1250,84,348.1,1904.4274,0
1644376140000,5.468,5.479,5.460,5.461,4500.2,1644376199999,24609.8670,116,1930.0,10560.5742,0
1644376200000,5.462,5.464,5.460,5.462,584.3,1644376259999,3190.8951,45,278.7,1522.2222,0
1644376260000,5.462,5.462,5.444,5.446,4673.1,1644376319999,25482.0303,121,37.7,205.8471,0
1644376320000,5.447,5.449,5.435,5.440,2732.3,1644376379999,14868.3213,65,385.4,2096.0677,0
1644376380000,5.441,5.443,5.426,5.436,4012.0,1644376439999,21793.7223,121,1192.5,6478.4044,0
1644376440000,5.437,5.447,5.437,5.445,926.4,1644376499999,5041.5567,57,826.5,4497.6691,0
1644376500000,5.445,5.455,5.445,5.452,2994.9,1644376559999,16329.5858,71,2174.5,11855.0830,0
1644376560000,5.451,5.457,5.449,5.456,947.6,1644376619999,5166.0353,52,381.1,2077.9878,0
1644376620000,5.456,5.457,5.451,5.455,514.7,1644376679999,2807.5377,34,337.7,1842.1183,0
1644376680000,5.456,5.457,5.452,5.452,1337.3,1644376739999,7293.5120,65,677.0,3692.2318,0
1644376740000,5.453,5.458,5.453,5.457,427.7,1644376799999,2333.6639,34,89.4,487.6086,0
1644376800000,5.454,5.458,5.453,5.458,153.5,1644376859999,837.2561,30,30.7,167.4751,0
1644376860000,5.458,5.458,5.452,5.453,1865.8,1644376919999,10178.9931,77,654.9,3572.4889,0
1644376920000,5.453,5.454,5.451,5.453,731.5,1644376979999,3988.6989,126,375.5,2047.5714,0
1644376980000,5.454,5.465,5.454,5.459,1437.1,1644377039999,7848.9805,59,894.5,4884.4937,0
1644377040000,5.460,5.463,5.460,5.462,480.9,1644377099999,2626.6150,41,258.2,1410.0836,0
1644377100000,5.463,5.473,5.462,5.470,3462.9,1644377159999,18935.5916,110,2012.0,11001.1181,0
1644377160000,5.470,5.473,5.468,5.470,1123.5,1644377219999,6146.1664,51,405.0,2215.7290,0
1644377220000,5.470,5.476,5.470,5.474,796.4,1644377279999,4359.1000,55,299.9,1641.4333,0
1644377280000,5.474,5.477,5.472,5.473,966.3,1644377339999,5290.6288,46,443.2,2427.1587,0
1644377340000,5.473,5.478,5.473,5.473,1455.9,1644377399999,7970.7121,62,998.6,5467.1679,0
1644377400000,5.473,5.483,5.473,5.483,1288.1,1644377459999,7057.5691,56,1075.4,5892.2518,0
1644377460000,5.485,5.485,5.476,5.476,1414.8,1644377519999,7751.3211,70,358.8,1965.1876,0
1644377520000,5.477,5.482,5.477,5.481,344.4,1644377579999,1887.2153,33,300.4,1646.1261,0
1644377580000,5.483,5.483,5.476,5.477,493.9,1644377639999,2706.3722,48,106.5,583.4624,0
1644377640000,5.477,5.477,5.466,5.466,1451.1,1644377699999,7940.4486,73,159.6,873.3214,0
1644377700000,5.467,5.473,5.466,5.468,1282.9,1644377759999,7019.2234,55,1217.9,6663.6767,0
1644377760000,5.468,5.469,5.461,5.463,1243.7,1644377819999,6796.0034,72,333.0,1819.0038,0
1644377820000,5.462,5.467,5.462,5.466,433.7,1644377879999,2370.2750,41,176.1,962.5114,0
1644377880000,5.466,5.470,5.466,5.469,655.9,1644377939999,3586.4066,47,515.1,2816.6432,0
1644377940000,5.469,5.476,5.469,5.472,452.4,1644377999999,2476.0512,53,235.5,1288.8127,0
1644378000000,5.473,5.479,5.472,5.472,783.9,1644378059999,4293.3432,58,456.3,2499.8024,0
1644378060000,5.472,5.474,5.470,5.474,936.7,1644378119999,5125.1580,53,116.9,639.6480,0
1644378120000,5.476,5.478,5.476,5.476,205.6,1644378179999,1126.0369,33,153.0,837.9993,0
1644378180000,5.477,5.481,5.477,5.479,727.7,1644378239999,3987.5502,45,263.0,1440.9601,0
1644378240000,5.478,5.481,5.472,5.476,1687.9,1644378299999,9245.2970,82,1055.5,5781.7245,0
1644378300000,5.477,5.477,5.470,5.475,7540.3,1644378359999,41286.7072,115,2878.5,15758.6168,0
1644378360000,5.476,5.483,5.476,5.476,3370.9,1644378419999,18473.8586,65,1050.4,5755.5417,0
1644378420000,5.477,5.478,5.476,5.476,731.6,1644378479999,4006.9912,31,652.4,3573.1958,0
1644378480000,5.477,5.478,5.473,5.478,762.1,1644378539999,4172.5830,64,265.2,1452.4098,0
1644378540000,5.478,5.478,5.474,5.476,781.2,1644378599999,4278.3646,50,194.6,1065.8023,0
1644378600000,5.476,5.484,5.476,5.484,362.3,1644378659999,1985.7395,40,326.8,1791.1628,0
1644378660000,5.483,5.483,5.481,5.482,116.5,1644378719999,638.6342,32,84.3,462.1326,0
1644378720000,5.482,5.484,5.477,5.479,348.4,1644378779999,1910.0260,52,92.1,504.8545,0
1644378780000,5.479,5.479,5.467,5.467,1021.5,1644378839999,5590.7162,39,121.0,662.6072,0
1644378840000,5.468,5.473,5.468,5.469,742.1,1644378899999,4059.7766,61,265.4,1451.9050,0
1644378900000,5.470,5.473,5.470,5.470,352.3,1644378959999,1927.6468,30,195.5,1069.7405,0
1644378960000,5.470,5.470,5.463,5.463,1077.0,1644379019999,5886.8600,71,79.9,436.9212,0
1644379020000,5.462,5.464,5.459,5.462,1072.5,1644379079999,5856.9791,60,556.2,3037.6808,0
1644379080000,5.462,5.467,5.460,5.463,356.4,1644379139999,1946.6599,47,89.6,489.4709,0
1644379140000,5.463,5.469,5.463,5.469,2921.0,1644379199999,15961.6529,34,2906.6,15882.9051,0
1644379200000,5.470,5.474,5.469,5.473,2990.0,1644379259999,16358.9194,99,1335.7,7309.4223,0
1644379260000,5.474,5.476,5.465,5.470,2111.6,1644379319999,11553.0493,80,1257.0,6878.0458,0
1644379320000,5.467,5.467,5.458,5.461,3107.1,1644379379999,16973.9790,101,708.3,3870.4345,0
1644379380000,5.461,5.476,5.461,5.474,2381.0,1644379439999,13019.2800,74,1860.1,10172.3127,0
1644379440000,5.474,5.482,5.473,5.476,2024.4,1644379499999,11088.2522,86,998.4,5468.8271,0
1644379500000,5.477,5.485,5.477,5.484,1165.3,1644379559999,6385.8855,49,872.4,4780.4880,0
1644379560000,5.484,5.488,5.482,5.486,1567.0,1644379619999,8594.1595,64,756.2,4148.4913,0
1644379620000,5.485,5.485,5.478,5.482,829.0,1644379679999,4544.8521,50,100.1,548.6761,0
1644379680000,5.481,5.485,5.480,5.484,403.9,1644379739999,2214.7139,29,329.8,1808.5479,0
1644379740000,5.485,5.496,5.485,5.495,4848.6,1644379799999,26626.5888,96,4108.8,22563.5716,0
1644379800000,5.493,5.495,5.484,5.485,1472.5,1644379859999,8087.3513,51,280.8,1542.4267,0
1644379860000,5.484,5.488,5.481,5.487,1311.8,1644379919999,7193.9695,62,269.0,1475.2985,0
1644379920000,5.486,5.486,5.480,5.483,1200.1,1644379979999,6579.1579,53,445.0,2440.0160,0
1644379980000,5.483,5.495,5.483,5.495,992.3,1644380039999,5448.1401,48,667.1,3661.9448,0
1644380040000,5.493,5.493,5.487,5.491,1258.4,1644380099999,6909.0406,45,838.5,4603.6209,0
1644380100000,5.491,5.496,5.491,5.495,1496.4,1644380159999,8221.6454,38,1063.5,5843.0544,0
1644380160000,5.494,5.497,5.491,5.493,1827.3,1644380219999,10041.1940,69,1178.0,6474.4188,0
1644380220000,5.494,5.495,5.487,5.492,1174.3,1644380279999,6449.0299,54,455.1,2499.1732,0
1644380280000,5.492,5.496,5.487,5.488,940.4,1644380339999,5166.8425,43,536.0,2945.5927,0
1644380340000,5.490,5.492,5.485,5.486,784.4,1644380399999,4304.3846,39,183.1,1005.2794,0
1644380400000,5.485,5.486,5.481,5.483,489.5,1644380459999,2684.7481,38,145.6,798.7535,0
1644380460000,5.484,5.488,5.483,5.484,1206.5,1644380519999,6619.2584,44,687.1,3769.6732,0
1644380520000,5.484,5.487,5.483,5.484,661.9,1644380579999,3631.1721,33,527.6,2894.4767,0
1644380580000,5.484,5.489,5.484,5.484,503.3,1644380639999,2760.9759,35,165.2,906.4438,0
1644380640000,5.485,5.491,5.485,5.487,894.1,1644380699999,4907.4013,34,422.4,2318.7168,0
1644380700000,5.487,5.488,5.482,5.487,756.6,1644380759999,4149.3320,48,374.1,2051.9430,0
1644380760000,5.488,5.490,5.486,5.487,881.5,1644380819999,4837.8018,47,451.6,2478.7573,0
1644380820000,5.490,5.490,5.486,5.486,457.9,1644380879999,2512.7528,33,76.7,420.8529,0
1644380880000,5.486,5.488,5.483,5.487,798.8,1644380939999,4382.6139,43,371.3,2037.0510,0
1644380940000,5.487,5.490,5.487,5.490,1936.3,1644380999999,10628.1179,48,585.6,3214.1352,0
1644381000000,5.487,5.487,5.482,5.487,2106.6,1644381059999,11551.0986,59,1589.7,8716.5545,0
1644381060000,5.485,5.485,5.479,5.482,2574.1,1644381119999,14107.7723,71,1182.2,6478.8903,0
1644381120000,5.483,5.484,5.480,5.480,798.9,1644381179999,4379.8033,47,132.4,726.0762,0
1644381180000,5.479,5.480,5.469,5.470,6636.0,1644381239999,36317.4149,127,1305.2,7144.7029,0
1644381240000,5.471,5.474,5.470,5.472,750.2,1644381299999,4104.5296,39,500.3,2737.3443,0
1644381300000,5.473,5.480,5.473,5.478,356.4,1644381359999,1951.9493,32,271.6,1487.3493,0
1644381360000,5.476,5.480,5.476,5.479,725.2,1644381419999,3972.9315,44,664.8,3642.0244,0
1644381420000,5.477,5.480,5.473,5.480,1070.5,1644381479999,5862.3214,29,327.7,1794.8944,0
1644381480000,5.479,5.483,5.479,5.480,625.0,1644381539999,3425.9129,39,344.4,1888.0193,0
1644381540000,5.481,5.486,5.480,5.486,1072.4,1644381599999,5881.9033,29,553.8,3037.5393,0
1644381600000,5.484,5.492,5.481,5.487,2219.9,1644381659999,12179.8942,70,838.0,4598.6077,0
1644381660000,5.487,5.487,5.480,5.485,984.9,1644381719999,5401.0730,50,440.0,2413.4626,0
1644381720000,5.485,5.494,5.485,5.488,6690.4,1644381779999,36732.5871,105,5551.0,30479.8516,0
1644381780000,5.489,5.493,5.487,5.489,1974.9,1644381839999,10840.5120,139,1543.9,8474.5788,0
1644381840000,5.489,5.489,5.480,5.486,2301.5,1644381899999,12622.4252,81,805.2,4415.5515,0
1644381900000,5.484,5.491,5.483,5.491,888.5,1644381959999,4876.2028,50,455.3,2498.2681,0
1644381960000,5.493,5.498,5.491,5.493,1060.5,1644382019999,5827.2131,66,519.8,2856.7838,0
1644382020000,5.494,5.501,5.494,5.495,1446.4,1644382079999,7951.8485,55,1279.5,7034.1846,0
1644382080000,5.499,5.504,5.499,5.500,570.8,1644382139999,3140.0641,40,299.4,1647.0544,0
1644382140000,5.501,5.517,5.501,5.514,7850.2,1644382199999,43255.6669,164,6022.1,33188.3355,0
1644382200000,5.511,5.514,5.508,5.508,1935.5,1644382259999,10664.2029,65,1342.2,7395.7099,0
1644382260000,5.508,5.513,5.504,5.506,1254.7,1644382319999,6910.3309,67,449.1,2473.7206,0
1644382320000,5.506,5.511,5.500,5.500,3842.1,1644382379999,21154.9112,104,2038.5,11226.0533,0
1644382380000,5.504,5.504,5.499,5.500,152.4,1644382439999,838.4886,32,32.4,178.2527,0
1644382440000,5.500,5.501,5.495,5.498,1343.6,1644382499999,7388.1747,64,439.6,2417.5439,0
1644382500000,5.501,5.501,5.495,5.497,1343.3,1644382559999,7383.8720,41,759.1,4172.7337,0
1644382560000,5.497,5.497,5.490,5.491,1353.5,1644382619999,7435.5591,71,398.9,2190.9878,0
1644382620000,5.492,5.493,5.482,5.485,1533.9,1644382679999,8413.1684,67,135.6,743.7644,0
1644382680000,5.486,5.488,5.484,5.484,795.9,1644382739999,4366.7195,51,205.6,1128.1137,0
1644382740000,5.484,5.490,5.483,5.483,2330.3,1644382799999,12783.1401,51,716.7,3932.9257,0
1644382800000,5.483,5.492,5.479,5.489,2810.6,1644382859999,15415.4747,90,1491.2,8179.7748,0
1644382860000,5.488,5.494,5.485,5.494,1947.4,1644382919999,10691.3554,56,1645.1,9032.5254,0
1644382920000,5.493,5.495,5.482,5.486,4315.7,1644382979999,23687.4109,135,1874.8,10294.3064,0
1644382980000,5.485,5.486,5.473,5.477,4532.6,1644383039999,24839.7727,144,2379.4,13042.1907,0
1644383040000,5.478,5.478,5.471,5.477,2891.4,1644383099999,15829.9179,87,863.0,4723.8665,0
1644383100000,5.477,5.484,5.477,5.478,1672.9,1644383159999,9169.8172,59,401.2,2198.7263,0
1644383160000,5.479,5.483,5.475,5.479,1234.4,1644383219999,6765.2433,67,381.2,2088.8973,0
1644383220000,5.479,5.484,5.478,5.482,1013.0,1644383279999,5552.1728,68,506.0,2773.2755,0
1644383280000,5.482,5.486,5.482,5.485,2098.3,1644383339999,11508.1569,79,885.9,4858.5035,0
1644383340000,5.486,5.486,5.478,5.479,3180.2,1644383399999,17437.1327,95,1146.0,6282.8189,0
1644383400000,5.480,5.482,5.469,5.470,2915.5,1644383459999,15961.8056,109,823.1,4508.0633,0
1644383460000,5.470,5.471,5.463,5.464,2981.4,1644383519999,16297.3887,113,1274.3,6967.2760,0
1644383520000,5.464,5.474,5.463,5.470,2516.3,1644383579999,13761.2155,93,1946.0,10641.3611,0
1644383580000,5.470,5.473,5.465,5.466,1828.1,1644383639999,9998.2038,99,485.0,2653.2092,0
1644383640000,5.468,5.474,5.467,5.470,1911.2,1644383699999,10452.6995,72,1434.0,7842.1998,0
1644383700000,5.471,5.471,5.463,5.464,1044.1,1644383759999,5709.3775,35,808.3,4420.2725,0
1644383760000,5.464,5.476,5.464,5.474,2655.0,1644383819999,14518.1754,79,1462.7,7999.0342,0
1644383820000,5.470,5.474,5.464,5.465,1227.6,1644383879999,6714.9165,66,725.0,3967.7849,0
1644383880000,5.463,5.466,5.459,5.461,2184.1,1644383939999,11930.9714,101,918.0,5015.4494,0
1644383940000,5.460,5.460,5.441,5.442,5459.3,1644383999999,29747.8065,147,1162.8,6335.0840,0
1644384000000,5.442,5.448,5.437,5.445,3000.1,1644384059999,16331.2956,85,1562.5,8506.5354,0
1644384060000,5.443,5.457,5.443,5.446,3615.2,1644384119999,19715.3514,107,3203.3,17469.6855,0
1644384120000,5.446,5.451,5.441,5.451,797.5,1644384179999,4342.6132,48,263.1,1432.7980,0
1644384180000,5.452,5.469,5.452,5.467,3140.8,1644384239999,17148.7642,91,2486.7,13575.6722,0
1644384240000,5.468,5.475,5.466,5.473,1509.5,1644384299999,8258.4207,90,951.9,5208.8263,0
1644384300000,5.472,5.478,5.470,5.476,930.5,1644384359999,5094.2497,98,650.8,3563.3638,0
1644384360000,5.474,5.481,5.474,5.480,2123.0,1644384419999,11633.2672,70,1425.8,7812.9278,0
1644384420000,5.478,5.481,5.470,5.474,1491.0,1644384479999,8161.1740,51,315.7,1729.2266,0
1644384480000,5.476,5.483,5.475,5.480,1441.8,1644384539999,7901.1911,65,943.8,5171.1094,0
1644384540000,5.476,5.481,5.469,5.481,1311.0,1644384599999,7174.6952,40,1214.8,6648.2451,0
1644384600000,5.481,5.483,5.477,5.478,1495.3,1644384659999,8192.2979,43,1119.3,6132.2764,0
1644384660000,5.478,5.492,5.478,5.482,5866.9,1644384719999,32178.9628,143,3281.9,18003.0955,0
1644384720000,5.486,5.491,5.485,5.491,1013.0,1644384779999,5557.6632,27,912.0,5003.4952,0
1644384780000,5.491,5.498,5.490,5.493,1189.5,1644384839999,6534.3894,50,289.9,1592.9875,0
1644384840000,5.492,5.502,5.490,5.502,1253.9,1644384899999,6889.7486,71,1088.3,5980.1857,0
1644384900000,5.501,5.501,5.496,5.498,861.1,1644384959999,4735.1655,35,460.4,2532.0774,0
1644384960000,5.499,5.502,5.496,5.499,1332.5,1644385019999,7327.2973,68,982.5,5403.1083,0
1644385020000,5.500,5.507,5.500,5.505,1343.3,1644385079999,7394.4224,45,750.2,4129.4528,0
1644385080000,5.507,5.508,5.504,5.506,1097.1,1644385139999,6040.8080,62,825.6,4546.0671,0
1644385140000,5.505,5.509,5.505,5.507,1496.3,1644385199999,8239.6672,62,702.7,3869.7705,0
1644385200000,5.507,5.515,5.504,5.513,2085.3,1644385259999,11484.7530,80,1076.4,5929.1725,0
1644385260000,5.514,5.518,5.510,5.513,1001.5,1644385319999,5523.8631,64,488.6,2695.4699,0
1644385320000,5.512,5.515,5.508,5.510,620.4,1644385379999,3419.6661,60,423.7,2335.7062,0
1644385380000,5.510,5.522,5.510,5.521,1193.5,1644385439999,6582.8227,70,679.6,3749.0085,0
1644385440000,5.522,5.540,5.522,5.533,3038.0,1644385499999,16807.5490,136,1243.2,6877.3412,0
1644385500000,5.534,5.543,5.534,5.538,2828.4,1644385559999,15669.2766,106,1183.7,6557.9074,0
1644385560000,5.540,5.544,5.527,5.529,5346.4,1644385619999,29585.2826,138,1787.2,9894.5401,0
1644385620000,5.528,5.528,5.520,5.525,1536.6,1644385679999,8488.4731,75,231.7,1279.8701,0
1644385680000,5.524,5.533,5.520,5.523,1368.6,1644385739999,7560.6767,64,616.0,3403.2248,0
1644385740000,5.521,5.521,5.508,5.514,3444.8,1644385799999,19004.9022,76,994.2,5484.7758,0
1644385800000,5.514,5.524,5.512,5.524,1520.2,1644385859999,8387.9257,72,823.4,4544.4556,0
1644385860000,5.521,5.521,5.515,5.518,690.2,1644385919999,3809.0316,43,118.3,652.8326,0
1644385920000,5.519,5.520,5.508,5.509,1264.8,1644385979999,6973.9264,60,486.6,2683.6267,0
1644385980000,5.510,5.515,5.505,5.514,1095.9,1644386039999,6038.0424,65,622.5,3429.3925,0
1644386040000,5.513,5.515,5.511,5.512,214.7,1644386099999,1183.8089,30,76.0,419.1174,0
1644386100000,5.512,5.522,5.510,5.517,1076.6,1644386159999,5938.5814,60,628.7,3469.0782,0
1644386160000,5.517,5.520,5.514,5.517,1141.4,1644386219999,6297.1751,52,700.6,3865.2585,0
1644386220000,5.516,5.522,5.511,5.519,1400.5,1644386279999,7724.2228,71,848.3,4678.8958,0
1644386280000,5.519,5.519,5.511,5.511,780.2,1644386339999,4302.9708,37,14.9,82.1812,0
1644386340000,5.511,5.516,5.507,5.509,2599.8,1644386399999,14325.7234,71,1317.8,7261.3872,0
1644386400000,5.508,5.510,5.505,5.505,1341.8,1644386459999,7391.2489,51,791.3,4359.2380,0
1644386460000,5.505,5.510,5.498,5.510,3627.0,1644386519999,19954.3882,104,978.5,5383.6226,0
1644386520000,5.508,5.515,5.507,5.512,1996.1,1644386579999,10998.8992,73,1497.1,8249.0599,0
1644386580000,5.512,5.521,5.510,5.521,815.6,1644386639999,4498.4330,59,534.2,2946.5892,0
1644386640000,5.520,5.523,5.515,5.516,1553.1,1644386699999,8573.3788,57,837.1,4621.6614,0
1644386700000,5.516,5.522,5.515,5.517,1563.1,1644386759999,8627.1106,88,813.1,4488.1419,0
1644386760000,5.517,5.521,5.517,5.520,2017.5,1644386819999,11134.1537,86,1247.9,6887.1881,0
1644386820000,5.520,5.524,5.517,5.519,1326.2,1644386879999,7321.0391,55,861.3,4755.0284,0
1644386880000,5.521,5.524,5.520,5.520,950.8,1644386939999,5249.9357,55,324.0,1789.2580,0
1644386940000,5.521,5.525,5.519,5.521,1425.0,1644386999999,7865.9457,47,86.8,479.4534,0
1644387000000,5.521,5.525,5.521,5.525,1478.7,1644387059999,8167.9958,59,1108.8,6125.0089,0
1644387060000,5.523,5.526,5.520,5.520,689.4,1644387119999,3807.9551,41,286.2,1581.2818,0
1644387120000,5.521,5.525,5.514,5.519,1777.8,1644387179999,9812.1618,63,460.9,2545.5126,0
1644387180000,5.520,5.525,5.519,5.519,1182.8,1644387239999,6531.4900,62,657.2,3628.7885,0
1644387240000,5.519,5.526,5.519,5.519,340.9,1644387299999,1883.0781,48,125.7,694.4114,0
1644387300000,5.519,5.520,5.514,5.519,1014.5,1644387359999,5596.5947,45,365.1,2014.4555,0
1644387360000,5.521,5.526,5.521,5.525,586.6,1644387419999,3240.4530,45,117.6,649.6533,0
1644387420000,5.524,5.531,5.524,5.531,784.8,1644387479999,4338.1934,57,482.5,2667.4650,0
1644387480000,5.532,5.534,5.530,5.532,2087.8,1644387539999,11551.7421,75,1379.4,7633.0635,0
1644387540000,5.533,5.535,5.530,5.531,445.4,1644387599999,2464.6496,49,73.4,406.1736,0
1644387600000,5.531,5.534,5.527,5.530,793.1,1644387659999,4386.2926,53,293.8,1625.2891,0
1644387660000,5.529,5.536,5.529,5.534,2228.3,1644387719999,12327.9992,80,1080.3,5977.0861,0
1644387720000,5.534,5.537,5.531,5.533,935.1,1644387779999,5174.6756,51,376.5,2083.9234,0
1644387780000,5.534,5.538,5.530,5.532,1876.6,1644387839999,10385.8381,76,975.4,5398.3900,0
1644387840000,5.532,5.542,5.532,5.535,3019.0,1644387899999,16709.7336,81,2035.6,11266.0359,0
1644387900000,5.534,5.536,5.531,5.533,4122.3,1644387959999,22810.5233,82,3254.8,18010.5133,0
1644387960000,5.533,5.534,5.530,5.530,2293.3,1644388019999,12689.2734,84,876.6,4851.0978,0
1644388020000,5.533,5.543,5.532,5.534,5015.8,1644388079999,27768.7957,97,3294.7,18237.8866,0
1644388080000,5.535,5.539,5.532,5.534,1357.3,1644388139999,7513.7256,69,382.2,2115.8432,0
1644388140000,5.535,5.538,5.535,5.535,3884.9,1644388199999,21508.9439,63,1699.2,9408.2869,0
1644388200000,5.534,5.535,5.524,5.531,4580.9,1644388259999,25333.4345,131,1586.8,8775.2688,0
1644388260000,5.529,5.532,5.526,5.526,3009.4,1644388319999,16638.6631,71,835.3,4618.1097,0
1644388320000,5.526,5.527,5.522,5.527,873.2,1644388379999,4823.8827,61,276.4,1526.8885,0
1644388380000,5.527,5.535,5.526,5.532,2168.1,1644388439999,11995.2773,57,1505.4,8329.2401,0
1644388440000,5.531,5.532,5.527,5.530,1206.2,1644388499999,6669.3232,51,224.1,1239.3257,0
1644388500000,5.531,5.533,5.528,5.528,515.6,1644388559999,2851.7777,48,197.4,1092.0803,0
1644388560000,5.528,5.531,5.528,5.529,894.8,1644388619999,4947.6395,65,205.0,1133.5718,0
1644388620000,5.529,5.533,5.526,5.528,7096.3,1644388679999,39228.4381,88,5521.5,30522.5890,0
1644388680000,5.528,5.533,5.523,5.524,3962.4,1644388739999,21903.0454,64,2767.9,15301.5326,0
1644388740000,5.523,5.528,5.523,5.525,767.8,1644388799999,4241.7430,57,301.8,1667.4623,0
1644388800000,5.525,5.528,5.524,5.526,822.9,1644388859999,4547.3050,48,406.4,2245.9807,0
1644388860000,5.526,5.528,5.526,5.526,684.9,1644388919999,3784.7962,32,31.5,174.1078,0
1644388920000,5.526,5.534,5.526,5.529,2979.6,1644388979999,16478.2976,99,1503.5,8313.1391,0
1644388980000,5.531,5.545,5.531,5.543,4023.8,1644389039999,22290.5739,97,1546.5,8562.2944,0
1644389040000,5.542,5.545,5.536,5.536,802.1,1644389099999,4444.8189,58,252.3,1398.4522,0
1644389100000,5.535,5.544,5.534,5.538,4685.7,1644389159999,25951.2110,96,3285.3,18195.0539,0
1644389160000,5.537,5.537,5.530,5.532,4125.2,1644389219999,22827.0823,94,2444.3,13525.2979,0
1644389220000,5.535,5.538,5.533,5.533,749.2,1644389279999,4146.5839,35,480.5,2659.6086,0
1644389280000,5.533,5.534,5.533,5.533,1391.4,1644389339999,7699.6821,39,1065.9,5898.6906,0
1644389340000,5.533,5.534,5.527,5.532,3503.5,1644389399999,19378.2305,81,587.1,3247.4563,0
1644389400000,5.530,5.532,5.528,5.529,577.3,1644389459999,3192.0935,37,89.3,493.8715,0
1644389460000,5.530,5.536,5.530,5.532,1273.8,1644389519999,7048.0996,61,806.5,4462.3565,0
1644389520000,5.534,5.535,5.532,5.532,1176.1,1644389579999,6509.1006,39,1000.0,5534.6170,0
1644389580000,5.533,5.538,5.531,5.535,1568.1,1644389639999,8678.2809,67,653.0,3614.3279,0
1644389640000,5.535,5.541,5.533,5.539,1519.6,1644389699999,8412.7629,76,914.2,5060.9945,0
1644389700000,5.539,5.539,5.534,5.536,549.4,1644389759999,3041.5375,52,75.0,415.1692,0
1644389760000,5.536,5.536,5.531,5.531,1189.2,1644389819999,6581.0408,58,98.2,543.3633,0
1644389820000,5.532,5.536,5.532,5.533,906.5,1644389879999,5016.4985,55,563.3,3117.2846,0
1644389880000,5.533,5.536,5.531,5.536,801.5,1644389939999,4435.3777,54,303.0,1677.2146,0
1644389940000,5.536,5.541,5.532,5.533,5773.3,1644389999999,31979.8555,75,1800.7,9970.9452,0
1644390000000,5.532,5.539,5.531,5.539,1983.1,1644390059999,10972.0440,58,1621.8,8972.9821,0
1644390060000,5.538,5.545,5.535,5.542,3004.7,1644390119999,16645.3934,72,2281.4,12638.3772,0
1644390120000,5.541,5.547,5.537,5.537,3621.7,1644390179999,20072.1051,95,2637.0,14616.9274,0
1644390180000,5.537,5.537,5.531,5.531,510.3,1644390239999,2824.1392,46,113.9,630.6239,0
1644390240000,5.532,5.533,5.530,5.530,1351.3,1644390299999,7474.4902,49,330.3,1827.2022,0
1644390300000,5.529,5.536,5.526,5.526,2393.8,1644390359999,13236.9523,88,1230.3,6805.5759,0
1644390360000,5.527,5.532,5.527,5.529,2218.0,1644390419999,12264.2178,69,662.1,3660.8524,0
1644390420000,5.528,5.531,5.526,5.528,504.0,1644390479999,2786.6611,53,216.2,1195.4311,0
1644390480000,5.529,5.533,5.528,5.532,122.8,1644390539999,679.0755,29,62.3,344.5368,0
1644390540000,5.533,5.533,5.529,5.529,788.3,1644390599999,4360.6204,45,190.6,1054.3276,0
1644390600000,5.530,5.530,5.526,5.528,633.1,1644390659999,3499.7499,47,89.0,492.0127,0
1644390660000,5.528,5.537,5.527,5.537,1222.5,1644390719999,6763.7165,69,705.5,3903.2350,0
1644390720000,5.537,5.539,5.532,5.537,1663.2,1644390779999,9207.0019,61,1326.3,7341.6998,0
1644390780000,5.538,5.550,5.537,5.549,7439.8,1644390839999,41248.2039,196,5568.8,30874.8308,0
1644390840000,5.548,5.555,5.548,5.553,6136.1,1644390899999,34062.1990,246,3653.0,20279.9745,0
1644390900000,5.553,5.555,5.546,5.547,4925.5,1644390959999,27339.7408,202,2319.4,12874.5118,0
1644390960000,5.548,5.554,5.548,5.552,4995.8,1644391019999,27734.2663,163,3239.8,17984.6377,0
1644391020000,5.552,5.566,5.551,5.555,7344.5,1644391079999,40829.3498,254,6033.9,33545.7594,0
1644391080000,5.553,5.556,5.550,5.553,2177.5,1644391139999,12089.5699,87,679.3,3772.3361,0
1644391140000,5.553,5.555,5.543,5.543,3018.5,1644391199999,16749.5351,89,482.9,2681.5015,0
1644391200000,5.543,5.550,5.541,5.548,3255.9,1644391259999,18059.2478,127,2062.0,11437.7936,0
1644391260000,5.548,5.553,5.541,5.545,2893.2,1644391319999,16050.9403,135,1768.4,9813.4200,0
1644391320000,5.546,5.547,5.537,5.537,4041.2,1644391379999,22389.6318,157,1071.4,5936.9294,0
1644391380000,5.539,5.544,5.539,5.544,859.9,1644391439999,4765.2017,97,609.3,3376.7558,0
1644391440000,5.542,5.547,5.541,5.542,2162.4,1644391499999,11986.9703,118,626.3,3472.2345,0
1644391500000,5.541,5.549,5.541,5.545,938.9,1644391559999,5206.2859,67,772.8,4285.5816,0
1644391560000,5.544,5.547,5.543,5.546,611.7,1644391619999,3391.5605,62,83.9,465.2420,0
1644391620000,5.547,5.553,5.546,5.551,1772.2,1644391679999,9834.5428,123,761.5,4225.8623,0
1644391680000,5.551,5.558,5.546,5.546,2143.4,1644391739999,11900.4493,106,1031.1,5726.1133,0
1644391740000,5.545,5.548,5.541,5.541,1638.1,1644391799999,9081.6505,63,152.7,846.9212,0
1644391800000,5.541,5.544,5.536,5.537,15765.7,1644391859999,87313.5492,153,12800.6,70887.6838,0
1644391860000,5.537,5.539,5.526,5.526,6382.4,1644391919999,35302.7809,125,279.5,1546.1137,0
1644391920000,5.526,5.530,5.514,5.514,10231.8,1644391979999,56509.4422,163,2399.8,13258.2131,0
1644391980000,5.514,5.514,5.507,5.512,1023.3,1644392039999,5638.8425,85,492.0,2711.5220,0
1644392040000,5.512,5.518,5.512,5.514,1467.0,1644392099999,8089.6994,92,971.3,5356.6300,0
1644392100000,5.514,5.517,5.511,5.514,1327.8,1644392159999,7320.5559,68,484.1,2668.6836,0
1644392160000,5.511,5.516,5.507,5.515,4566.7,1644392219999,25166.4821,110,1434.1,7904.9458,0
1644392220000,5.514,5.520,5.514,5.517,2370.6,1644392279999,13079.4692,116,1107.0,6107.5712,0
1644392280000,5.517,5.518,5.513,5.515,1297.6,1644392339999,7157.7064,72,1038.4,5728.1481,0
1644392340000,5.515,5.518,5.512,5.515,1434.7,1644392399999,7910.6104,90,430.0,2371.5934,0
1644392400000,5.518,5.524,5.517,5.521,1206.4,1644392459999,6658.9453,87,729.9,4028.7516,0
1644392460000,5.521,5.525,5.518,5.523,2441.8,1644392519999,13482.0740,98,1409.0,7780.6453,0
1644392520000,5.521,5.524,5.517,5.517,1402.2,1644392579999,7740.6812,67,951.7,5255.0130,0
1644392580000,5.515,5.520,5.503,5.518,2798.0,1644392639999,15421.3106,126,1120.4,6176.5468,0
1644392640000,5.518,5.524,5.516,5.518,3185.7,1644392699999,17590.9249,98,605.0,3340.4669,0
1644392700000,5.518,5.527,5.518,5.527,1420.2,1644392759999,7842.6633,82,1062.8,5869.2570,0
1644392760000,5.526,5.531,5.524,5.524,3681.4,1644392819999,20351.5610,94,3215.5,17776.9261,0
1644392820000,5.525,5.531,5.524,5.525,1660.7,1644392879999,9178.9257,94,1148.8,6350.0215,0
1644392880000,5.526,5.531,5.525,5.529,2416.4,1644392939999,13359.9932,105,1128.6,6240.5963,0
1644392940000,5.530,5.534,5.529,5.531,1309.9,1644392999999,7244.7893,68,920.8,5093.0399,0
1644393000000,5.532,5.539,5.529,5.536,2340.1,1644393059999,12950.2668,131,1722.6,9534.0124,0
1644393060000,5.535,5.540,5.535,5.537,1253.0,1644393119999,6938.2711,83,755.7,4184.8717,0
1644393120000,5.536,5.541,5.535,5.541,1056.7,1644393179999,5852.2318,74,461.4,2555.4249,0
1644393180000,5.539,5.540,5.536,5.537,435.5,1644393239999,2411.8058,62,275.7,1526.9738,0
1644393240000,5.538,5.547,5.536,5.545,2290.4,1644393299999,12691.8537,83,1687.7,9350.2879,0
1644393300000,5.545,5.553,5.545,5.550,1794.9,1644393359999,9961.4411,105,895.4,4970.4257,0
1644393360000,5.551,5.562,5.550,5.559,4076.4,1644393419999,22649.6442,148,2117.4,11767.9854,0
1644393420000,5.557,5.563,5.555,5.561,2085.5,1644393479999,11593.9641,91,854.5,4751.3859,0
1644393480000,5.562,5.569,5.558,5.567,3601.6,1644393539999,20040.4520,161,3262.9,18156.5213,0
1644393540000,5.567,5.578,5.554,5.556,8359.6,1644393599999,46524.2063,212,3485.7,19408.0855,0
1644393600000,5.554,5.562,5.552,5.558,3399.2,1644393659999,18888.3605,125,1781.0,9898.3255,0
1644393660000,5.556,5.564,5.554,5.561,1900.4,1644393719999,10561.6217,82,1082.7,6016.2816,0
1644393720000,5.560,5.569,5.557,5.569,3249.3,1644393779999,18074.3181,112,1158.8,6448.4791,0
1644393780000,5.569,5.570,5.552,5.554,3890.6,1644393839999,21620.4295,132,1194.3,6638.0831,0
1644393840000,5.553,5.555,5.539,5.542,7783.2,1644393899999,43173.4512,165,1330.7,7382.5239,0
1644393900000,5.542,5.542,5.530,5.538,2663.5,1644393959999,14739.5854,96,1773.9,9816.8952,0
1644393960000,5.533,5.545,5.533,5.543,3698.5,1644394019999,20491.9383,116,2448.6,13567.1115,0
1644394020000,5.541,5.544,5.538,5.539,824.6,1644394079999,4568.6932,48,412.4,2285.0650,0
1644394080000,5.540,5.545,5.531,5.536,3549.5,1644394139999,19657.8817,84,1141.6,6322.2962,0
1644394140000,5.536,5.546,5.527,5.528,6002.6,1644394199999,33214.6348,155,1455.2,8060.6111,0
1644394200000,5.527,5.532,5.525,5.526,4820.3,1644394259999,26646.7085,136,1622.4,8970.2996,0
1644394260000,5.526,5.527,5.518,5.518,2238.5,1644394319999,12359.3207,76,157.7,871.2744,0
1644394320000,5.518,5.520,5.516,5.518,1902.7,1644394379999,10499.0002,74,981.6,5417.7254,0
1644394380000,5.520,5.529,5.520,5.528,3679.2,1644394439999,20324.9433,119,2478.4,13692.7495,0
1644394440000,5.528,5.535,5.525,5.526,2180.4,1644394499999,12058.4028,72,865.8,4789.9258,0
1644394500000,5.527,5.539,5.525,5.534,5543.2,1644394559999,30673.5257,104,4669.9,25843.5062,0
1644394560000,5.534,5.540,5.528,5.528,5470.8,1644394619999,30280.3937,115,3337.7,18478.6323,0
1644394620000,5.527,5.528,5.510,5.510,4335.0,1644394679999,23930.1313,139,1949.8,10767.5716,0
1644394680000,5.512,5.518,5.507,5.511,2290.3,1644394739999,12625.0588,140,1407.6,7760.6919,0
1644394740000,5.512,5.513,5.505,5.506,2722.4,1644394799999,14993.4263,116,949.7,5231.1312,0
1644394800000,5.507,5.514,5.501,5.507,2401.9,1644394859999,13225.6198,97,804.4,4431.0632,0
1644394860000,5.505,5.511,5.502,5.508,1973.5,1644394919999,10863.8570,94,889.9,4899.5339,0
1644394920000,5.510,5.514,5.495,5.502,9013.3,1644394979999,49591.1808,332,3916.7,21561.9619,0
1644394980000,5.502,5.503,5.492,5.501,4134.4,1644395039999,22730.6977,148,1105.9,6081.8841,0
1644395040000,5.499,5.499,5.482,5.492,4590.7,1644395099999,25202.3759,149,1210.3,6644.4391,0
1644395100000,5.490,5.503,5.484,5.489,4371.3,1644395159999,24014.7036,139,2550.9,14016.3427,0
1644395160000,5.487,5.496,5.487,5.493,1926.3,1644395219999,10578.5458,79,1172.8,6440.6140,0
1644395220000,5.494,5.496,5.490,5.490,1716.7,1644395279999,9431.1272,71,1142.9,6279.5659,0
1644395280000,5.490,5.501,5.487,5.497,4262.8,1644395339999,23408.1337,86,1728.2,9493.2307,0
1644395340000,5.497,5.513,5.492,5.507,5641.8,1644395399999,31038.4953,145,4509.8,24812.0876,0
1644395400000,5.505,5.512,5.490,5.495,4382.2,1644395459999,24094.1777,233,1818.5,9995.7075,0
1644395460000,5.495,5.502,5.492,5.497,2668.2,1644395519999,14664.3917,99,1502.8,8261.1680,0
1644395520000,5.497,5.501,5.496,5.500,1358.9,1644395579999,7470.9791,88,344.7,1895.6377,0
1644395580000,5.498,5.506,5.496,5.501,1904.8,1644395639999,10479.8707,86,741.8,4081.2383,0
1644395640000,5.500,5.508,5.500,5.503,1260.3,1644395699999,6937.0277,70,923.4,5083.0811,0
1644395700000,5.503,5.512,5.503,5.510,2298.5,1644395759999,12661.4071,90,1527.8,8416.1953,0
1644395760000,5.511,5.537,5.510,5.537,11152.0,1644395819999,61611.4997,439,10483.6,57921.3533,0
1644395820000,5.534,5.536,5.525,5.529,7863.2,1644395879999,43492.8080,188,3051.4,16881.4624,0
1644395880000,5.530,5.545,5.528,5.540,8188.9,1644395939999,45359.1690,214,5978.8,33123.7692,0
1644395940000,5.540,5.543,5.535,5.539,2577.4,1644395999999,14276.1623,131,1216.4,6738.9265,0
1644396000000,5.539,5.547,5.539,5.541,3835.3,1644396059999,21259.6931,118,2738.0,15178.9348,0
1644396060000,5.542,5.543,5.531,5.537,4242.4,1644396119999,23490.0875,134,1362.5,7546.4712,0
1644396120000,5.535,5.537,5.530,5.531,2060.4,1644396179999,11399.9812,101,682.8,3779.2751,0
1644396180000,5.531,5.540,5.530,5.536,3952.6,1644396239999,21870.8198,99,3182.0,17606.5955,0
1644396240000,5.537,5.547,5.531,5.536,3539.1,1644396299999,19604.1644,112,2755.7,15267.2790,0
1644396300000,5.537,5.543,5.531,5.542,1607.9,1644396359999,8901.3002,89,737.7,4085.6978,0
1644396360000,5.541,5.549,5.536,5.547,6744.4,1644396419999,37386.6024,161,2390.4,13256.9830,0
1644396420000,5.546,5.547,5.541,5.542,2147.1,1644396479999,11903.4940,96,807.4,4476.8101,0
1644396480000,5.542,5.550,5.537,5.547,1836.4,1644396539999,10179.4672,77,1428.0,7916.4019,0
1644396540000,5.548,5.553,5.541,5.549,5505.8,1644396599999,30537.8906,140,726.0,4029.3296,0
1644396600000,5.548,5.549,5.544,5.549,1943.2,1644396659999,10780.0342,74,973.8,5402.6914,0
1644396660000,5.550,5.559,5.548,5.558,1451.5,1644396719999,8060.4269,89,957.5,5318.2814,0
1644396720000,5.556,5.560,5.554,5.557,1879.9,1644396779999,10446.7689,83,990.3,5504.1474,0
1644396780000,5.558,5.569,5.556,5.565,2975.6,1644396839999,16554.1325,134,2047.7,11393.5811,0
1644396840000,5.565,5.565,5.557,5.560,3438.3,1644396899999,19118.1473,128,1114.8,6200.8865,0
1644396900000,5.564,5.570,5.559,5.569,3836.8,1644396959999,21350.7878,139,2376.4,13225.2310,0
1644396960000,5.567,5.582,5.565,5.581,9621.8,1644397019999,53628.0450,307,4512.0,25144.0390,0
1644397020000,5.581,5.581,5.567,5.567,7626.9,1644397079999,42517.1788,174,1894.1,10559.2393,0
1644397080000,5.568,5.568,5.555,5.557,3913.4,1644397139999,21763.1975,128,1494.8,8311.3050,0
1644397140000,5.557,5.558,5.532,5.540,22207.6,1644397199999,123036.0143,282,10693.5,59192.0362,0
1644397200000,5.538,5.551,5.538,5.548,7450.1,1644397259999,41309.6374,181,3135.1,17379.2112,0
1644397260000,5.546,5.552,5.545,5.550,4869.3,1644397319999,27019.6464,151,3008.7,16699.1275,0
1644397320000,5.550,5.551,5.520,5.540,15637.1,1644397379999,86552.3679,306,4881.1,27020.9743,0
1644397380000,5.539,5.545,5.536,5.536,1179.4,1644397439999,6534.0390,82,667.2,3696.8681,0
1644397440000,5.536,5.542,5.527,5.534,4739.4,1644397499999,26228.9010,144,983.1,5443.7271,0
1644397500000,5.533,5.540,5.527,5.537,2731.1,1644397559999,15115.0469,94,1758.2,9733.0368,0
1644397560000,5.537,5.542,5.536,5.542,807.5,1644397619999,4472.6681,54,535.4,2965.9465,0
1644397620000,5.541,5.546,5.539,5.539,1875.0,1644397679999,10391.2197,86,675.4,3743.1184,0
1644397680000,5.540,5.544,5.537,5.542,1805.6,1644397739999,10003.9433,68,973.6,5395.2211,0
1644397740000,5.541,5.545,5.537,5.540,2799.4,1644397799999,15510.5523,107,1414.3,7837.0905,0
1644397800000,5.542,5.547,5.536,5.544,2635.2,1644397859999,14606.0346,105,1240.0,6875.2247,0
1644397860000,5.544,5.547,5.540,5.544,1764.9,1644397919999,9782.7838,114,573.6,3179.8629,0
1644397920000,5.541,5.550,5.533,5.538,3971.1,1644397979999,22010.2046,176,2436.9,13512.1792,0
1644397980000,5.536,5.549,5.533,5.548,4513.4,1644398039999,25005.9327,217,2389.4,13241.1556,0
1644398040000,5.548,5.562,5.548,5.556,5285.4,1644398099999,29371.4893,180,1846.7,10262.3080,0
1644398100000,5.556,5.569,5.556,5.563,3581.7,1644398159999,19929.2741,152,1382.6,7692.1661,0
1644398160000,5.563,5.571,5.560,5.563,4752.5,1644398219999,26445.0158,175,2286.4,12725.8009,0
1644398220000,5.563,5.566,5.556,5.557,3487.5,1644398279999,19393.8382,112,461.9,2569.5791,0
1644398280000,5.556,5.564,5.552,5.560,2076.2,1644398339999,11536.0267,129,1052.2,5847.7834,0
1644398340000,5.560,5.560,5.553,5.553,1318.7,1644398399999,7327.3879,104,217.4,1207.8471,0
1644398400000,5.553,5.555,5.547,5.550,1711.3,1644398459999,9500.4203,114,786.1,4364.6096,0
1644398460000,5.551,5.555,5.550,5.550,716.5,1644398519999,3977.7074,70,208.3,1156.6477,0
1644398520000,5.550,5.553,5.547,5.550,1065.3,1644398579999,5912.7865,62,259.7,1442.0165,0
1644398580000,5.550,5.552,5.546,5.547,1435.9,1644398639999,7967.9466,77,350.0,1942.4451,0
1644398640000,5.548,5.550,5.545,5.545,1184.6,1644398699999,6571.4003,64,350.4,1944.0443,0
1644398700000,5.546,5.547,5.537,5.538,3730.0,1644398759999,20671.4030,116,615.6,3411.0032,0
1644398760000,5.541,5.544,5.540,5.540,675.4,1644398819999,3743.2243,66,337.0,1867.9080,0
1644398820000,5.540,5.545,5.540,5.543,539.5,1644398879999,2990.3190,65,394.3,2185.7140,0
1644398880000,5.543,5.556,5.543,5.552,3420.8,1644398939999,18981.5753,113,2134.6,11842.2680,0
1644398940000,5.553,5.561,5.552,5.552,2192.4,1644398999999,12178.7788,72,1444.3,8024.5033,0
1644399000000,5.553,5.568,5.553,5.559,5013.9,1644399059999,27886.2726,145,2296.8,12773.2956,0
1644399060000,5.559,5.564,5.552,5.557,1856.8,1644399119999,10320.3592,80,1109.2,6166.1331,0
1644399120000,5.559,5.559,5.554,5.557,1397.5,1644399179999,7765.7430,85,357.3,1985.9305,0
1644399180000,5.557,5.564,5.556,5.559,2079.3,1644399239999,11560.4524,98,1258.7,6999.4731,0
1644399240000,5.557,5.558,5.546,5.548,3343.7,1644399299999,18561.4369,90,897.5,4982.2794,0
1644399300000,5.548,5.552,5.546,5.549,1956.4,1644399359999,10856.4820,90,682.6,3788.1644,0
1644399360000,5.547,5.549,5.536,5.540,2435.6,1644399419999,13501.8464,87,552.3,3061.0296,0
1644399420000,5.540,5.542,5.522,5.523,6181.8,1644399479999,34196.5522,174,1193.1,6605.0593,0
1644399480000,5.522,5.523,5.500,5.506,14188.7,1644399539999,78208.9388,330,3721.5,20512.9793,0
1644399540000,5.508,5.520,5.505,5.514,4811.4,1644399599999,26524.0809,211,3526.0,19436.6834,0
1644399600000,5.513,5.518,5.512,5.517,3467.0,1644399659999,19122.3221,131,1580.6,8719.2751,0
1644399660000,5.518,5.523,5.516,5.518,2366.8,1644399719999,13064.6389,108,1621.9,8953.6273,0
1644399720000,5.519,5.527,5.518,5.522,3326.7,1644399779999,18376.1461,158,1574.0,8695.1266,0
1644399780000,5.523,5.530,5.521,5.530,4727.3,1644399839999,26121.8165,183,4031.3,22276.8422,0
1644399840000,5.530,5.543,5.530,5.533,5329.5,1644399899999,29510.3701,209,2684.6,14862.9003,0
1644399900000,5.532,5.546,5.532,5.537,2598.8,1644399959999,14396.0634,94,1618.3,8964.5247,0
1644399960000,5.537,5.540,5.531,5.535,2470.8,1644400019999,13674.9991,104,893.0,4942.5079,0
1644400020000,5.535,5.535,5.530,5.534,724.5,1644400079999,4009.2066,71,64.9,359.1284,0
1644400080000,5.534,5.537,5.533,5.533,821.4,1644400139999,4546.4735,65,361.7,2002.5701,0
1644400140000,5.533,5.534,5.525,5.526,1779.5,1644400199999,9839.3728,106,249.2,1377.7314,0
1644400200000,5.526,5.533,5.522,5.522,3086.8,1644400259999,17064.0576,135,1150.1,6357.0738,0
1644400260000,5.522,5.522,5.516,5.518,1862.6,1644400319999,10280.2746,103,597.6,3298.9630,0
1644400320000,5.519,5.524,5.516,5.517,1729.0,1644400379999,9542.2760,82,948.2,5233.8749,0
1644400380000,5.517,5.520,5.510,5.514,2471.4,1644400439999,13631.3795,110,972.9,5366.8623,0
1644400440000,5.514,5.522,5.514,5.514,1329.7,1644400499999,7335.9582,82,829.9,4579.2161,0
1644400500000,5.514,5.519,5.512,5.517,1517.7,1644400559999,8369.0211,86,434.8,2398.8625,0
1644400560000,5.518,5.522,5.517,5.518,776.5,1644400619999,4284.7676,82,71.9,396.8371,0
1644400620000,5.518,5.520,5.517,5.520,1946.9,1644400679999,10743.1794,89,965.0,5325.4726,0
1644400680000,5.519,5.525,5.519,5.521,1027.7,1644400739999,5673.8897,99,686.8,3792.1837,0
1644400740000,5.520,5.521,5.512,5.517,8153.0,1644400799999,44970.8147,162,5113.1,28198.0506,0
1644400800000,5.516,5.523,5.513,5.521,3007.1,1644400859999,16595.0469,111,1303.4,7195.8182,0
1644400860000,5.521,5.528,5.519,5.524,3182.6,1644400919999,17577.6102,132,2096.1,11577.5892,0
1644400920000,5.520,5.525,5.513,5.519,3617.4,1644400979999,19961.6214,128,1491.1,8228.4510,0
1644400980000,5.519,5.522,5.516,5.516,2600.5,1644401039999,14352.3916,81,1872.3,10334.0353,0
1644401040000,5.516,5.516,5.508,5.511,3830.1,1644401099999,21108.4600,92,1396.7,7696.8204,0
1644401100000,5.512,5.531,5.511,5.528,12040.2,1644401159999,66542.3615,226,5632.2,31121.7515,0
1644401160000,5.527,5.531,5.521,5.521,1445.3,1644401219999,7986.0217,76,419.8,2320.5599,0
1644401220000,5.522,5.528,5.519,5.526,863.3,1644401279999,4767.5704,64,385.8,2130.9874,0
1644401280000,5.526,5.546,5.526,5.536,3458.0,1644401339999,19152.6189,126,2100.2,11634.5227,0
1644401340000,5.536,5.558,5.536,5.551,4882.5,1644401399999,27085.2294,168,2133.1,11839.4307,0
1644401400000,5.551,5.557,5.540,5.544,3560.5,1644401459999,19756.2643,129,887.0,4921.1714,0
1644401460000,5.544,5.547,5.535,5.540,1556.6,1644401519999,8623.2280,82,905.1,5014.5741,0
1644401520000,5.541,5.549,5.538,5.548,3039.5,1644401579999,16846.5267,98,1823.7,10110.8801,0
1644401580000,5.546,5.549,5.541,5.544,1245.6,1644401639999,6905.3710,85,448.3,2485.8577,0
1644401640000,5.544,5.552,5.541,5.545,1670.4,1644401699999,9262.8267,100,366.6,2033.1346,0
1644401700000,5.543,5.545,5.537,5.538,1629.7,1644401759999,9028.5068,82,268.0,1485.5005,0
1644401760000,5.537,5.545,5.537,5.543,2873.7,1644401819999,15919.4244,95,1787.6,9902.6758,0
1644401820000,5.542,5.547,5.541,5.547,1057.0,1644401879999,5860.2794,85,569.9,3160.2518,0
1644401880000,5.546,5.552,5.542,5.551,3554.6,1644401939999,19724.4200,150,1536.8,8529.4269,0
1644401940000,5.553,5.565,5.550,5.564,3212.5,1644401999999,17852.9607,154,1619.9,9002.1017,0
1644402000000,5.562,5.566,5.555,5.560,5053.2,1644402059999,28094.8200,139,2294.0,12757.2181,0
1644402060000,5.558,5.558,5.551,5.556,1985.2,1644402119999,11025.6179,85,528.9,2938.1419,0
1644402120000,5.554,5.557,5.554,5.554,279.8,1644402179999,1554.5092,54,26.0,144.4569,0
1644402180000,5.554,5.561,5.553,5.558,1988.3,1644402239999,11047.8190,113,661.9,3678.4886,0
1644402240000,5.558,5.569,5.555,5.555,3510.3,1644402299999,19520.8676,146,2252.0,12526.9862,0
1644402300000,5.555,5.561,5.554,5.560,2028.8,1644402359999,11275.9374,133,1101.4,6121.7582,0
1644402360000,5.560,5.578,5.559,5.566,8501.3,1644402419999,47347.8619,269,4672.9,26026.2197,0
1644402420000,5.566,5.569,5.557,5.558,1840.2,1644402479999,10236.0632,142,975.1,5424.0420,0
1644402480000,5.558,5.569,5.558,5.568,2102.3,1644402539999,11699.2087,127,841.3,4681.8180,0
1644402540000,5.568,5.568,5.560,5.563,1573.5,1644402599999,8756.3169,102,656.4,3653.4765,0
1644402600000,5.562,5.570,5.561,5.563,5523.8,1644402659999,30737.3224,157,2390.7,13304.5892,0
1644402660000,5.561,5.574,5.561,5.570,2763.2,1644402719999,15390.0710,145,1617.7,9011.8267,0
1644402720000,5.568,5.574,5.566,5.568,2144.9,1644402779999,11945.3199,138,678.9,3781.9806,0
1644402780000,5.568,5.577,5.568,5.568,4228.2,1644402839999,23556.1282,133,957.8,5337.6640,0
1644402840000,5.569,5.579,5.565,5.566,4724.8,1644402899999,26319.9100,227,2296.0,12796.2353,0
1644402900000,5.566,5.572,5.565,5.569,1502.8,1644402959999,8366.9389,145,348.6,1940.9682,0
1644402960000,5.569,5.574,5.568,5.568,1595.9,1644403019999,8889.4585,100,449.9,2506.5638,0
1644403020000,5.568,5.573,5.565,5.570,3330.4,1644403079999,18539.9594,110,1007.0,5606.8139,0
1644403080000,5.569,5.576,5.566,5.576,2367.1,1644403139999,13184.1631,111,862.0,4802.2216,0
1644403140000,5.576,5.583,5.575,5.581,5479.3,1644403199999,30571.2785,162,2807.9,15667.6313,0
1644403200000,5.582,5.590,5.580,5.586,7294.4,1644403259999,40745.7755,205,5740.5,32068.2092,0
1644403260000,5.586,5.587,5.548,5.562,30644.6,1644403319999,170522.7885,562,5236.6,29126.4527,0
1644403320000,5.564,5.574,5.562,5.569,4590.2,1644403379999,25560.3088,201,3533.2,19677.2818,0
1644403380000,5.569,5.569,5.560,5.561,4937.3,1644403439999,27475.6097,138,1648.2,9172.5167,0
1644403440000,5.562,5.568,5.560,5.563,1025.1,1644403499999,5703.6335,82,623.5,3469.8320,0
1644403500000,5.562,5.568,5.561,5.563,1647.3,1644403559999,9164.8840,101,913.8,5084.6122,0
1644403560000,5.565,5.572,5.565,5.569,2554.4,1644403619999,14225.8440,136,1845.4,10278.4840,0
1644403620000,5.568,5.570,5.565,5.565,647.0,1644403679999,3602.1748,68,244.2,1359.8179,0
1644403680000,5.565,5.568,5.561,5.561,1663.7,1644403739999,9257.2293,95,593.5,3303.1938,0
1644403740000,5.562,5.569,5.561,5.567,716.2,1644403799999,3986.3685,73,350.1,1948.8598,0
1644403800000,5.568,5.569,5.559,5.559,2486.2,1644403859999,13831.4205,90,437.7,2434.9551,0
1644403860000,5.559,5.567,5.559,5.563,1028.6,1644403919999,5723.3339,72,336.5,1871.7656,0
1644403920000,5.564,5.577,5.564,5.567,1756.6,1644403979999,9785.3919,95,1023.8,5703.1905,0
1644403980000,5.566,5.571,5.566,5.569,589.7,1644404039999,3283.8733,57,208.8,1162.6365,0
1644404040000,5.570,5.576,5.568,5.570,1898.3,1644404099999,10577.0085,144,728.9,4062.0678,0
1644404100000,5.567,5.570,5.563,5.564,904.3,1644404159999,5033.5045,74,561.2,3124.2180,0
1644404160000,5.563,5.572,5.562,5.570,2695.8,1644404219999,15009.4702,103,1550.1,8632.4679,0
1644404220000,5.570,5.572,5.566,5.566,680.9,1644404279999,3791.9660,52,245.6,1368.0608,0
1644404280000,5.567,5.580,5.567,5.577,3547.0,1644404339999,19774.2247,115,2704.7,15081.3223,0
1644404340000,5.576,5.587,5.575,5.584,6170.5,1644404399999,34428.8844,181,3530.4,19700.1885,0
1644404400000,5.584,5.587,5.574,5.574,4076.5,1644404459999,22746.2099,139,981.9,5480.0313,0
1644404460000,5.574,5.586,5.574,5.580,1682.5,1644404519999,9392.0583,68,431.3,2407.2552,0
1644404520000,5.581,5.586,5.578,5.581,2401.4,1644404579999,13404.5332,106,878.1,4903.5878,0
1644404580000,5.580,5.591,5.580,5.591,2716.4,1644404639999,15176.8447,114,1490.4,8327.8795,0
1644404640000,5.589,5.598,5.576,5.580,8737.6,1644404699999,48805.0370,197,2346.9,13125.9750,0
1644404700000,5.581,5.583,5.579,5.580,828.5,1644404759999,4623.5959,76,327.1,1825.6951,0
1644404760000,5.578,5.580,5.575,5.579,1235.3,1644404819999,6890.0095,83,217.3,1212.1948,0
1644404820000,5.579,5.582,5.569,5.575,4611.5,1644404879999,25712.6024,164,3046.9,16987.2312,0
1644404880000,5.574,5.574,5.566,5.567,1682.1,1644404939999,9367.8854,102,488.8,2722.6375,0
1644404940000,5.567,5.569,5.558,5.558,4633.3,1644404999999,25781.1990,151,1087.8,6054.4515,0
1644405000000,5.558,5.561,5.554,5.559,3220.9,1644405059999,17899.4213,127,1202.1,6681.4689,0
1644405060000,5.558,5.571,5.558,5.563,2505.9,1644405119999,13947.8607,114,1044.9,5815.8178,0
1644405120000,5.564,5.569,5.563,5.565,1033.3,1644405179999,5751.7614,99,551.4,3069.7573,0
1644405180000,5.564,5.571,5.562,5.568,933.7,1644405239999,5196.2729,122,372.0,2070.8510,0
1644405240000,5.568,5.575,5.565,5.566,3324.6,1644405299999,18522.6619,107,1922.8,10713.2563,0
1644405300000,5.566,5.569,5.563,5.563,1256.6,1644405359999,6993.3328,89,431.6,2402.1607,0
1644405360000,5.563,5.565,5.557,5.558,1232.0,1644405419999,6850.3586,99,426.7,2372.7017,0
1644405420000,5.558,5.563,5.556,5.558,1700.8,1644405479999,9451.5615,91,262.4,1458.7650,0
1644405480000,5.558,5.564,5.558,5.561,719.0,1644405539999,3998.7185,85,352.2,1958.8333,0
1644405540000,5.561,5.566,5.561,5.563,1247.0,1644405599999,6938.6727,96,628.5,3497.6596,0
1644405600000,5.563,5.577,5.562,5.573,4215.5,1644405659999,23484.9799,144,2931.8,16334.3118,0
1644405660000,5.571,5.581,5.571,5.576,2685.3,1644405719999,14977.7733,112,2029.3,11321.5860,0
1644405720000,5.577,5.588,5.567,5.578,9523.3,1644405779999,53125.7353,211,7692.9,42924.2783,0
1644405780000,5.579,5.584,5.571,5.581,4143.6,1644405839999,23112.2739,100,1287.3,7180.4074,0
1644405840000,5.579,5.581,5.572,5.577,3814.1,1644405899999,21271.9471,144,1489.1,8307.2299,0
1644405900000,5.577,5.579,5.573,5.574,1627.9,1644405959999,9078.6012,122,675.4,3766.8972,0
1644405960000,5.575,5.582,5.575,5.576,556.6,1644406019999,3104.9030,153,332.1,1852.7210,0
1644406020000,5.577,5.586,5.574,5.586,2776.1,1644406079999,15484.8589,143,910.7,5081.9264,0
1644406080000,5.585,5.590,5.580,5.586,3958.8,1644406139999,22110.0528,132,1421.4,7939.4890,0
1644406140000,5.586,5.595,5.585,5.591,1001.6,1644406199999,5599.7248,89,733.3,4099.3702,0
1644406200000,5.590,5.595,5.584,5.587,3063.2,1644406259999,17119.6408,149,1085.2,6067.7847,0
1644406260000,5.587,5.590,5.583,5.583,2259.1,1644406319999,12620.2031,117,1130.7,6317.2466,0
1644406320000,5.583,5.586,5.578,5.578,1667.1,1644406379999,9306.0324,110,392.7,2193.4797,0
1644406380000,5.579,5.580,5.575,5.578,1627.0,1644406439999,9074.6724,106,457.0,2549.7453,0
1644406440000,5.578,5.581,5.577,5.577,543.6,1644406499999,3032.4112,83,356.9,1991.1130,0
1644406500000,5.577,5.583,5.577,5.583,1231.4,1644406559999,6870.4882,95,1025.0,5719.2027,0
1644406560000,5.581,5.582,5.577,5.578,1062.1,1644406619999,5925.0831,71,139.2,776.5228,0
1644406620000,5.579,5.586,5.578,5.584,963.7,1644406679999,5379.0835,82,356.7,1991.4303,0
1644406680000,5.584,5.590,5.578,5.578,1900.0,1644406739999,10608.5302,113,918.0,5126.0233,0
1644406740000,5.578,5.585,5.577,5.584,985.0,1644406799999,5496.7881,94,438.8,2449.2008,0
1644406800000,5.584,5.587,5.582,5.584,1854.1,1644406859999,10354.7353,121,723.0,4038.1518,0
1644406860000,5.584,5.585,5.577,5.577,3669.5,1644406919999,20475.9719,125,687.7,3838.2653,0
1644406920000,5.577,5.579,5.576,5.577,1491.0,1644406979999,8316.1262,109,748.6,4176.1206,0
1644406980000,5.578,5.579,5.572,5.576,3852.6,1644407039999,21480.5916,146,495.9,2765.7546,0
1644407040000,5.576,5.576,5.566,5.566,3137.6,1644407099999,17473.0134,98,464.3,2585.7267,0
1644407100000,5.568,5.579,5.567,5.575,4492.0,1644407159999,25040.1940,158,2175.1,12126.4217,0
1644407160000,5.575,5.586,5.575,5.583,5857.2,1644407219999,32694.9869,177,3522.5,19664.6028,0
1644407220000,5.584,5.585,5.574,5.578,1843.8,1644407279999,10287.5447,125,705.6,3936.8205,0
1644407280000,5.576,5.583,5.574,5.583,2810.7,1644407339999,15683.6209,111,1859.8,10380.9071,0
1644407340000,5.580,5.585,5.579,5.580,2537.0,1644407399999,14160.0119,138,943.2,5265.5602,0
1644407400000,5.580,5.584,5.578,5.580,3500.5,1644407459999,19537.4145,130,849.9,4744.3165,0
1644407460000,5.579,5.590,5.579,5.584,5101.6,1644407519999,28496.3175,134,2288.4,12784.4051,0
1644407520000,5.587,5.587,5.581,5.585,2254.4,1644407579999,12589.2321,87,784.9,4383.7094,0
1644407580000,5.586,5.592,5.584,5.591,1288.1,1644407639999,7198.5432,87,657.4,3674.4688,0
1644407640000,5.588,5.588,5.582,5.584,1611.2,1644407699999,8998.2726,79,972.5,5431.1329,0
1644407700000,5.583,5.587,5.582,5.582,1799.0,1644407759999,10045.3126,72,384.8,2149.2160,0
1644407760000,5.582,5.584,5.577,5.579,2299.0,1644407819999,12828.4926,101,632.3,3528.2014,0
1644407820000,5.579,5.585,5.577,5.580,1083.3,1644407879999,6044.8554,71,620.0,3460.1919,0
1644407880000,5.578,5.583,5.576,5.578,976.1,1644407939999,5445.6182,67,521.5,2909.7210,0
1644407940000,5.578,5.588,5.578,5.579,2814.0,1644407999999,15716.6998,76,826.8,4617.4296,0
1644408000000,5.579,5.585,5.579,5.585,1300.3,1644408059999,7257.6114,68,677.2,3779.7879,0
1644408060000,5.586,5.590,5.584,5.588,1661.7,1644408119999,9284.5228,82,962.2,5377.4807,0
1644408120000,5.587,5.596,5.587,5.588,4008.7,1644408179999,22415.3756,151,2974.0,16631.4494,0
1644408180000,5.587,5.590,5.584,5.586,3026.4,1644408239999,16905.6384,80,2128.2,11889.0409,0
1644408240000,5.587,5.598,5.586,5.591,4566.8,1644408299999,25535.6863,114,2935.7,16419.2958,0
1644408300000,5.592,5.595,5.579,5.579,7471.4,1644408359999,41740.1059,155,5744.6,32093.3204,0
1644408360000,5.579,5.584,5.571,5.575,8038.1,1644408419999,44822.0372,159,1448.9,8080.8572,0
1644408420000,5.574,5.575,5.571,5.571,1585.7,1644408479999,8836.3780,61,262.8,1464.7438,0
1644408480000,5.570,5.574,5.569,5.571,1845.2,1644408539999,10279.7947,72,662.7,3693.3470,0
1644408540000,5.571,5.582,5.570,5.574,4598.3,1644408599999,25643.6074,106,2616.4,14595.8591,0
1644408600000,5.573,5.578,5.572,5.575,1703.3,1644408659999,9495.5315,78,1230.6,6860.5356,0
1644408660000,5.577,5.577,5.573,5.575,1158.1,1644408719999,6456.3364,61,377.5,2105.0764,0
1644408720000,5.575,5.582,5.574,5.579,1544.7,1644408779999,8617.9640,51,389.2,2171.6735,0
1644408780000,5.580,5.586,5.580,5.585,3038.8,1644408839999,16967.3211,91,1263.9,7056.8477,0
1644408840000,5.585,5.595,5.585,5.590,5604.0,1644408899999,31321.9451,105,3242.0,18117.8419,0
1644408900000,5.590,5.593,5.583,5.588,3087.1,1644408959999,17246.8360,94,1021.6,5708.6842,0
1644408960000,5.586,5.597,5.584,5.590,5781.5,1644409019999,32323.8166,132,3088.4,17270.7832,0
1644409020000,5.590,5.598,5.588,5.594,2692.1,1644409079999,15056.4814,92,1018.7,5699.4007,0
1644409080000,5.595,5.599,5.591,5.599,3183.0,1644409139999,17811.7683,108,2216.8,12406.5434,0
1644409140000,5.597,5.600,5.591,5.592,2785.8,1644409199999,15586.1029,83,351.4,1966.4080,0
1644409200000,5.592,5.594,5.590,5.591,1267.2,1644409259999,7085.1020,73,509.4,2848.5233,0
1644409260000,5.591,5.595,5.590,5.593,1804.2,1644409319999,10088.6608,62,568.7,3180.8235,0
1644409320000,5.591,5.598,5.591,5.593,2572.6,1644409379999,14388.7428,67,957.2,5355.9055,0
1644409380000,5.594,5.596,5.591,5.594,1386.1,1644409439999,7754.2051,55,623.8,3490.4610,0
1644409440000,5.595,5.600,5.595,5.597,1637.9,1644409499999,9167.2177,77,1124.2,6292.8529,0
1644409500000,5.597,5.600,5.594,5.595,4866.8,1644409559999,27236.1215,135,1014.5,5678.5719,0
1644409560000,5.595,5.603,5.594,5.602,7276.3,1644409619999,40744.9898,144,6085.4,34078.6942,0
1644409620000,5.601,5.603,5.594,5.597,2082.7,1644409679999,11657.2671,71,842.9,4719.7693,0
1644409680000,5.598,5.604,5.595,5.600,6381.3,1644409739999,35736.0761,116,5532.0,30982.2350,0
1644409740000,5.598,5.608,5.598,5.602,1207.2,1644409799999,6764.1954,73,603.5,3382.8364,0
1644409800000,5.602,5.605,5.598,5.599,2263.5,1644409859999,12677.8814,100,742.2,4157.2088,0
1644409860000,5.599,5.606,5.595,5.602,6819.0,1644409919999,38203.3533,118,4002.9,22431.5419,0
1644409920000,5.600,5.602,5.596,5.599,1255.9,1644409979999,7032.6829,75,220.5,1234.9495,0
1644409980000,5.600,5.615,5.596,5.612,5204.7,1644410039999,29186.4779,171,3826.1,21463.4172,0
1644410040000,5.611,5.616,5.607,5.612,5555.1,1644410099999,31173.9922,150,2201.7,12355.1485,0
1644410100000,5.611,5.623,5.610,5.616,2731.7,1644410159999,15340.1938,119,1451.2,8150.6633,0
1644410160000,5.616,5.617,5.608,5.615,5350.0,1644410219999,30028.9840,144,2223.7,12484.3565,0
1644410220000,5.614,5.629,5.614,5.626,9868.3,1644410279999,55485.6318,235,5142.4,28917.0335,0
1644410280000,5.623,5.626,5.619,5.625,4531.3,1644410339999,25475.5846,110,1720.7,9677.2988,0
1644410340000,5.624,5.629,5.622,5.624,2437.3,1644410399999,13711.7218,111,796.1,4479.4709,0
1644410400000,5.624,5.648,5.623,5.634,8840.3,1644410459999,49803.6942,304,4595.8,25911.8074,0
1644410460000,5.632,5.727,5.632,5.724,105932.6,1644410519999,602373.2748,2059,66214.6,376736.1271,0
1644410520000,5.723,5.743,5.682,5.684,51884.0,1644410579999,296690.8485,1079,17267.2,98789.7722,0
1644410580000,5.684,5.684,5.666,5.671,17143.3,1644410639999,97270.0383,397,7780.0,44149.4870,0
1644410640000,5.671,5.686,5.666,5.682,6676.5,1644410699999,37883.7884,262,3145.2,17852.7230,0
1644410700000,5.684,5.689,5.668,5.674,8138.2,1644410759999,46207.5979,254,2408.0,13674.5102,0
1644410760000,5.672,5.683,5.672,5.677,5114.6,1644410819999,29040.9593,163,1503.0,8534.0687,0
1644410820000,5.678,5.681,5.668,5.670,5901.5,1644410879999,33475.0937,184,1337.0,7587.0299,0
1644410880000,5.669,5.669,5.649,5.652,7324.7,1644410939999,41433.3936,228,1096.0,6197.7834,0
1644410940000,5.651,5.659,5.649,5.657,4100.7,1644410999999,23179.6866,150,1757.1,9934.1893,0
1644411000000,5.657,5.660,5.652,5.653,2207.5,1644411059999,12484.7503,112,1353.1,7652.8789,0
1644411060000,5.655,5.663,5.654,5.655,4602.8,1644411119999,26037.3201,118,3932.0,22242.1575,0
1644411120000,5.656,5.662,5.656,5.660,1700.5,1644411179999,9624.6029,92,1106.3,6261.7446,0
1644411180000,5.660,5.673,5.660,5.670,4848.7,1644411239999,27475.0450,171,3697.6,20950.4690,0
1644411240000,5.669,5.669,5.644,5.656,8844.3,1644411299999,50020.3747,219,1888.7,10683.4052,0
1644411300000,5.654,5.654,5.644,5.648,3780.5,1644411359999,21355.2589,148,1783.7,10078.1249,0
1644411360000,5.649,5.657,5.646,5.649,2391.3,1644411419999,13513.2288,113,1482.0,8375.8811,0
1644411420000,5.650,5.664,5.650,5.661,3166.6,1644411479999,17918.0024,134,1661.0,9399.3244,0
1644411480000,5.662,5.668,5.658,5.659,3233.4,1644411539999,18304.2400,124,1168.8,6617.9743,0
1644411540000,5.656,5.659,5.652,5.657,4773.3,1644411599999,26990.5078,108,3674.5,20776.5302,0
1644411600000,5.657,5.664,5.646,5.646,3959.1,1644411659999,22382.1049,129,643.6,3640.6834,0
1644411660000,5.645,5.650,5.641,5.645,4062.2,1644411719999,22930.7543,163,2104.0,11877.8309,0
1644411720000,5.649,5.653,5.642,5.652,3853.8,1644411779999,21754.7985,152,1327.9,7498.3365,0
1644411780000,5.653,5.663,5.652,5.663,2702.5,1644411839999,15286.5771,118,2104.1,11902.8813,0
1644411840000,5.662,5.669,5.657,5.665,2914.2,1644411899999,16501.6494,119,1574.2,8914.3043,0
1644411900000,5.665,5.675,5.663,5.665,4441.0,1644411959999,25173.6834,152,2322.8,13168.3029,0
1644411960000,5.666,5.681,5.666,5.677,5236.2,1644412019999,29722.7590,131,3543.1,20113.9059,0
1644412020000,5.676,5.680,5.671,5.677,3347.9,1644412079999,19001.5761,123,1707.2,9692.1425,0
1644412080000,5.677,5.677,5.670,5.672,1881.7,1644412139999,10673.5781,98,711.2,4034.6974,0
1644412140000,5.673,5.676,5.669,5.671,1578.7,1644412199999,8955.9385,87,1176.1,6672.6084,0
1644412200000,5.672,5.685,5.669,5.680,3680.0,1644412259999,20894.2397,146,2310.1,13115.0521,0
1644412260000,5.680,5.696,5.678,5.690,5920.7,1644412319999,33683.9535,189,3829.4,21787.4850,0
1644412320000,5.690,5.700,5.679,5.685,15109.2,1644412379999,85909.3249,343,2836.4,16135.7000,0
1644412380000,5.682,5.691,5.682,5.684,4304.0,1644412439999,24467.1517,154,2143.3,12183.9265,0
1644412440000,5.682,5.684,5.669,5.674,5383.6,1644412499999,30556.0651,184,2063.0,11709.7377,0
1644412500000,5.673,5.686,5.673,5.683,2562.7,1644412559999,14554.3283,107,1489.7,8463.1383,0
1644412560000,5.683,5.683,5.665,5.667,6857.5,1644412619999,38906.6878,181,2463.6,13979.9938,0
1644412620000,5.668,5.673,5.661,5.671,3009.6,1644412679999,17057.7133,166,1554.7,8813.7828,0
1644412680000,5.667,5.673,5.663,5.670,5354.0,1644412739999,30342.0410,161,1572.9,8916.5635,0
1644412740000,5.667,5.667,5.659,5.665,2394.3,1644412799999,13557.6896,108,661.6,3746.6463,0
1644412800000,5.665,5.671,5.662,5.669,2724.2,1644412859999,15436.5997,110,1925.1,10908.4175,0
1644412860000,5.669,5.671,5.664,5.665,2424.8,1644412919999,13741.1412,112,1333.8,7559.3733,0
1644412920000,5.664,5.674,5.663,5.668,2810.3,1644412979999,15931.5083,119,1871.0,10607.0519,0
1644412980000,5.668,5.672,5.662,5.670,3016.2,1644413039999,17097.2169,124,999.8,5667.0112,0
1644413040000,5.669,5.669,5.658,5.663,4025.2,1644413099999,22793.3863,162,1561.7,8841.7118,0
1644413100000,5.663,5.668,5.660,5.665,5755.4,1644413159999,32599.3692,186,2973.1,16842.9280,0
1644413160000,5.664,5.672,5.664,5.668,1338.2,1644413219999,7584.3799,110,1090.8,6182.2858,0
1644413220000,5.668,5.673,5.658,5.661,3177.9,1644413279999,18003.5089,139,737.7,4181.6986,0
1644413280000,5.661,5.663,5.659,5.662,1288.1,1644413339999,7292.2735,81,894.4,5063.6686,0
1644413340000,5.662,5.668,5.661,5.664,2235.1,1644413399999,12663.4057,117,711.6,4030.5001,0
1644413400000,5.663,5.676,5.663,5.670,3857.7,1644413459999,21881.8499,118,1902.1,10788.0719,0
1644413460000,5.669,5.673,5.664,5.672,5210.2,1644413519999,29535.6602,146,1438.3,8153.0625,0
1644413520000,5.669,5.670,5.666,5.666,1215.9,1644413579999,6891.2158,92,710.5,4026.9697,0
1644413580000,5.666,5.668,5.658,5.658,2916.6,1644413639999,16520.7869,141,1394.8,7902.7496,0
1644413640000,5.658,5.663,5.654,5.661,3883.6,1644413699999,21969.7075,145,2252.4,12743.7203,0
1644413700000,5.662,5.668,5.659,5.664,2864.0,1644413759999,16217.2247,117,736.6,4172.7116,0
1644413760000,5.665,5.665,5.659,5.664,2726.0,1644413819999,15435.0744,101,1647.1,9325.3524,0
1644413820000,5.663,5.663,5.651,5.654,5805.9,1644413879999,32832.9158,116,629.5,3562.7005,0
1644413880000,5.654,5.663,5.650,5.657,8138.6,1644413939999,46021.4757,194,3296.0,18647.2640,0
1644413940000,5.659,5.663,5.656,5.659,1562.4,1644413999999,8840.7107,95,982.5,5560.0610,0
1644414000000,5.659,5.661,5.653,5.654,5304.7,1644414059999,30011.3530,108,864.4,4889.4489,0
1644414060000,5.655,5.662,5.650,5.660,6578.9,1644414119999,37197.5321,167,3203.3,18116.6845,0
1644414120000,5.658,5.665,5.656,5.660,2626.4,1644414179999,14868.3575,106,1774.3,10045.2853,0
1644414180000,5.660,5.668,5.658,5.662,4224.3,1644414239999,23917.5513,120,1879.7,10644.1827,0
1644414240000,5.661,5.668,5.661,5.662,2093.9,1644414299999,11861.0890,89,1083.6,6139.5908,0
1644414300000,5.663,5.680,5.662,5.674,12293.0,1644414359999,69742.3251,166,8615.0,48880.3240,0
1644414360000,5.672,5.695,5.664,5.689,20593.6,1644414419999,117001.6482,332,15956.4,90686.1617,0
1644414420000,5.687,5.688,5.674,5.675,2784.9,1644414479999,15822.2804,110,714.3,4058.7230,0
1644414480000,5.675,5.684,5.674,5.679,2621.1,1644414539999,14886.1879,83,935.4,5312.5218,0
1644414540000,5.679,5.679,5.674,5.675,1618.4,1644414599999,9185.6251,59,491.3,2789.3420,0
1644414600000,5.676,5.677,5.668,5.671,1695.1,1644414659999,9613.3920,87,721.1,4089.6040,0
1644414660000,5.673,5.684,5.665,5.669,7837.2,1644414719999,44454.3514,157,3665.1,20801.7248,0
1644414720000,5.670,5.677,5.664,5.668,3919.1,1644414779999,22225.3767,124,2854.7,16193.1323,0
1644414780000,5.668,5.682,5.668,5.677,2755.1,1644414839999,15634.8296,117,2230.2,12657.5055,0
1644414840000,5.676,5.676,5.670,5.672,1721.4,1644414899999,9764.9139,107,925.5,5250.6976,0
1644414900000,5.673,5.674,5.669,5.671,902.9,1644414959999,5120.3899,71,549.7,3117.6399,0
1644414960000,5.672,5.675,5.655,5.657,5718.7,1644415019999,32376.5343,212,1877.2,10629.8326,0
1644415020000,5.656,5.656,5.631,5.631,14292.2,1644415079999,80685.8873,404,2993.7,16911.6600,0
1644415080000,5.633,5.638,5.622,5.637,10222.4,1644415139999,57529.9997,247,3562.6,20055.8831,0
1644415140000,5.637,5.639,5.624,5.635,10448.7,1644415199999,58851.7866,179,4449.4,25071.5965,0
1644415200000,5.635,5.652,5.634,5.645,6378.2,1644415259999,36025.5447,164,3675.9,20760.0337,0
1644415260000,5.640,5.644,5.626,5.627,3939.3,1644415319999,22196.6324,173,1738.0,9793.4971,0
1644415320000,5.629,5.630,5.614,5.621,8039.2,1644415379999,45191.5271,213,2263.9,12730.6323,0
1644415380000,5.622,5.622,5.609,5.618,7531.6,1644415439999,42285.7511,226,2925.1,16426.2856,0
1644415440000,5.617,5.629,5.615,5.629,4341.1,1644415499999,24405.6317,142,2753.0,15476.8611,0
1644415500000,5.629,5.632,5.623,5.625,2317.1,1644415559999,13039.2881,105,1406.3,7913.8168,0
1644415560000,5.625,5.631,5.620,5.621,2965.5,1644415619999,16683.8305,122,1841.3,10358.9375,0
1644415620000,5.619,5.619,5.602,5.614,15715.7,1644415679999,88141.9192,245,3565.5,19996.8512,0
1644415680000,5.613,5.619,5.611,5.611,7415.1,1644415739999,41637.8763,110,2606.7,14640.0238,0
1644415740000,5.611,5.627,5.610,5.626,6141.9,1644415799999,34488.6345,123,5178.7,29077.4659,0
1644415800000,5.627,5.635,5.617,5.635,6163.5,1644415859999,34670.1899,151,4081.3,22963.7049,0
1644415860000,5.638,5.639,5.627,5.633,2618.4,1644415919999,14747.3493,119,1936.2,10905.1342,0
1644415920000,5.634,5.636,5.628,5.629,1663.1,1644415979999,9366.6858,97,1093.1,6157.0193,0
1644415980000,5.628,5.669,5.625,5.660,32396.2,1644416039999,183009.8477,452,25927.2,146479.6877,0
1644416040000,5.659,5.660,5.641,5.641,6986.8,1644416099999,39491.8433,201,1603.7,9071.5368,0
1644416100000,5.639,5.652,5.637,5.646,2081.7,1644416159999,11752.5988,113,1443.1,8145.6628,0
1644416160000,5.644,5.644,5.634,5.640,5285.6,1644416219999,29801.2336,133,3150.8,17765.3604,0
1644416220000,5.640,5.640,5.632,5.632,2438.9,1644416279999,13744.0346,104,756.1,4260.4076,0
1644416280000,5.631,5.638,5.630,5.633,3421.2,1644416339999,19278.4792,124,1788.9,10081.8548,0
1644416340000,5.632,5.642,5.631,5.631,3194.1,1644416399999,17997.9713,157,2039.0,11492.1982,0
1644416400000,5.632,5.642,5.631,5.637,961.3,1644416459999,5419.5579,106,700.3,3948.3695,0
1644416460000,5.635,5.646,5.635,5.641,2092.3,1644416519999,11801.9217,102,1521.8,8583.5002,0
1644416520000,5.638,5.650,5.638,5.641,1029.8,1644416579999,5811.4055,89,624.9,3525.9664,0
1644416580000,5.641,5.645,5.640,5.642,2286.4,1644416639999,12898.8269,94,2008.7,11332.1797,0
1644416640000,5.642,5.643,5.636,5.637,3007.9,1644416699999,16960.9106,138,851.0,4798.8549,0
1644416700000,5.636,5.641,5.635,5.637,1430.7,1644416759999,8063.9775,108,335.8,1892.8567,0
1644416760000,5.637,5.653,5.637,5.645,4245.6,1644416819999,23970.7372,163,2613.6,14755.6287,0
1644416820000,5.642,5.647,5.637,5.638,2352.7,1644416879999,13275.2412,134,1390.6,7846.1997,0
1644416880000,5.638,5.639,5.631,5.631,1960.2,1644416939999,11045.5603,110,545.4,3074.1882,0
1644416940000,5.632,5.638,5.632,5.633,4230.5,1644416999999,23834.7325,150,3031.0,17076.0705,0
1644417000000,5.633,5.640,5.631,5.638,2859.0,1644417059999,16116.4444,150,642.3,3619.7033,0
1644417060000,5.641,5.653,5.640,5.652,5648.7,1644417119999,31903.9106,143,1546.1,8732.1752,0
1644417120000,5.649,5.654,5.644,5.651,2601.7,1644417179999,14698.0719,115,1560.7,8816.8306,0
1644417180000,5.651,5.660,5.649,5.658,1606.5,1644417239999,9084.1754,126,778.5,4402.1239,0
1644417240000,5.657,5.659,5.648,5.651,3531.1,1644417299999,19968.7532,135,703.3,3977.0618,0
1644417300000,5.648,5.652,5.638,5.645,4924.2,1644417359999,27799.4332,170,2769.7,15638.6273,0
1644417360000,5.646,5.661,5.644,5.658,7289.1,1644417419999,41203.1774,174,3985.9,22529.7416,0
1644417420000,5.659,5.664,5.651,5.655,4418.6,1644417479999,25000.6931,135,1974.5,11173.8689,0
1644417480000,5.655,5.659,5.652,5.656,1527.0,1644417539999,8636.2020,87,599.7,3391.7578,0
1644417540000,5.657,5.662,5.648,5.648,2004.7,1644417599999,11339.9146,97,788.8,4462.8239,0
1644417600000,5.649,5.661,5.647,5.653,5118.9,1644417659999,28930.0456,140,2062.8,11664.6411,0
1644417660000,5.652,5.653,5.647,5.647,1194.8,1644417719999,6751.8908,92,853.5,4823.2374,0
1644417720000,5.648,5.669,5.648,5.665,4469.8,1644417779999,25300.0852,151,3071.9,17389.6478,0
1644417780000,5.664,5.665,5.654,5.656,5383.0,1644417839999,30457.6683,130,3584.2,20280.8547,0
1644417840000,5.655,5.659,5.654,5.655,1098.0,1644417899999,6210.8653,100,555.6,3142.8816,0
1644417900000,5.656,5.663,5.652,5.658,5175.3,1644417959999,29276.2201,112,3507.1,19840.5354,0
1644417960000,5.658,5.680,5.655,5.658,16509.5,1644418019999,93563.8259,301,12295.9,69698.0006,0
1644418020000,5.660,5.672,5.655,5.671,10583.1,1644418079999,59917.7782,176,8477.3,47999.5967,0
1644418080000,5.672,5.680,5.668,5.675,5132.5,1644418139999,29116.5376,149,2777.7,15759.4505,0
1644418140000,5.670,5.674,5.666,5.671,3618.0,1644418199999,20512.2690,119,2014.3,11420.8293,0
1644418200000,5.670,5.672,5.663,5.663,3385.8,1644418259999,19190.7538,100,1572.0,8910.8934,0
1644418260000,5.662,5.662,5.651,5.657,4520.2,1644418319999,25561.5231,132,1282.4,7250.1762,0
1644418320000,5.655,5.663,5.651,5.654,3086.3,1644418379999,17461.8801,116,1136.9,6433.2509,0
1644418380000,5.654,5.655,5.641,5.649,3297.4,1644418439999,18633.2296,148,1234.1,6973.7651,0
1644418440000,5.650,5.654,5.645,5.651,1253.5,1644418499999,7082.3019,77,1055.0,5960.7863,0
1644418500000,5.652,5.655,5.647,5.651,432.8,1644418559999,2445.5291,73,232.1,1311.5300,0
1644418560000,5.651,5.653,5.644,5.650,2842.5,1644418619999,16050.0048,78,586.9,3313.3177,0
1644418620000,5.648,5.651,5.642,5.644,2526.4,1644418679999,14268.0851,99,826.2,4666.6952,0
1644418680000,5.644,5.653,5.638,5.647,7652.3,1644418739999,43208.2933,150,3932.0,22205.2292,0
1644418740000,5.648,5.659,5.647,5.650,8609.2,1644418799999,48650.4472,132,2058.9,11634.4966,0
1644418800000,5.650,5.664,5.650,5.660,3185.6,1644418859999,18017.1456,136,1786.9,10108.0773,0
1644418860000,5.661,5.664,5.656,5.658,1790.2,1644418919999,10134.5920,83,696.5,3942.2295,0
1644418920000,5.660,5.676,5.658,5.673,9009.8,1644418979999,51077.7839,190,6917.7,39214.8333,0
1644418980000,5.672,5.677,5.667,5.670,3175.5,1644419039999,18012.1951,116,1451.1,8233.4023,0
1644419040000,5.669,5.675,5.667,5.667,2072.6,1644419099999,11753.2608,71,1292.8,7331.8451,0
1644419100000,5.667,5.670,5.665,5.665,1663.2,1644419159999,9426.3015,83,448.6,2542.6900,0
1644419160000,5.664,5.667,5.662,5.662,1209.0,1644419219999,6847.2429,52,138.7,785.8457,0
1644419220000,5.662,5.667,5.661,5.664,5922.9,1644419279999,33546.5122,124,4033.6,22845.7906,0
1644419280000,5.664,5.666,5.662,5.664,2332.6,1644419339999,13211.0677,85,1379.3,7811.7649,0
1644419340000,5.663,5.667,5.661,5.664,3387.0,1644419399999,19181.0170,126,1697.3,9612.0067,0
1644419400000,5.664,5.666,5.658,5.658,2273.2,1644419459999,12871.2222,89,693.2,3926.3902,0
1644419460000,5.658,5.658,5.649,5.654,5326.8,1644419519999,30120.6821,136,1994.6,11278.2847,0
1644419520000,5.651,5.653,5.648,5.651,2002.1,1644419579999,11311.3486,59,756.9,4277.1346,0
1644419580000,5.650,5.652,5.646,5.652,6093.9,1644419639999,34422.7636,125,1792.0,10123.1991,0
1644419640000,5.651,5.655,5.648,5.655,1467.5,1644419699999,8292.3999,62,797.2,4504.6920,0
1644419700000,5.656,5.657,5.647,5.655,5250.0,1644419759999,29673.2505,144,1284.5,7260.8830,0
1644419760000,5.654,5.656,5.641,5.646,9749.8,1644419819999,55090.8446,171,2400.6,13556.2592,0
1644419820000,5.645,5.651,5.642,5.649,5892.5,1644419879999,33278.0632,136,2040.4,11523.5239,0
1644419880000,5.649,5.655,5.649,5.654,2691.9,1644419939999,15215.6736,66,1024.3,5789.0576,0
1644419940000,5.652,5.656,5.642,5.645,2962.8,1644419999999,16744.4630,88,1641.5,9279.8349,0
1644420000000,5.646,5.652,5.646,5.651,1697.5,1644420059999,9588.6820,83,747.2,4219.7732,0
1644420060000,5.651,5.655,5.648,5.648,1684.8,1644420119999,9521.8510,73,1369.1,7737.5510,0
1644420120000,5.649,5.655,5.648,5.652,1196.3,1644420179999,6759.8170,40,1051.2,5939.9652,0
1644420180000,5.652,5.655,5.648,5.654,507.2,1644420239999,2866.2664,58,264.8,1496.3990,0
1644420240000,5.653,5.659,5.648,5.652,6122.6,1644420299999,34610.3243,103,3769.4,21313.7489,0
1644420300000,5.651,5.663,5.651,5.656,2480.5,1644420359999,14034.3242,84,1615.8,9142.2372,0
1644420360000,5.658,5.660,5.656,5.659,337.2,1644420419999,1908.0611,43,202.6,1146.5073,0
1644420420000,5.659,5.661,5.655,5.660,1026.9,1644420479999,5810.1599,59,362.4,2050.8520,0
1644420480000,5.659,5.661,5.658,5.659,1957.6,1644420539999,11079.4450,84,851.5,4819.7314,0
1644420540000,5.658,5.658,5.648,5.650,2050.1,1644420599999,11587.6484,78,1293.6,7309.6225,0
1644420600000,5.649,5.656,5.649,5.653,5979.9,1644420659999,33798.9195,109,4770.2,26959.7357,0
1644420660000,5.652,5.657,5.648,5.654,3226.2,1644420719999,18231.3861,85,1538.7,8695.0787,0
1644420720000,5.653,5.655,5.650,5.650,2943.7,1644420779999,16638.6178,71,554.4,3134.1125,0
1644420780000,5.649,5.652,5.647,5.649,1855.8,1644420839999,10483.9799,78,915.2,5171.3389,0
1644420840000,5.649,5.650,5.646,5.646,1695.6,1644420899999,9576.4556,69,1093.2,6174.3937,0
1644420900000,5.646,5.650,5.644,5.645,2487.8,1644420959999,14045.7319,93,676.3,3818.9785,0
1644420960000,5.646,5.647,5.635,5.638,4432.2,1644421019999,24995.3343,97,807.2,4554.1565,0
1644421020000,5.638,5.639,5.630,5.636,4183.6,1644421079999,23564.7791,113,2631.0,14819.5223,0
1644421080000,5.635,5.641,5.633,5.633,1221.1,1644421139999,6881.8686,58,647.1,3647.7293,0
1644421140000,5.633,5.638,5.632,5.633,1293.3,1644421199999,7285.9409,44,352.7,1987.3389,0
1644421200000,5.634,5.643,5.634,5.642,1196.5,1644421259999,6746.7933,53,705.2,3974.8582,0
1644421260000,5.641,5.641,5.631,5.632,2587.9,1644421319999,14581.5204,84,890.6,5017.1928,0
1644421320000,5.633,5.637,5.631,5.635,1215.1,1644421379999,6845.1030,67,782.7,4408.9421,0
1644421380000,5.634,5.634,5.629,5.632,1839.2,1644421439999,10356.6232,75,1057.7,5956.4991,0
1644421440000,5.632,5.632,5.620,5.625,4327.3,1644421499999,24343.6964,122,1016.4,5718.3767,0
1644421500000,5.625,5.626,5.620,5.620,1986.4,1644421559999,11171.8547,70,604.8,3401.9089,0
1644421560000,5.620,5.623,5.614,5.619,5607.9,1644421619999,31504.8075,124,1716.7,9647.4921,0
1644421620000,5.620,5.628,5.618,5.625,2515.1,1644421679999,14141.5421,93,1068.6,6008.7673,0
1644421680000,5.624,5.627,5.621,5.624,1554.9,1644421739999,8744.4923,57,879.5,4946.9981,0
1644421740000,5.623,5.626,5.622,5.622,1489.4,1644421799999,8375.9211,62,630.5,3545.6826,0
1644421800000,5.623,5.633,5.623,5.631,1909.5,1644421859999,10752.0075,76,1464.7,8248.0958,0
1644421860000,5.630,5.632,5.626,5.631,1549.3,1644421919999,8720.3223,49,769.1,4328.5098,0
1644421920000,5.631,5.631,5.621,5.623,2252.0,1644421979999,12672.9421,80,751.0,4225.7891,0
1644421980000,5.623,5.623,5.612,5.616,4943.8,1644422039999,27759.8040,115,1942.5,10905.9506,0
1644422040000,5.617,5.617,5.611,5.616,1379.0,1644422099999,7740.3994,61,587.5,3298.0481,0
1644422100000,5.617,5.619,5.615,5.618,851.1,1644422159999,4780.7678,47,554.9,3117.2420,0
1644422160000,5.618,5.626,5.615,5.626,2441.9,1644422219999,13720.4619,91,1830.5,10285.7156,0
1644422220000,5.620,5.621,5.615,5.617,1309.6,1644422279999,7356.4540,52,639.3,3591.1151,0
1644422280000,5.617,5.617,5.608,5.612,2611.7,1644422339999,14656.0413,107,1255.6,7045.7027,0
1644422340000,5.614,5.623,5.614,5.623,2338.8,1644422399999,13142.2800,80,1521.6,8550.5185,0
1644422400000,5.621,5.629,5.620,5.620,3744.8,1644422459999,21065.3405,121,1238.6,6967.1761,0
1644422460000,5.619,5.619,5.604,5.608,4356.3,1644422519999,24448.2420,119,1399.7,7858.8549,0
1644422520000,5.607,5.615,5.580,5.596,17687.8,1644422579999,99027.6212,312,3383.5,18964.8356,0
1644422580000,5.598,5.629,5.598,5.621,8896.5,1644422639999,49962.2009,219,5136.0,28834.3605,0
1644422640000,5.621,5.634,5.620,5.634,3075.8,1644422699999,17307.0969,109,741.4,4170.8390,0
1644422700000,5.633,5.635,5.623,5.628,4464.9,1644422759999,25135.2083,117,2900.5,16327.2023,0
1644422760000,5.629,5.632,5.616,5.616,4688.0,1644422819999,26360.4943,119,1962.0,11033.7929,0
1644422820000,5.618,5.628,5.610,5.626,4074.8,1644422879999,22900.8057,114,2232.8,12544.8434,0
1644422880000,5.627,5.629,5.623,5.623,1847.5,1644422939999,10394.7528,88,1223.1,6882.2632,0
1644422940000,5.624,5.624,5.614,5.614,4275.0,1644422999999,24026.4197,104,1037.3,5829.0789,0
1644423000000,5.614,5.614,5.606,5.608,2799.0,1644423059999,15705.7157,92,502.9,2821.8254,0
1644423060000,5.608,5.615,5.607,5.612,2214.4,1644423119999,12423.8484,68,1016.3,5702.1966,0
1644423120000,5.612,5.621,5.609,5.613,4376.3,1644423179999,24573.9644,114,1843.4,10353.0622,0
1644423180000,5.613,5.618,5.605,5.611,5513.0,1644423239999,30944.1972,157,2840.9,15947.4887,0
1644423240000,5.613,5.618,5.611,5.613,1784.5,1644423299999,10021.0181,77,1366.5,7674.3384,0
1644423300000,5.614,5.625,5.614,5.621,1618.0,1644423359999,9095.7461,61,1034.1,5814.9350,0
1644423360000,5.621,5.622,5.604,5.609,3244.7,1644423419999,18214.3655,110,1272.9,7145.2184,0
1644423420000,5.610,5.613,5.609,5.609,1321.1,1644423479999,7411.9222,83,420.1,2357.1816,0
1644423480000,5.609,5.621,5.602,5.621,10826.8,1644423539999,60738.9487,169,4134.2,23202.3163,0
1644423540000,5.617,5.620,5.615,5.617,1377.3,1644423599999,7736.7235,79,725.0,4072.7493,0
1644423600000,5.617,5.626,5.617,5.623,692.6,1644423659999,3893.4312,73,237.8,1337.1563,0
1644423660000,5.623,5.625,5.619,5.623,1171.8,1644423719999,6586.1182,66,884.8,4972.7535,0
1644423720000,5.620,5.622,5.617,5.620,2546.2,1644423779999,14306.5533,89,892.4,5014.1051,0
1644423780000,5.619,5.631,5.618,5.621,2573.9,1644423839999,14472.3630,91,2146.5,12069.1523,0
1644423840000,5.621,5.622,5.615,5.617,958.3,1644423899999,5383.0020,82,684.3,3843.9400,0
1644423900000,5.617,5.630,5.617,5.626,1168.2,1644423959999,6572.3034,62,647.0,3639.8708,0
1644423960000,5.625,5.625,5.617,5.619,2798.6,1644424019999,15726.6094,79,1594.9,8962.2664,0
1644424020000,5.618,5.626,5.618,5.622,1111.0,1644424079999,6244.2441,76,708.9,3984.6580,0
1644424080000,5.622,5.624,5.617,5.622,1583.9,1644424139999,8900.8734,84,1270.3,7138.4772,0
1644424140000,5.622,5.622,5.615,5.619,2913.6,1644424199999,16369.9592,102,660.2,3707.7794,0
1644424200000,5.618,5.620,5.606,5.611,3744.4,1644424259999,21019.4243,102,2555.7,14348.2016,0
1644424260000,5.611,5.619,5.610,5.616,4746.8,1644424319999,26653.2115,113,2502.8,14051.3166,0
1644424320000,5.617,5.620,5.613,5.620,1106.5,1644424379999,6216.5540,57,908.3,5103.4070,0
1644424380000,5.619,5.629,5.618,5.627,2679.1,1644424439999,15068.9425,94,1792.6,10080.5645,0
1644424440000,5.626,5.627,5.621,5.624,1664.7,1644424499999,9361.5472,75,912.5,5130.9021,0
1644424500000,5.624,5.629,5.622,5.622,1445.5,1644424559999,8130.1552,83,462.9,2604.0144,0
1644424560000,5.623,5.628,5.621,5.626,5458.9,1644424619999,30703.0310,108,3308.2,18607.3223,0
1644424620000,5.626,5.626,5.617,5.619,3443.6,1644424679999,19360.2831,122,1099.1,6177.6230,0
1644424680000,5.617,5.620,5.614,5.617,1860.7,1644424739999,10449.5401,82,811.1,4555.4486,0
1644424740000,5.618,5.620,5.618,5.619,564.8,1644424799999,3173.3510,57,399.4,2243.9596,0
1644424800000,5.619,5.623,5.619,5.621,289.8,1644424859999,1629.1345,53,241.1,1355.4260,0
1644424860000,5.621,5.621,5.618,5.620,1139.4,1644424919999,6404.1388,88,511.2,2873.3990,0
1644424920000,5.620,5.623,5.619,5.620,1385.7,1644424979999,7789.2983,82,1097.5,6169.7560,0
1644424980000,5.619,5.625,5.616,5.625,2373.2,1644425039999,13334.6347,83,693.5,3897.4254,0
1644425040000,5.622,5.627,5.622,5.626,2084.7,1644425099999,11725.8076,76,1163.7,6546.2197,0
1644425100000,5.626,5.631,5.626,5.630,1446.1,1644425159999,8140.3756,103,858.8,4834.9926,0
1644425160000,5.630,5.637,5.626,5.633,3040.6,1644425219999,17124.4132,98,1952.4,10995.9746,0
1644425220000,5.632,5.642,5.629,5.641,1721.6,1644425279999,9700.0011,95,920.3,5186.3638,0
1644425280000,5.641,5.641,5.634,5.639,1836.1,1644425339999,10353.5668,90,1082.6,6104.6160,0
1644425340000,5.634,5.634,5.630,5.634,1522.4,1644425399999,8575.8942,61,1253.3,7060.2228,0
1644425400000,5.633,5.633,5.624,5.628,1804.8,1644425459999,10156.2224,84,214.5,1206.9344,0
1644425460000,5.628,5.631,5.626,5.630,1768.3,1644425519999,9952.2446,94,1197.0,6736.7429,0
1644425520000,5.628,5.632,5.628,5.629,1544.2,1644425579999,8692.6923,70,1007.6,5672.2605,0
1644425580000,5.629,5.629,5.619,5.622,1824.4,1644425639999,10256.6576,80,676.7,3803.4428,0
1644425640000,5.622,5.626,5.618,5.618,2772.6,1644425699999,15584.5472,110,1047.4,5887.3291,0
1644425700000,5.618,5.624,5.617,5.621,1528.2,1644425759999,8590.1844,80,993.5,5585.1709,0
1644425760000,5.622,5.624,5.620,5.622,1076.8,1644425819999,6053.4862,77,802.7,4512.6078,0
1644425820000,5.622,5.625,5.622,5.622,1060.1,1644425879999,5961.4362,78,864.2,4860.0513,0
1644425880000,5.622,5.626,5.618,5.622,3130.3,1644425939999,17598.2092,118,1611.4,9058.4511,0
1644425940000,5.622,5.627,5.622,5.622,3798.5,1644425999999,21368.6365,93,943.1,5304.1148,0
1644426000000,5.622,5.630,5.619,5.627,2687.3,1644426059999,15110.6788,108,887.5,4992.6913,0
1644426060000,5.626,5.634,5.622,5.634,3764.4,1644426119999,21178.3780,115,1958.4,11019.5212,0
1644426120000,5.631,5.643,5.630,5.632,6555.6,1644426179999,36956.5149,155,4985.7,28109.4114,0
1644426180000,5.632,5.634,5.628,5.634,1701.5,1644426239999,9581.4693,87,769.8,4335.3263,0
1644426240000,5.634,5.634,5.628,5.629,1767.3,1644426299999,9949.8121,69,982.7,5532.2982,0
1644426300000,5.628,5.630,5.622,5.624,1968.8,1644426359999,11076.3543,110,1102.6,6203.5119,0
1644426360000,5.624,5.625,5.619,5.621,1930.5,1644426419999,10851.3661,84,1372.5,7714.2095,0
1644426420000,5.621,5.621,5.614,5.617,2347.0,1644426479999,13183.4050,84,941.9,5290.5271,0
1644426480000,5.616,5.616,5.610,5.610,1398.0,1644426539999,7845.4052,74,277.0,1554.9560,0
1644426540000,5.610,5.618,5.608,5.616,5151.9,1644426599999,28913.9960,110,3400.2,19082.6730,0
1644426600000,5.616,5.618,5.611,5.611,1620.3,1644426659999,9097.1073,77,266.7,1497.6114,0
1644426660000,5.611,5.617,5.606,5.614,2815.6,1644426719999,15794.9102,97,1034.7,5805.0373,0
1644426720000,5.615,5.615,5.608,5.613,1440.6,1644426779999,8084.4832,71,1195.4,6708.8355,0
1644426780000,5.612,5.615,5.608,5.611,2180.1,1644426839999,12233.1305,82,1460.6,8196.4176,0
1644426840000,5.611,5.614,5.610,5.612,831.6,1644426899999,4666.8240,61,628.2,3525.5457,0
1644426900000,5.611,5.622,5.611,5.622,3490.4,1644426959999,19600.4216,121,2358.1,13243.0379,0
1644426960000,5.620,5.620,5.616,5.616,1405.3,1644427019999,7895.2577,77,772.7,4341.4755,0
1644427020000,5.614,5.620,5.612,5.617,1256.5,1644427079999,7055.5345,73,402.2,2258.1632,0
1644427080000,5.618,5.630,5.617,5.627,766.0,1644427139999,4306.9407,67,697.5,3921.9806,0
1644427140000,5.628,5.632,5.627,5.630,2733.7,1644427199999,15391.6551,87,1989.2,11200.4049,0
1644427200000,5.629,5.630,5.621,5.629,1292.7,1644427259999,7271.7911,89,343.9,1935.3845,0
1644427260000,5.626,5.629,5.621,5.621,1793.9,1644427319999,10093.3678,62,1184.1,6663.8023,0
1644427320000,5.622,5.625,5.621,5.624,1926.7,1644427379999,10833.1406,55,801.7,4507.9276,0
1644427380000,5.624,5.625,5.621,5.621,891.3,1644427439999,5012.5309,69,604.2,3398.3421,0
1644427440000,5.621,5.625,5.620,5.625,2994.3,1644427499999,16829.7670,88,669.7,3764.8917,0
1644427500000,5.626,5.626,5.621,5.625,455.3,1644427559999,2560.9829,49,247.0,1389.4491,0
1644427560000,5.625,5.631,5.624,5.630,2469.8,1644427619999,13902.2035,72,2370.2,13341.6574,0
1644427620000,5.630,5.631,5.627,5.630,1132.3,1644427679999,6373.0272,65,427.0,2403.7433,0
1644427680000,5.630,5.630,5.627,5.627,888.9,1644427739999,5002.0737,70,32.0,180.1174,0
1644427740000,5.627,5.631,5.626,5.626,2437.3,1644427799999,13718.3461,86,1749.6,9847.6753,0
1644427800000,5.625,5.628,5.624,5.625,1373.4,1644427859999,7728.5182,56,275.4,1549.6307,0
1644427860000,5.623,5.624,5.608,5.612,14930.8,1644427919999,83809.3572,192,2565.5,14405.6893,0
1644427920000,5.611,5.618,5.610,5.612,2159.6,1644427979999,12123.3618,99,1578.6,8862.9966,0
1644427980000,5.613,5.619,5.613,5.614,1223.6,1644428039999,6872.3441,69,1155.1,6487.8152,0
1644428040000,5.615,5.617,5.612,5.615,1604.1,1644428099999,9006.8391,75,788.9,4430.1721,0
1644428100000,5.613,5.618,5.609,5.612,1851.6,1644428159999,10392.9039,75,712.8,4003.0827,0
1644428160000,5.611,5.615,5.611,5.613,666.7,1644428219999,3742.1339,65,489.2,2745.9752,0
1644428220000,5.613,5.615,5.612,5.614,647.0,1644428279999,3631.9594,66,193.2,1084.6593,0
1644428280000,5.615,5.624,5.614,5.622,2475.1,1644428339999,13906.3043,99,1994.2,11204.0725,0
1644428340000,5.621,5.627,5.620,5.627,2016.7,1644428399999,11340.0541,83,1271.5,7151.0895,0
1644428400000,5.626,5.629,5.618,5.619,3081.5,1644428459999,17324.5629,124,1496.2,8411.6069,0
1644428460000,5.620,5.620,5.615,5.615,1107.1,1644428519999,6219.0930,72,448.4,2518.4759,0
1644428520000,5.615,5.615,5.611,5.613,1586.7,1644428579999,8906.8511,84,618.4,3471.5958,0
1644428580000,5.613,5.615,5.610,5.613,1421.9,1644428639999,7981.1970,71,1112.3,6243.2032,0
1644428640000,5.612,5.617,5.612,5.617,836.4,1644428699999,4695.8748,81,475.0,2667.0064,0
1644428700000,5.616,5.617,5.611,5.613,1599.1,1644428759999,8979.0226,65,327.4,1838.5011,0
1644428760000,5.615,5.619,5.614,5.614,2100.9,1644428819999,11800.8502,79,1510.8,8487.7664,0
1644428820000,5.614,5.617,5.611,5.613,522.9,1644428879999,2935.5495,58,164.8,925.4046,0
1644428880000,5.614,5.617,5.613,5.615,284.2,1644428939999,1595.5708,60,132.6,744.5125,0
1644428940000,5.616,5.619,5.614,5.617,866.8,1644428999999,4868.8508,70,467.8,2627.6600,0
1644429000000,5.618,5.618,5.614,5.615,510.1,1644429059999,2865.4171,51,274.6,1542.5514,0
1644429060000,5.615,5.616,5.613,5.615,1216.6,1644429119999,6830.4419,59,944.6,5303.4555,0
1644429120000,5.612,5.613,5.610,5.613,1639.2,1644429179999,9198.5781,81,455.1,2554.3527,0
1644429180000,5.612,5.613,5.609,5.610,1719.2,1644429239999,9645.1444,89,1222.0,6855.7755,0
1644429240000,5.609,5.611,5.605,5.607,3773.0,1644429299999,21158.8635,152,1940.9,10885.8163,0
1644429300000,5.608,5.616,5.607,5.610,3396.9,1644429359999,19067.0153,95,3006.5,16877.1536,0
1644429360000,5.609,5.610,5.606,5.608,2820.8,1644429419999,15818.1205,93,1403.5,7871.5056,0
1644429420000,5.608,5.613,5.607,5.607,1955.6,1644429479999,10971.8412,78,1556.9,8735.3857,0
1644429480000,5.609,5.613,5.608,5.610,2190.6,1644429539999,12288.9354,67,1643.7,9220.3844,0
1644429540000,5.612,5.614,5.610,5.613,1479.3,1644429599999,8301.9764,80,874.1,4905.9060,0
1644429600000,5.612,5.616,5.610,5.615,1490.7,1644429659999,8366.9484,95,692.0,3884.8039,0
1644429660000,5.615,5.621,5.612,5.621,3420.8,1644429719999,19208.4064,141,2553.6,14339.3624,0
1644429720000,5.622,5.622,5.613,5.613,3246.5,1644429779999,18236.7916,93,594.0,3336.3408,0
1644429780000,5.614,5.617,5.613,5.613,1110.0,1644429839999,6232.5526,51,736.7,4136.5706,0
1644429840000,5.613,5.615,5.611,5.613,1242.5,1644429899999,6973.4304,84,1145.6,6429.6198,0
1644429900000,5.614,5.615,5.610,5.612,12589.0,1644429959999,70638.3964,98,912.2,5119.5415,0
1644429960000,5.612,5.616,5.610,5.611,3109.9,1644430019999,17458.1462,85,2398.4,13465.0413,0
1644430020000,5.611,5.613,5.610,5.611,1432.9,1644430079999,8040.9023,79,826.5,4638.2750,0
1644430080000,5.610,5.611,5.606,5.608,1788.0,1644430139999,10027.0396,86,837.5,4696.9549,0
1644430140000,5.607,5.610,5.606,5.610,2837.4,1644430199999,15909.6753,96,1878.4,10532.7035,0
1644430200000,5.610,5.611,5.607,5.609,2090.8,1644430259999,11726.5656,72,522.9,2932.9570,0
1644430260000,5.608,5.609,5.605,5.606,1780.3,1644430319999,9982.1382,83,1340.4,7515.8101,0
1644430320000,5.606,5.606,5.601,5.602,12099.0,1644430379999,67812.1201,123,1448.9,8119.5666,0
1644430380000,5.601,5.604,5.601,5.602,2133.7,1644430439999,11952.5407,77,1028.7,5762.9643,0
1644430440000,5.602,5.605,5.600,5.603,2413.1,1644430499999,13516.3460,100,1318.6,7386.3099,0
1644430500000,5.604,5.610,5.603,5.610,944.7,1644430559999,5295.5372,47,685.4,3842.3090,0
1644430560000,5.607,5.608,5.600,5.603,4110.9,1644430619999,23036.9721,88,1478.1,8285.0142,0
1644430620000,5.603,5.604,5.600,5.600,2740.8,1644430679999,15351.6600,82,489.9,2744.7865,0
1644430680000,5.600,5.604,5.597,5.601,2639.9,1644430739999,14783.3549,109,923.8,5174.2913,0
1644430740000,5.602,5.603,5.599,5.600,1493.1,1644430799999,8362.9865,77,749.1,4196.3682,0
1644430800000,5.600,5.602,5.599,5.600,666.4,1644430859999,3732.4893,67,570.3,3194.3483,0
1644430860000,5.601,5.606,5.599,5.599,3079.6,1644430919999,17252.5068,73,1460.4,8184.0658,0
1644430920000,5.599,5.599,5.594,5.597,2316.1,1644430979999,12961.8930,90,1160.4,6494.2066,0
1644430980000,5.598,5.601,5.595,5.598,3316.0,1644431039999,18562.7069,104,1626.7,9106.9747,0
1644431040000,5.596,5.598,5.580,5.583,9702.0,1644431099999,54216.2724,188,2021.8,11307.5912,0
1644431100000,5.585,5.586,5.580,5.581,4250.8,1644431159999,23725.4460,78,667.2,3724.9960,0
1644431160000,5.580,5.580,5.572,5.577,10556.7,1644431219999,58882.9002,188,1889.5,10537.7251,0
1644431220000,5.578,5.583,5.570,5.576,10309.9,1644431279999,57478.4925,171,4797.4,26754.9421,0
1644431280000,5.576,5.579,5.568,5.579,7279.7,1644431339999,40578.6503,150,4907.1,27359.4959,0
1644431340000,5.579,5.585,5.579,5.580,1753.7,1644431399999,9789.7911,63,1419.6,7925.2907,0
1644431400000,5.580,5.588,5.580,5.588,1164.6,1644431459999,6503.5613,66,399.9,2233.7569,0
1644431460000,5.586,5.592,5.581,5.591,7367.5,1644431519999,41167.7328,122,4360.6,24367.9248,0
1644431520000,5.591,5.591,5.581,5.582,2734.7,1644431579999,15278.0183,74,345.9,1932.1650,0
1644431580000,5.583,5.583,5.579,5.582,838.5,1644431639999,4679.8477,76,238.9,1333.5595,0
1644431640000,5.582,5.582,5.579,5.581,828.9,1644431699999,4625.9280,74,282.0,1573.9474,0
1644431700000,5.581,5.584,5.575,5.582,1064.6,1644431759999,5939.4839,84,625.0,3487.6663,0
1644431760000,5.582,5.592,5.581,5.586,6141.7,1644431819999,34308.8082,137,3058.8,17088.9986,0
1644431820000,5.588,5.593,5.587,5.589,1422.9,1644431879999,7951.8329,59,861.0,4811.9366,0
1644431880000,5.590,5.593,5.590,5.590,1491.0,1644431939999,8337.9928,62,191.1,1068.6170,0
1644431940000,5.591,5.594,5.589,5.592,1556.0,1644431999999,8700.3011,81,1061.5,5935.7754,0
1644432000000,5.592,5.593,5.585,5.591,3087.3,1644432059999,17256.0775,90,1022.0,5713.2455,0
1644432060000,5.592,5.602,5.591,5.601,2168.2,1644432119999,12135.6456,82,2053.7,11494.9212,0
1644432120000,5.601,5.603,5.597,5.599,1741.0,1644432179999,9748.7515,79,250.0,1400.3954,0
1644432180000,5.598,5.599,5.595,5.599,400.7,1644432239999,2242.8958,60,78.8,441.0306,0
1644432240000,5.599,5.609,5.599,5.605,5750.1,1644432299999,32232.2371,109,2925.4,16392.2531,0
1644432300000,5.605,5.605,5.598,5.601,1050.0,1644432359999,5882.2094,54,323.3,1810.8557,0
1644432360000,5.601,5.601,5.598,5.599,2490.9,1644432419999,13947.1016,87,825.7,4623.7481,0
1644432420000,5.599,5.600,5.596,5.598,910.7,1644432479999,5098.4067,61,423.0,2368.2578,0
1644432480000,5.598,5.607,5.598,5.603,1400.3,1644432539999,7845.1598,68,925.3,5184.4563,0
1644432540000,5.602,5.602,5.599,5.599,1817.8,1644432599999,10180.9619,86,560.7,3140.5866,0
1644432600000,5.600,5.601,5.596,5.599,1638.3,1644432659999,9172.4347,64,396.9,2222.5937,0
1644432660000,5.598,5.600,5.593,5.596,3376.5,1644432719999,18900.9352,60,1555.4,8708.5262,0
1644432720000,5.597,5.597,5.591,5.594,1348.9,1644432779999,7544.9948,59,302.3,1691.1891,0
1644432780000,5.594,5.596,5.591,5.596,1460.5,1644432839999,8169.3609,80,843.1,4715.7037,0
1644432840000,5.596,5.601,5.594,5.601,1094.8,1644432899999,6128.8444,67,877.3,4912.0618,0
1644432900000,5.601,5.608,5.599,5.602,1682.8,1644432959999,9429.8563,77,617.5,3460.4673,0
1644432960000,5.602,5.603,5.602,5.602,610.4,1644433019999,3419.9921,48,531.3,2976.8739,0
1644433020000,5.602,5.602,5.598,5.599,1693.1,1644433079999,9481.3168,57,563.1,3152.9633,0
1644433080000,5.600,5.603,5.599,5.600,2033.1,1644433139999,11386.5534,67,1310.9,7341.8317,0
1644433140000,5.601,5.606,5.600,5.605,2342.3,1644433199999,13122.3961,83,1658.4,9291.0668,0
1644433200000,5.606,5.609,5.600,5.605,4009.3,1644433259999,22468.2693,103,2442.3,13685.8191,0
1644433260000,5.605,5.610,5.601,5.606,4925.3,1644433319999,27611.3505,116,3258.5,18271.4491,0
1644433320000,5.604,5.611,5.603,5.608,1705.2,1644433379999,9560.5705,59,1271.6,7130.0854,0
1644433380000,5.609,5.626,5.607,5.626,5535.9,1644433439999,31091.1090,165,3205.9,18010.6369,0
1644433440000,5.626,5.635,5.617,5.618,5544.7,1644433499999,31187.0033,125,2730.5,15361.8271,0
1644433500000,5.619,5.619,5.612,5.614,2048.5,1644433559999,11504.7195,62,958.3,5383.2439,0
1644433560000,5.616,5.624,5.614,5.616,4859.8,1644433619999,27305.7428,131,2401.2,13491.2186,0
1644433620000,5.615,5.622,5.615,5.620,2355.6,1644433679999,13236.8296,100,1532.3,8611.1905,0
1644433680000,5.620,5.631,5.617,5.618,4685.6,1644433739999,26355.3083,149,2367.7,13318.0689,0
1644433740000,5.620,5.629,5.611,5.619,5904.5,1644433799999,33171.3069,124,2670.0,15003.3225,0
1644433800000,5.619,5.621,5.612,5.621,2986.9,1644433859999,16776.5040,72,1084.7,6094.8897,0
1644433860000,5.621,5.621,5.616,5.618,2083.5,1644433919999,11707.6907,90,1433.3,8053.5922,0
1644433920000,5.617,5.617,5.611,5.612,5457.6,1644433979999,30645.0929,118,1481.6,8319.9824,0
1644433980000,5.613,5.623,5.612,5.622,3053.2,1644434039999,17146.7588,113,2198.7,12348.3344,0
1644434040000,5.622,5.626,5.619,5.622,3744.8,1644434099999,21055.2156,102,1815.4,10206.8228,0
1644434100000,5.621,5.624,5.615,5.616,2821.6,1644434159999,15855.8547,99,1436.8,8074.8314,0
1644434160000,5.616,5.619,5.613,5.617,3846.2,1644434219999,21598.9407,120,1821.2,10228.9226,0
1644434220000,5.616,5.616,5.607,5.611,2974.8,1644434279999,16688.9232,81,1335.0,7490.3401,0
1644434280000,5.612,5.615,5.611,5.614,1381.9,1644434339999,7756.4004,53,1002.3,5626.1657,0
1644434340000,5.614,5.618,5.611,5.613,1719.4,1644434399999,9653.7747,69,1295.8,7275.9661,0
1644434400000,5.613,5.620,5.611,5.620,3180.4,1644434459999,17868.3113,108,1517.3,8524.4557,0
1644434460000,5.618,5.618,5.607,5.611,2028.7,1644434519999,11383.3628,86,1457.4,8176.4190,0
1644434520000,5.611,5.614,5.607,5.608,1706.1,1644434579999,9571.5108,76,635.5,3566.0590,0
1644434580000,5.609,5.613,5.608,5.611,1647.4,1644434639999,9241.5960,59,900.0,5048.7307,0
1644434640000,5.611,5.623,5.610,5.615,4510.3,1644434699999,25335.5062,126,2989.8,16792.5908,0
1644434700000,5.616,5.618,5.613,5.616,1501.9,1644434759999,8433.7419,53,682.4,3832.2471,0
1644434760000,5.613,5.615,5.609,5.615,1797.5,1644434819999,10084.7214,69,997.7,5597.7655,0
1644434820000,5.615,5.618,5.612,5.615,2961.6,1644434879999,16630.8229,83,2032.0,11410.2656,0
1644434880000,5.615,5.631,5.613,5.630,4670.9,1644434939999,26248.2554,104,2882.0,16196.2322,0
1644434940000,5.630,5.638,5.623,5.630,13415.2,1644434999999,75559.6802,211,7145.4,40246.3950,0
1644435000000,5.631,5.631,5.619,5.628,3238.8,1644435059999,18213.9335,90,1403.6,7891.5630,0
1644435060000,5.629,5.634,5.622,5.634,5744.1,1644435119999,32330.7993,122,4390.4,24711.7580,0
1644435120000,5.633,5.644,5.632,5.639,5743.1,1644435179999,32382.6495,109,3037.2,17124.2866,0
1644435180000,5.639,5.639,5.633,5.636,3037.8,1644435239999,17120.4005,84,699.9,3943.0142,0
1644435240000,5.636,5.636,5.631,5.633,1203.3,1644435299999,6778.0185,60,562.2,3166.3596,0
1644435300000,5.630,5.633,5.628,5.631,817.5,1644435359999,4603.0496,61,297.0,1672.6422,0
1644435360000,5.632,5.643,5.632,5.638,2014.2,1644435419999,11353.3090,78,1190.7,6711.1503,0
1644435420000,5.637,5.644,5.636,5.639,2953.4,1644435479999,16659.5763,96,2130.4,12017.9879,0
1644435480000,5.639,5.640,5.635,5.639,1680.4,1644435539999,9473.4737,71,539.1,3039.2421,0
1644435540000,5.639,5.640,5.634,5.635,1245.1,1644435599999,7018.5227,66,527.0,2970.9431,0
1644435600000,5.635,5.636,5.627,5.636,2474.5,1644435659999,13937.3899,92,1345.6,7580.4192,0
1644435660000,5.634,5.636,5.631,5.633,2683.2,1644435719999,15113.4264,88,735.8,4145.1528,0
1644435720000,5.632,5.638,5.631,5.638,1159.0,1644435779999,6530.8702,66,784.0,4418.1797,0
1644435780000,5.636,5.642,5.634,5.638,2588.2,1644435839999,14592.8373,78,1006.6,5676.0887,0
1644435840000,5.638,5.642,5.637,5.641,1362.3,1644435899999,7684.4357,61,942.4,5315.8668,0
1644435900000,5.639,5.642,5.638,5.638,1182.5,1644435959999,6668.9812,60,398.1,2245.7255,0
1644435960000,5.638,5.641,5.632,5.636,4155.0,1644436019999,23420.6437,113,1750.4,9868.9925,0
1644436020000,5.636,5.638,5.631,5.634,3200.4,1644436079999,18027.3343,86,1242.1,6996.9214,0
1644436080000,5.634,5.639,5.633,5.637,1131.5,1644436139999,6377.3804,80,629.1,3545.9096,0
1644436140000,5.636,5.641,5.636,5.638,1506.9,1644436199999,8495.8543,55,810.8,4571.6485,0
1644436200000,5.638,5.639,5.634,5.638,1654.6,1644436259999,9326.5205,66,332.9,1876.7120,0
1644436260000,5.638,5.640,5.635,5.638,2189.1,1644436319999,12340.5309,81,1077.3,6073.8793,0
1644436320000,5.637,5.641,5.635,5.636,1212.8,1644436379999,6836.9445,64,627.0,3535.1152,0
1644436380000,5.634,5.635,5.627,5.633,3040.6,1644436439999,17121.1630,104,1286.6,7244.2262,0
1644436440000,5.634,5.634,5.627,5.627,2363.8,1644436499999,13305.2179,88,807.3,4544.6369,0
1644436500000,5.627,5.630,5.625,5.628,2226.1,1644436559999,12528.3293,61,1206.8,6790.7750,0
1644436560000,5.630,5.633,5.625,5.631,1807.6,1644436619999,10174.2449,76,1371.2,7718.0792,0
1644436620000,5.629,5.632,5.621,5.621,1298.3,1644436679999,7304.2702,57,207.5,1168.1320,0
1644436680000,5.622,5.623,5.617,5.621,2250.5,1644436739999,12648.7965,79,808.9,4546.4461,0
1644436740000,5.622,5.625,5.620,5.623,907.4,1644436799999,5100.9084,56,704.2,3958.3498,0
1644436800000,5.623,5.626,5.620,5.624,1591.6,1644436859999,8952.0778,57,867.5,4879.2719,0
1644436860000,5.623,5.639,5.623,5.639,2366.3,1644436919999,13323.8789,85,1770.6,9972.5244,0
1644436920000,5.637,5.638,5.622,5.626,6701.7,1644436979999,37737.5292,121,2058.4,11593.3160,0
1644436980000,5.627,5.632,5.625,5.630,1987.5,1644437039999,11185.8336,66,1079.8,6079.0617,0
1644437040000,5.630,5.633,5.627,5.628,1038.2,1644437099999,5845.3710,66,395.9,2229.3920,0
1644437100000,5.627,5.627,5.617,5.621,2292.1,1644437159999,12884.3762,71,713.4,4011.1413,0
1644437160000,5.621,5.623,5.618,5.619,2449.7,1644437219999,13768.9286,87,968.2,5442.2888,0
1644437220000,5.619,5.638,5.619,5.629,9516.7,1644437279999,53592.7665,171,5475.4,30824.9404,0
1644437280000,5.631,5.636,5.629,5.634,2247.2,1644437339999,12655.8848,73,1488.7,8385.2375,0
1644437340000,5.634,5.651,5.634,5.644,3933.7,1644437399999,22206.2193,112,2402.3,13563.8750,0
1644437400000,5.645,5.654,5.644,5.649,3869.1,1644437459999,21856.7265,83,2871.8,16224.4225,0
1644437460000,5.649,5.651,5.641,5.646,2173.9,1644437519999,12275.6038,73,1079.2,6093.5540,0
1644437520000,5.645,5.646,5.638,5.646,4214.2,1644437579999,23780.9806,79,1672.6,9440.0277,0
1644437580000,5.645,5.645,5.635,5.635,2118.1,1644437639999,11944.6336,63,505.0,2848.4495,0
1644437640000,5.633,5.637,5.629,5.636,6206.7,1644437699999,34959.7141,78,2651.6,14936.5985,0
1644437700000,5.632,5.640,5.630,5.634,3103.0,1644437759999,17481.2083,51,2195.4,12368.8418,0
1644437760000,5.635,5.635,5.625,5.634,6213.4,1644437819999,34981.3253,95,1349.6,7600.0609,0
1644437820000,5.634,5.634,5.621,5.627,4247.6,1644437879999,23899.3500,93,1903.9,10712.7332,0
1644437880000,5.625,5.625,5.610,5.615,7941.8,1644437939999,44605.7420,125,846.3,4753.0673,0
1644437940000,5.616,5.623,5.616,5.622,2081.7,1644437999999,11698.9621,52,1751.4,9842.3265,0
1644438000000,5.622,5.625,5.621,5.625,641.2,1644438059999,3605.9012,35,550.4,3095.3614,0
1644438060000,5.624,5.635,5.624,5.629,1853.0,1644438119999,10429.2114,60,1233.6,6943.5304,0
1644438120000,5.630,5.635,5.629,5.631,1064.5,1644438179999,5994.1263,50,266.8,1502.5536,0
1644438180000,5.631,5.634,5.623,5.632,3001.0,1644438239999,16891.6576,72,905.4,5096.5040,0
1644438240000,5.632,5.637,5.632,5.634,947.8,1644438299999,5340.6626,50,364.7,2054.6057,0
1644438300000,5.635,5.636,5.632,5.633,729.4,1644438359999,4109.3030,59,171.8,968.0678,0
1644438360000,5.631,5.636,5.630,5.636,1774.4,1644438419999,9994.5818,82,853.0,4805.0404,0
1644438420000,5.635,5.640,5.632,5.638,2344.7,1644438479999,13216.9564,83,811.8,4576.6237,0
1644438480000,5.638,5.642,5.638,5.642,1323.3,1644438539999,7464.5079,22,1234.6,6964.3286,0
1644438540000,5.642,5.649,5.641,5.645,3610.0,1644438599999,20378.1057,89,1899.4,10720.7798,0
1644438600000,5.642,5.650,5.641,5.645,2875.2,1644438659999,16227.3416,89,2166.1,12224.4073,0
1644438660000,5.645,5.645,5.639,5.643,2369.1,1644438719999,13369.4066,78,947.6,5348.5023,0
1644438720000,5.642,5.650,5.640,5.650,2480.1,1644438779999,14003.3241,85,1906.0,10763.6943,0
1644438780000,5.650,5.655,5.644,5.650,2869.0,1644438839999,16214.7035,83,1683.2,9514.7823,0
1644438840000,5.652,5.655,5.650,5.655,1311.4,1644438899999,7412.6832,60,477.0,2696.5468,0
1644438900000,5.657,5.658,5.648,5.653,2164.3,1644438959999,12234.9712,81,707.9,4003.1520,0
1644438960000,5.654,5.660,5.650,5.655,2109.3,1644439019999,11929.2271,82,958.6,5422.7010,0
1644439020000,5.657,5.663,5.651,5.653,5716.3,1644439079999,32334.6997,123,3575.7,20228.6077,0
1644439080000,5.653,5.656,5.651,5.652,1448.1,1644439139999,8185.6786,45,541.2,3059.3626,0
1644439140000,5.654,5.659,5.654,5.657,1611.2,1644439199999,9114.7976,57,782.1,4424.3033,0
1644439200000,5.658,5.660,5.652,5.653,2014.9,1644439259999,11397.1926,68,514.0,2908.1131,0
1644439260000,5.652,5.652,5.646,5.648,1080.4,1644439319999,6104.0306,50,333.5,1884.4181,0
1644439320000,5.648,5.651,5.643,5.646,2566.7,1644439379999,14499.3151,80,1922.5,10861.8206,0
1644439380000,5.648,5.652,5.646,5.650,1268.1,1644439439999,7162.9425,71,570.2,3221.2355,0
1644439440000,5.651,5.655,5.651,5.654,1653.0,1644439499999,9345.3425,62,1140.3,6446.9741,0
1644439500000,5.655,5.656,5.652,5.654,816.8,1644439559999,4617.2464,48,456.1,2578.2874,0
1644439560000,5.653,5.658,5.651,5.657,4130.1,1644439619999,23352.1763,96,2457.0,13894.7741,0
1644439620000,5.656,5.670,5.656,5.668,3971.0,1644439679999,22483.5177,112,3112.5,17624.6887,0
1644439680000,5.667,5.669,5.661,5.662,2447.4,1644439739999,13864.4412,169,590.3,3345.0924,0
1644439740000,5.662,5.663,5.658,5.661,1521.3,1644439799999,8612.7078,48,664.7,3762.9153,0
1644439800000,5.662,5.665,5.658,5.658,1793.9,1644439859999,10152.2824,59,758.3,4290.8284,0
1644439860000,5.656,5.658,5.653,5.657,2208.4,1644439919999,12488.5669,67,786.7,4449.3632,0
1644439920000,5.656,5.659,5.654,5.658,2544.0,1644439979999,14390.1343,64,1300.3,7356.1015,0
1644439980000,5.660,5.661,5.656,5.661,867.0,1644440039999,4906.2523,42,376.1,2128.3755,0
1644440040000,5.661,5.662,5.658,5.660,966.4,1644440099999,5470.4881,51,352.2,1993.7589,0
1644440100000,5.660,5.661,5.650,5.658,5998.0,1644440159999,33929.0451,114,3558.2,20134.6651,0
1644440160000,5.659,5.665,5.658,5.664,1159.0,1644440219999,6562.8620,47,523.9,2966.6821,0
1644440220000,5.664,5.665,5.661,5.661,386.2,1644440279999,2187.5579,33,18.8,106.4929,0
1644440280000,5.661,5.661,5.657,5.657,1484.5,1644440339999,8401.6220,44,312.6,1769.2150,0
1644440340000,5.657,5.665,5.657,5.665,2536.3,1644440399999,14356.6390,93,1629.8,9224.5558,0
1644440400000,5.664,5.665,5.657,5.657,1765.3,1644440459999,9989.6704,59,1203.9,6812.1457,0
1644440460000,5.657,5.669,5.650,5.650,8033.5,1644440519999,45461.2442,190,2963.3,16775.5051,0
1644440520000,5.651,5.655,5.645,5.653,11260.9,1644440579999,63623.4771,149,2032.9,11487.0554,0
1644440580000,5.652,5.653,5.646,5.650,6428.1,1644440639999,36320.1415,85,3343.3,18889.5225,0
1644440640000,5.650,5.664,5.649,5.661,10481.9,1644440699999,59312.1055,126,7415.5,41974.1151,0
1644440700000,5.661,5.676,5.650,5.662,20687.1,1644440759999,117168.7286,283,8735.3,49511.8586,0
1644440760000,5.661,5.668,5.660,5.664,1811.7,1644440819999,10264.2074,123,933.0,5285.2674,0
1644440820000,5.664,5.667,5.658,5.667,2038.5,1644440879999,11545.5708,77,1309.0,7414.9426,0
1644440880000,5.665,5.668,5.661,5.661,1252.1,1644440939999,7092.9150,49,522.6,2961.2750,0
1644440940000,5.661,5.672,5.658,5.658,9742.5,1644440999999,55186.3447,147,6343.2,35941.3750,0
1644441000000,5.663,5.668,5.662,5.665,2412.9,1644441059999,13670.7838,58,1863.6,10559.3843,0
1644441060000,5.665,5.681,5.662,5.669,9614.4,1644441119999,54542.6119,196,6766.3,38384.2051,0
1644441120000,5.669,5.676,5.666,5.672,2390.4,1644441179999,13552.1392,83,924.6,5242.9415,0
1644441180000,5.672,5.677,5.668,5.669,1394.9,1644441239999,7914.7044,67,254.8,1445.9589,0
1644441240000,5.669,5.672,5.667,5.670,3893.2,1644441299999,22068.8155,98,2937.8,16651.6398,0
1644441300000,5.670,5.676,5.665,5.674,2510.6,1644441359999,14233.9631,66,1618.3,9174.1975,0
1644441360000,5.673,5.675,5.671,5.672,2521.4,1644441419999,14305.1221,68,424.6,2409.2680,0
1644441420000,5.672,5.673,5.666,5.666,2535.5,1644441479999,14375.6942,73,350.9,1989.4196,0
1644441480000,5.667,5.671,5.659,5.659,3214.2,1644441539999,18215.9008,79,1550.5,8789.1190,0
1644441540000,5.658,5.664,5.658,5.660,2253.7,1644441599999,12758.9755,75,636.5,3603.5799,0
1644441600000,5.661,5.666,5.659,5.662,770.0,1644441659999,4360.0183,50,573.1,3245.0781,0
1644441660000,5.662,5.668,5.660,5.663,2921.4,1644441719999,16545.2535,106,1175.4,6658.9445,0
1644441720000,5.667,5.671,5.667,5.668,847.8,1644441779999,4806.5296,42,114.0,646.2459,0
1644441780000,5.668,5.678,5.668,5.677,1476.8,1644441839999,8381.8938,79,763.9,4336.1604,0
1644441840000,5.678,5.680,5.673,5.673,4391.6,1644441899999,24930.0765,78,341.7,1939.6796,0
1644441900000,5.673,5.678,5.672,5.673,631.0,1644441959999,3580.7362,82,342.1,1941.3732,0
1644441960000,5.672,5.675,5.667,5.673,2843.9,1644442019999,16127.6408,73,463.4,2628.8893,0
1644442020000,5.673,5.674,5.668,5.669,1514.8,1644442079999,8592.0787,66,698.0,3959.6228,0
1644442080000,5.670,5.673,5.667,5.671,1022.8,1644442139999,5799.7364,61,285.5,1619.2827,0
1644442140000,5.669,5.700,5.666,5.681,22337.7,1644442199999,127024.8193,375,17650.7,100376.5417,0
1644442200000,5.680,5.680,5.664,5.673,6600.5,1644442259999,37411.3161,114,4637.9,26283.7232,0
1644442260000,5.673,5.680,5.654,5.657,15300.4,1644442319999,86681.9945,212,981.1,5562.0753,0
1644442320000,5.655,5.656,5.652,5.653,3384.2,1644442379999,19132.9882,89,2389.1,13506.8886,0
1644442380000,5.654,5.654,5.650,5.652,1804.4,1644442439999,10198.4926,59,446.7,2524.7435,0
1644442440000,5.653,5.654,5.648,5.648,2338.8,1644442499999,13219.0879,96,717.4,4055.6871,0
1644442500000,5.651,5.659,5.651,5.658,1664.8,1644442559999,9417.1453,54,1353.3,7654.9193,0
1644442560000,5.658,5.662,5.655,5.657,2003.6,1644442619999,11336.7780,48,855.0,4838.2324,0
1644442620000,5.656,5.657,5.656,5.656,467.1,1644442679999,2642.3642,49,268.8,1520.6016,0
1644442680000,5.657,5.661,5.654,5.655,802.3,1644442739999,4538.9491,71,386.6,2187.5906,0
1644442740000,5.658,5.660,5.656,5.660,483.6,1644442799999,2736.8758,40,306.5,1734.7008,0
1644442800000,5.658,5.664,5.658,5.663,247.0,1644442859999,1398.7214,47,166.2,941.2966,0
1644442860000,5.663,5.666,5.661,5.665,1926.5,1644442919999,10912.8913,79,1176.6,6665.8451,0
1644442920000,5.664,5.665,5.659,5.659,492.1,1644442979999,2786.0541,47,83.7,473.8427,0
1644442980000,5.659,5.661,5.656,5.656,606.7,1644443039999,3433.5568,66,38.8,219.5541,0
1644443040000,5.656,5.657,5.653,5.653,580.4,1644443099999,3282.3002,44,9.7,54.8555,0
1644443100000,5.653,5.663,5.653,5.654,4412.7,1644443159999,24965.0589,94,3608.2,20414.2222,0
1644443160000,5.654,5.658,5.651,5.653,1062.6,1644443219999,6008.7756,80,728.2,4118.1356,0
1644443220000,5.653,5.656,5.651,5.654,1165.9,1644443279999,6592.1935,54,438.7,2480.4552,0
1644443280000,5.655,5.659,5.655,5.659,763.3,1644443339999,4317.5449,55,131.4,743.5390,0
1644443340000,5.656,5.657,5.653,5.655,1241.5,1644443399999,7020.1440,59,96.0,542.8988,0
1644443400000,5.654,5.655,5.648,5.654,2041.0,1644443459999,11535.3759,85,486.9,2752.1051,0
1644443460000,5.652,5.653,5.645,5.648,3201.2,1644443519999,18082.4804,95,1417.5,8008.8563,0
1644443520000,5.646,5.652,5.645,5.650,2054.6,1644443579999,11607.2060,53,1437.0,8117.9651,0
1644443580000,5.650,5.652,5.641,5.642,5508.4,1644443639999,31110.5528,91,1011.8,5711.8826,0
1644443640000,5.642,5.642,5.636,5.638,1068.2,1644443699999,6024.2129,38,11.3,63.7246,0
1644443700000,5.638,5.641,5.629,5.634,3169.5,1644443759999,17856.6407,88,1529.5,8618.1069,0
1644443760000,5.631,5.633,5.628,5.633,1246.9,1644443819999,7020.7690,88,273.8,1541.7091,0
1644443820000,5.632,5.633,5.626,5.628,1977.6,1644443879999,11133.3765,72,535.1,3013.0601,0
1644443880000,5.628,5.634,5.627,5.627,1756.7,1644443939999,9893.9034,63,1348.7,7596.3713,0
1644443940000,5.627,5.632,5.619,5.628,9530.8,1644443999999,53611.3079,131,5407.7,30426.1463,0
1644444000000,5.627,5.632,5.626,5.632,1973.6,1644444059999,11113.4153,62,1875.5,10561.0710,0
1644444060000,5.632,5.637,5.628,5.628,5288.5,1644444119999,29790.7783,108,2841.8,16005.9847,0
1644444120000,5.628,5.631,5.626,5.628,3279.5,1644444179999,18458.9003,71,2416.1,13599.2089,0
1644444180000,5.628,5.635,5.628,5.634,1078.7,1644444239999,6076.0617,47,669.1,3769.1965,0
1644444240000,5.631,5.631,5.627,5.629,537.9,1644444299999,3028.1474,42,172.5,970.9332,0
1644444300000,5.630,5.643,5.629,5.642,898.2,1644444359999,5065.3084,57,733.1,4134.3185,0
1644444360000,5.643,5.644,5.640,5.642,1680.0,1644444419999,9479.4419,71,658.3,3715.0042,0
1644444420000,5.642,5.644,5.637,5.641,1514.8,1644444479999,8544.0547,56,805.8,4544.9272,0
1644444480000,5.642,5.645,5.641,5.644,1342.5,1644444539999,7576.0278,58,1123.1,6338.0629,0
1644444540000,5.644,5.644,5.635,5.635,1601.7,1644444599999,9032.0073,56,382.1,2154.4527,0
1644444600000,5.636,5.642,5.636,5.642,1284.8,1644444659999,7245.6865,39,1016.3,5731.9300,0
1644444660000,5.642,5.647,5.642,5.645,1262.3,1644444719999,7126.7633,58,491.5,2774.6130,0
1644444720000,5.643,5.643,5.628,5.634,2491.4,1644444779999,14041.8314,81,700.6,3943.9502,0
1644444780000,5.635,5.637,5.626,5.630,1787.0,1644444839999,10064.1505,72,403.8,2273.4807,0
1644444840000,5.631,5.634,5.627,5.630,2693.3,1644444899999,15168.6037,94,1502.5,8462.3998,0
1644444900000,5.634,5.635,5.628,5.629,555.8,1644444959999,3129.4686,49,288.0,1621.4386,0
1644444960000,5.629,5.636,5.627,5.636,1156.2,1644445019999,6510.9305,69,504.4,2841.2085,0
1644445020000,5.637,5.643,5.637,5.641,294.5,1644445079999,1660.9356,29,179.2,1010.4633,0
1644445080000,5.642,5.644,5.641,5.642,929.6,1644445139999,5245.3911,41,220.5,1244.3908,0
1644445140000,5.642,5.642,5.635,5.636,843.4,1644445199999,4756.6616,56,117.3,661.0656,0
1644445200000,5.637,5.641,5.636,5.639,1103.4,1644445259999,6222.1455,39,742.8,4189.2657,0
1644445260000,5.639,5.648,5.638,5.643,2607.4,1644445319999,14718.0130,63,2298.6,12976.8177,0
1644445320000,5.643,5.643,5.639,5.641,603.7,1644445379999,3406.4249,31,16.3,91.9292,0
1644445380000,5.640,5.640,5.634,5.637,1351.7,1644445439999,7618.8810,69,259.8,1464.2176,0
1644445440000,5.638,5.638,5.627,5.630,2662.8,1644445499999,14995.9317,114,1147.9,6464.1498,0
1644445500000,5.632,5.636,5.627,5.634,2738.9,1644445559999,15424.5220,75,593.3,3343.0704,0
1644445560000,5.629,5.638,5.622,5.634,5151.6,1644445619999,28999.7513,92,1220.5,6875.0221,0
1644445620000,5.634,5.636,5.629,5.630,1255.6,1644445679999,7071.4489,56,489.5,2756.5752,0
1644445680000,5.631,5.634,5.628,5.631,1029.9,1644445739999,5800.1258,43,426.4,2402.1426,0
1644445740000,5.631,5.632,5.625,5.627,1504.2,1644445799999,8467.5547,44,122.9,691.5345,0
1644445800000,5.628,5.628,5.624,5.625,767.4,1644445859999,4318.8439,30,688.8,3876.5118,0
1644445860000,5.625,5.629,5.625,5.627,925.7,1644445919999,5209.0078,47,304.4,1713.3522,0
1644445920000,5.627,5.627,5.623,5.625,1089.4,1644445979999,6127.8843,38,116.2,653.5088,0
1644445980000,5.625,5.628,5.625,5.627,872.5,1644446039999,4909.3677,44,754.4,4244.9458,0
1644446040000,5.629,5.633,5.627,5.629,1056.3,1644446099999,5947.1138,49,485.9,2735.8242,0
1644446100000,5.630,5.630,5.627,5.630,464.6,1644446159999,2615.4482,32,298.5,1680.4805,0
1644446160000,5.630,5.630,5.628,5.628,985.2,1644446219999,5546.4470,36,317.1,1785.1729,0
1644446220000,5.628,5.634,5.628,5.628,1854.6,1644446279999,10444.4782,59,1348.8,7596.6595,0
1644446280000,5.629,5.633,5.629,5.633,264.4,1644446339999,1488.6981,43,70.6,397.6043,0
1644446340000,5.633,5.643,5.633,5.640,2012.8,1644446399999,11350.6142,75,1711.3,9650.2349,0
1644446400000,5.640,5.644,5.638,5.644,1544.6,1644446459999,8711.9985,68,685.7,3867.7465,0
1644446460000,5.644,5.644,5.642,5.643,371.0,1644446519999,2093.6429,29,99.0,558.7457,0
1644446520000,5.643,5.645,5.639,5.644,1054.6,1644446579999,5950.4309,62,444.1,2506.0238,0
1644446580000,5.644,5.645,5.641,5.641,1231.4,1644446639999,6949.2439,41,654.0,3690.5024,0
1644446640000,5.643,5.643,5.635,5.638,1175.3,1644446699999,6628.1265,48,896.0,5052.6519,0
1644446700000,5.637,5.638,5.628,5.629,1704.6,1644446759999,9599.9129,48,566.0,3188.5392,0
1644446760000,5.629,5.629,5.623,5.623,1118.0,1644446819999,6291.3415,50,3.9,21.9399,0
1644446820000,5.624,5.630,5.624,5.627,1020.5,1644446879999,5742.0458,37,686.2,3860.5308,0
1644446880000,5.627,5.628,5.625,5.626,312.2,1644446939999,1756.7404,30,155.5,874.9935,0
1644446940000,5.626,5.630,5.626,5.628,781.6,1644446999999,4398.7450,46,400.2,2252.2794,0
1644447000000,5.630,5.632,5.627,5.627,1172.5,1644447059999,6599.8285,58,423.9,2386.2802,0
1644447060000,5.631,5.635,5.631,5.635,774.1,1644447119999,4360.6142,38,331.9,1869.5860,0
1644447120000,5.636,5.644,5.636,5.644,1623.6,1644447179999,9157.9970,49,1269.1,7158.8477,0
1644447180000,5.644,5.647,5.643,5.643,2036.9,1644447239999,11500.2004,48,850.9,4803.9318,0
1644447240000,5.644,5.647,5.642,5.642,382.6,1644447299999,2159.8670,38,89.1,502.8354,0
1644447300000,5.642,5.645,5.639,5.640,1154.1,1644447359999,6511.6069,46,438.0,2471.5830,0
1644447360000,5.640,5.642,5.640,5.641,1067.2,1644447419999,6020.7944,23,743.3,4193.6767,0
1644447420000,5.642,5.646,5.642,5.644,2094.1,1644447479999,11819.5388,63,769.4,4342.5773,0
1644447480000,5.645,5.645,5.639,5.644,766.7,1644447539999,4326.1786,44,390.3,2201.8503,0
1644447540000,5.643,5.648,5.640,5.641,1610.6,1644447599999,9091.2654,50,400.9,2263.0140,0
1644447600000,5.641,5.646,5.637,5.637,3232.8,1644447659999,18234.3258,60,1804.5,10178.4134,0
1644447660000,5.637,5.644,5.636,5.637,2162.4,1644447719999,12197.3635,74,1214.8,6853.5925,0
1644447720000,5.638,5.643,5.636,5.637,1258.4,1644447779999,7099.1819,55,1003.3,5660.6131,0
1644447780000,5.638,5.642,5.638,5.642,202.2,1644447839999,1140.6266,29,188.8,1065.0774,0
1644447840000,5.640,5.647,5.640,5.647,767.7,1644447899999,4333.2765,33,474.4,2678.0248,0
1644447900000,5.648,5.649,5.648,5.648,785.3,1644447959999,4435.4151,32,105.0,593.0807,0
1644447960000,5.648,5.651,5.641,5.645,2974.0,1644448019999,16792.8788,60,1373.3,7753.9030,0
1644448020000,5.645,5.648,5.641,5.644,2732.0,1644448079999,15418.3767,45,1233.2,6960.1830,0
1644448080000,5.644,5.647,5.644,5.647,2151.7,1644448139999,12147.8163,46,1697.5,9583.3198,0
1644448140000,5.643,5.646,5.641,5.642,1062.9,1644448199999,5998.3007,41,90.0,507.7881,0
1644448200000,5.642,5.646,5.640,5.645,1448.5,1644448259999,8172.1620,54,880.8,4969.0766,0
1644448260000,5.646,5.654,5.645,5.646,1484.0,1644448319999,8384.2778,56,680.8,3846.6947,0
1644448320000,5.645,5.645,5.642,5.644,844.1,1644448379999,4764.4003,44,353.1,1993.1152,0
1644448380000,5.644,5.645,5.641,5.644,2562.4,1644448439999,14460.7315,51,1066.6,6019.8305,0
1644448440000,5.642,5.644,5.640,5.642,537.4,1644448499999,3032.2956,41,219.8,1240.3809,0
1644448500000,5.640,5.641,5.637,5.639,1253.1,1644448559999,7066.1503,42,967.6,5456.1493,0
1644448560000,5.639,5.642,5.631,5.640,5326.0,1644448619999,30023.2379,97,1741.6,9816.7410,0
1644448620000,5.642,5.644,5.638,5.638,1608.4,1644448679999,9071.7498,66,641.3,3617.9763,0
1644448680000,5.640,5.641,5.637,5.637,673.6,1644448739999,3798.4041,37,110.0,620.4244,0
1644448740000,5.637,5.641,5.637,5.641,701.4,1644448799999,3955.7519,32,412.7,2327.2188,0
1644448800000,5.641,5.641,5.629,5.629,912.5,1644448859999,5140.7046,41,281.5,1585.0350,0
1644448860000,5.631,5.632,5.628,5.631,1207.7,1644448919999,6800.6649,45,486.9,2741.6327,0
1644448920000,5.631,5.631,5.624,5.629,891.1,1644448979999,5014.4383,41,392.3,2207.9007,0
1644448980000,5.629,5.634,5.628,5.630,564.1,1644449039999,3176.3889,41,184.3,1037.7097,0
1644449040000,5.630,5.631,5.626,5.627,501.0,1644449099999,2819.9985,38,70.7,397.9518,0
1644449100000,5.626,5.627,5.623,5.624,683.4,1644449159999,3843.7357,33,221.8,1247.8277,0
1644449160000,5.623,5.624,5.621,5.624,626.8,1644449219999,3524.4241,36,210.8,1185.3970,0
1644449220000,5.624,5.628,5.613,5.614,1653.0,1644449279999,9290.0013,69,874.8,4916.6925,0
1644449280000,5.617,5.617,5.613,5.615,1381.3,1644449339999,7755.9523,51,380.5,2136.9972,0
1644449340000,5.615,5.621,5.615,5.620,1203.4,1644449399999,6760.5942,48,1028.3,5776.6317,0
1644449400000,5.621,5.632,5.621,5.628,1587.9,1644449459999,8932.1342,58,1455.5,8186.9410,0
1644449460000,5.628,5.629,5.621,5.623,1763.5,1644449519999,9919.1267,61,317.9,1788.3391,0
1644449520000,5.623,5.628,5.622,5.626,1977.8,1644449579999,11124.6853,57,1031.8,5803.7344,0
1644449580000,5.626,5.630,5.625,5.630,728.5,1644449639999,4099.9610,40,559.4,3148.6739,0
1644449640000,5.629,5.632,5.626,5.629,831.9,1644449699999,4682.4081,32,553.6,3116.0490,0
1644449700000,5.629,5.629,5.624,5.626,331.2,1644449759999,1863.2820,32,217.9,1225.7096,0
1644449760000,5.626,5.626,5.620,5.622,1045.6,1644449819999,5881.0458,41,453.6,2551.6783,0
1644449820000,5.622,5.624,5.618,5.621,651.9,1644449879999,3664.4555,44,170.3,957.1372,0
1644449880000,5.621,5.631,5.616,5.627,3656.2,1644449939999,20565.7884,68,3284.9,18479.0030,0
1644449940000,5.625,5.628,5.621,5.625,939.6,1644449999999,5284.1535,38,294.6,1657.1080,0
1644450000000,5.625,5.634,5.625,5.629,2316.6,1644450059999,13040.5860,46,1416.5,7972.9172,0
1644450060000,5.628,5.632,5.627,5.632,1095.7,1644450119999,6168.2051,44,604.8,3404.9011,0
1644450120000,5.632,5.633,5.628,5.630,924.1,1644450179999,5204.7248,27,750.0,4224.2219,0
1644450180000,5.629,5.631,5.628,5.630,1472.7,1644450239999,8290.5934,62,872.5,4912.1724,0
1644450240000,5.630,5.632,5.626,5.626,922.3,1644450299999,5191.3473,23,65.8,370.3444,0
1644450300000,5.626,5.627,5.618,5.621,2961.0,1644450359999,16646.4843,65,1075.4,6047.3056,0
1644450360000,5.621,5.628,5.617,5.628,1307.5,1644450419999,7351.1868,39,412.1,2317.7825,0
1644450420000,5.626,5.632,5.626,5.629,443.4,1644450479999,2496.1259,32,256.0,1440.9876,0
1644450480000,5.630,5.630,5.628,5.630,481.0,1644450539999,2707.8317,19,346.3,1949.6667,0
1644450540000,5.630,5.631,5.626,5.627,1230.1,1644450599999,6923.9418,40,481.8,2711.7769,0
1644450600000,5.627,5.629,5.624,5.628,273.5,1644450659999,1538.9343,22,160.1,900.9877,0
1644450660000,5.628,5.631,5.625,5.629,847.2,1644450719999,4769.5075,37,349.3,1966.5138,0
1644450720000,5.629,5.637,5.629,5.633,1398.0,1644450779999,7875.8489,39,1180.4,6649.9456,0
1644450780000,5.634,5.634,5.624,5.626,1106.5,1644450839999,6227.5467,39,303.0,1704.2416,0
1644450840000,5.626,5.626,5.613,5.618,7387.2,1644450899999,41503.9647,109,2114.4,11889.1890,0
1644450900000,5.617,5.618,5.604,5.606,4518.8,1644450959999,25349.0954,102,1468.5,8239.6857,0
1644450960000,5.608,5.608,5.604,5.607,1880.3,1644451019999,10541.1627,49,500.6,2805.8305,0
1644451020000,5.608,5.615,5.608,5.613,1628.6,1644451079999,9139.9322,61,769.8,4320.6151,0
1644451080000,5.612,5.618,5.610,5.615,1522.0,1644451139999,8541.0664,32,1083.5,6080.5334,0
1644451140000,5.616,5.621,5.616,5.620,1363.0,1644451199999,7657.1096,34,1037.7,5829.1807,0
