1644624000000,2.9169,2.9170,2.9039,2.9062,180161,1644624059999,524280.1957,1389,64696,188266.3480,0
1644624060000,2.9062,2.9133,2.9026,2.9110,65817,1644624119999,191405.3198,743,34642,100762.8301,0
1644624120000,2.9109,2.9136,2.8988,2.9003,140619,1644624179999,408863.2108,1092,66129,192424.3104,0
1644624180000,2.9008,2.9025,2.8942,2.8994,158314,1644624239999,458881.3075,1000,77026,223282.3729,0
1644624240000,2.8995,2.9127,2.8995,2.9121,105930,1644624299999,307955.7404,633,57581,167328.4977,0
1644624300000,2.9120,2.9141,2.9043,2.9047,93154,1644624359999,271011.8534,624,24517,71352.6323,0
1644624360000,2.9045,2.9065,2.8983,2.8983,65333,1644624419999,189698.6733,465,21776,63247.9551,0
1644624420000,2.8985,2.9066,2.8943,2.9053,70879,1644624479999,205539.8010,682,36915,107062.7402,0
1644624480000,2.9058,2.9058,2.8982,2.9029,39083,1644624539999,113395.3007,373,23658,68628.8766,0
1644624540000,2.9025,2.9027,2.8962,2.8973,73517,1644624599999,213080.0483,535,43813,126984.4306,0
1644624600000,2.8972,2.8977,2.8927,2.8939,77895,1644624659999,225501.2882,503,35028,101392.0848,0
1644624660000,2.8941,2.8968,2.8910,2.8960,51872,1644624719999,150109.1167,444,20377,58980.3721,0
1644624720000,2.8958,2.8958,2.8851,2.8895,156801,1644624779999,453056.9831,823,43917,126872.3442,0
1644624780000,2.8897,2.8978,2.8841,2.8844,106629,1644624839999,308262.8945,763,57097,165137.1957,0
1644624840000,2.8840,2.8851,2.8745,2.8808,158347,1644624899999,455934.1546,1041,41634,119893.2467,0
1644624900000,2.8812,2.8890,2.8786,2.8890,110418,1644624959999,318211.9466,797,67281,193930.8827,0
1644624960000,2.8893,2.8901,2.8789,2.8817,97529,1644625019999,281231.0337,866,39605,114205.2060,0
1644625020000,2.8817,2.8833,2.8787,2.8821,46191,1644625079999,133064.7321,432,19650,56616.9069,0
1644625080000,2.8821,2.8976,2.8821,2.8949,147238,1644625139999,425791.2048,892,98614,285114.6678,0
1644625140000,2.8954,2.9017,2.8933,2.8968,100603,1644625199999,291624.7552,707,41118,119179.8944,0
1644625200000,2.8967,2.9073,2.8967,2.9073,143952,1644625259999,417638.4248,958,98880,286870.9746,0
1644625260000,2.9074,2.9187,2.9072,2.9161,194473,1644625319999,566498.4787,1060,109969,320369.9552,0
1644625320000,2.9162,2.9373,2.9151,2.9367,274414,1644625379999,803559.3193,1381,190712,558441.6645,0
1644625380000,2.9362,2.9466,2.9283,2.9463,313650,1644625439999,921480.3613,1684,228319,670936.9177,0
1644625440000,2.9463,2.9481,2.9376,2.9378,217019,1644625499999,638658.4347,1065,118033,347319.1616,0
1644625500000,2.9376,2.9391,2.9243,2.9286,145444,1644625559999,426300.1017,1018,43439,127281.8326,0
1644625560000,2.9287,2.9381,2.9250,2.9266,115166,1644625619999,337576.6888,754,63731,186837.7288,0
1644625620000,2.9268,2.9371,2.9268,2.9326,98446,1644625679999,288845.4989,583,51171,150143.5336,0
1644625680000,2.9328,2.9399,2.9229,2.9235,106851,1644625739999,313397.4424,678,50777,148950.2452,0
1644625740000,2.9239,2.9272,2.9163,2.9220,124859,1644625799999,364903.9854,924,58014,169567.2413,0
1644625800000,2.9220,2.9228,2.9155,2.9192,113473,1644625859999,331282.7295,775,43642,127415.3630,0
1644625860000,2.9192,2.9353,2.9166,2.9309,141255,1644625919999,413278.7748,879,96420,282189.6313,0
1644625920000,2.9316,2.9384,2.9307,2.9307,116472,1644625979999,341859.3853,624,61316,179935.5858,0
1644625980000,2.9303,2.9374,2.9292,2.9347,66615,1644626039999,195407.5010,492,42997,126148.6427,0
1644626040000,2.9345,2.9412,2.9284,2.9381,68253,1644626099999,200263.2650,639,43048,126333.9394,0
1644626100000,2.9388,2.9450,2.9346,2.9358,102422,1644626159999,301164.2373,657,53647,157777.6590,0
1644626160000,2.9357,2.9460,2.9346,2.9432,117201,1644626219999,344848.3314,675,81200,238911.5322,0
1644626220000,2.9432,2.9598,2.9430,2.9528,233015,1644626279999,688158.1743,1362,138442,408886.8399,0
1644626280000,2.9528,2.9630,2.9512,2.9527,273163,1644626339999,808126.8472,1441,161544,477976.3630,0
1644626340000,2.9527,2.9685,2.9515,2.9585,132546,1644626399999,392464.3053,1068,74933,221908.1414,0
1644626400000,2.9583,2.9602,2.9501,2.9517,144802,1644626459999,427626.0327,931,70304,207628.1922,0
1644626460000,2.9516,2.9567,2.9500,2.9559,114296,1644626519999,337509.3441,814,51142,151031.0038,0
1644626520000,2.9554,2.9557,2.9470,2.9538,77010,1644626579999,227234.7006,620,42162,124406.9262,0
1644626580000,2.9537,2.9541,2.9428,2.9470,171573,1644626639999,505547.2620,898,79818,235167.3209,0
1644626640000,2.9469,2.9556,2.9403,2.9421,137938,1644626699999,406652.3381,918,73154,215723.0371,0
1644626700000,2.9421,2.9429,2.9351,2.9398,114673,1644626759999,336936.7943,782,39459,115934.1070,0
1644626760000,2.9398,2.9583,2.9393,2.9506,117833,1644626819999,347716.7402,1024,68644,202551.9410,0
1644626820000,2.9512,2.9522,2.9409,2.9445,129506,1644626879999,381575.1239,772,30608,90159.0078,0
1644626880000,2.9445,2.9496,2.9428,2.9471,106864,1644626939999,314913.4450,713,74897,220710.0377,0
1644626940000,2.9466,2.9575,2.9419,2.9464,131809,1644626999999,388902.7414,782,75778,223556.0601,0
1644627000000,2.9465,2.9570,2.9465,2.9559,120374,1644627059999,355353.6535,817,92706,273671.7696,0
1644627060000,2.9558,2.9619,2.9525,2.9585,132039,1644627119999,390563.5903,1013,66439,196557.2171,0
1644627120000,2.9585,2.9594,2.9444,2.9485,187914,1644627179999,554154.8046,980,90132,265797.4158,0
1644627180000,2.9485,2.9599,2.9473,2.9533,139294,1644627239999,411247.4349,890,83937,247761.7855,0
1644627240000,2.9532,2.9554,2.9465,2.9498,75840,1644627299999,223804.5533,643,27978,82563.3064,0
1644627300000,2.9497,2.9532,2.9475,2.9511,58767,1644627359999,173353.4395,389,28301,83495.1583,0
1644627360000,2.9511,2.9580,2.9469,2.9580,65433,1644627419999,193180.0044,422,32443,95841.0726,0
1644627420000,2.9583,2.9592,2.9564,2.9566,30739,1644627479999,90925.9122,344,14580,43129.7778,0
1644627480000,2.9566,2.9566,2.9489,2.9560,70000,1644627539999,206650.1574,526,32052,94605.6214,0
1644627540000,2.9564,2.9584,2.9478,2.9535,39031,1644627599999,115237.6047,423,19341,57113.3969,0
1644627600000,2.9539,2.9539,2.9416,2.9466,139302,1644627659999,410548.6843,900,71875,211821.5688,0
1644627660000,2.9462,2.9466,2.9320,2.9370,184874,1644627719999,543048.0239,1189,51192,150355.5181,0
1644627720000,2.9374,2.9556,2.9374,2.9551,154433,1644627779999,455545.1414,985,131566,388125.7026,0
1644627780000,2.9548,2.9600,2.9501,2.9501,134602,1644627839999,397912.3228,766,41821,123681.3967,0
1644627840000,2.9501,2.9545,2.9460,2.9545,121871,1644627899999,359648.3115,796,62530,184549.4683,0
1644627900000,2.9547,2.9572,2.9455,2.9471,57555,1644627959999,169902.0766,507,36524,107829.7767,0
1644627960000,2.9469,2.9580,2.9469,2.9578,75293,1644628019999,222324.1667,537,57880,170926.2623,0
1644628020000,2.9576,2.9640,2.9563,2.9617,99550,1644628079999,294753.3633,679,66998,198393.4325,0
1644628080000,2.9617,2.9669,2.9612,2.9666,112797,1644628139999,334354.2152,569,47474,140719.4757,0
1644628140000,2.9662,2.9695,2.9625,2.9673,81364,1644628199999,241298.1891,662,40697,120726.6133,0
1644628200000,2.9673,2.9772,2.9642,2.9742,154864,1644628259999,460226.4129,1086,113849,338416.6574,0
1644628260000,2.9736,2.9816,2.9709,2.9816,184083,1644628319999,547886.3217,1193,102191,304309.2932,0
1644628320000,2.9816,2.9849,2.9694,2.9709,290168,1644628379999,863920.1528,1457,139324,414832.2431,0
1644628380000,2.9710,2.9850,2.9683,2.9767,224156,1644628439999,667474.6848,1361,109652,326504.5310,0
1644628440000,2.9772,2.9835,2.9745,2.9826,97187,1644628499999,289493.2837,815,70975,211427.4614,0
1644628500000,2.9815,2.9846,2.9777,2.9795,114475,1644628559999,341285.0287,713,54360,162082.8052,0
1644628560000,2.9793,2.9842,2.9743,2.9842,199352,1644628619999,593562.8982,989,90887,270613.2962,0
1644628620000,2.9839,2.9930,2.9768,2.9839,207060,1644628679999,618191.4807,1603,102109,304873.9221,0
1644628680000,2.9839,2.9859,2.9770,2.9791,66753,1644628739999,198911.9829,519,36707,109374.7773,0
1644628740000,2.9785,2.9844,2.9775,2.9778,79352,1644628799999,236494.9989,605,37307,111188.0768,0
1644628800000,2.9779,2.9851,2.9678,2.9709,148786,1644628859999,442649.9883,1066,56145,167196.3302,0
1644628860000,2.9708,2.9747,2.9662,2.9683,79707,1644628919999,236728.3345,698,25854,76788.8258,0
1644628920000,2.9682,2.9706,2.9592,2.9658,141863,1644628979999,420493.2227,992,56994,168989.4733,0
1644628980000,2.9658,2.9666,2.9618,2.9633,86234,1644629039999,255589.9021,588,34197,101373.0691,0
1644629040000,2.9632,2.9765,2.9615,2.9718,150734,1644629099999,447673.5612,967,97953,290843.6076,0
1644629100000,2.9722,2.9890,2.9722,2.9760,220916,1644629159999,658560.6202,1316,115525,344352.0193,0
1644629160000,2.9758,2.9782,2.9666,2.9758,112775,1644629219999,335134.2625,923,46605,138495.1155,0
1644629220000,2.9759,2.9826,2.9702,2.9747,78571,1644629279999,233804.7408,706,39673,118082.1640,0
1644629280000,2.9746,2.9750,2.9648,2.9741,169575,1644629339999,503461.8825,833,83043,246589.8017,0
1644629340000,2.9742,2.9779,2.9674,2.9764,88542,1644629399999,263357.1840,630,64758,192677.9881,0
1644629400000,2.9755,2.9766,2.9661,2.9700,69577,1644629459999,206644.5785,534,20896,62076.6527,0
1644629460000,2.9701,2.9742,2.9670,2.9677,92489,1644629519999,274777.7222,600,29470,87562.6060,0
1644629520000,2.9676,2.9745,2.9655,2.9696,81720,1644629579999,242621.3654,610,46764,138874.1367,0
1644629580000,2.9698,2.9734,2.9688,2.9723,39801,1644629639999,118245.5064,360,25334,75263.9527,0
1644629640000,2.9723,2.9723,2.9671,2.9717,31888,1644629699999,94712.6688,365,18826,55913.3457,0
1644629700000,2.9717,2.9750,2.9621,2.9627,117309,1644629759999,348262.6553,707,46457,138053.1916,0
1644629760000,2.9627,2.9684,2.9617,2.9644,64345,1644629819999,190685.8386,572,37069,109860.4204,0
1644629820000,2.9639,2.9648,2.9617,2.9617,34276,1644629879999,101562.5952,357,10842,32127.6130,0
1644629880000,2.9618,2.9669,2.9618,2.9657,77933,1644629939999,230981.6729,385,63976,189609.7360,0
1644629940000,2.9657,2.9658,2.9579,2.9648,57272,1644629999999,169647.0804,545,19329,57249.2466,0
1644630000000,2.9648,2.9677,2.9571,2.9585,47524,1644630059999,140784.2851,474,19478,57709.0152,0
1644630060000,2.9585,2.9588,2.9519,2.9566,59374,1644630119999,175445.6623,542,17072,50439.7728,0
1644630120000,2.9567,2.9596,2.9543,2.9595,45781,1644630179999,135366.4733,425,25478,75337.8104,0
1644630180000,2.9594,2.9596,2.9520,2.9561,57618,1644630239999,170327.7710,409,16972,50166.4368,0
1644630240000,2.9566,2.9652,2.9564,2.9635,94115,1644630299999,278726.9300,522,75255,222888.0916,0
1644630300000,2.9629,2.9665,2.9602,2.9616,35367,1644630359999,104810.9308,351,17775,52675.7207,0
1644630360000,2.9616,2.9653,2.9572,2.9642,45626,1644630419999,135095.8206,447,16422,48613.9904,0
1644630420000,2.9649,2.9741,2.9641,2.9727,114412,1644630479999,339742.0566,798,77275,229514.1692,0
1644630480000,2.9731,2.9768,2.9677,2.9765,122348,1644630539999,363741.1120,784,62929,187110.0873,0
1644630540000,2.9764,2.9817,2.9751,2.9752,102256,1644630599999,304518.0062,636,63361,188724.1118,0
1644630600000,2.9750,2.9764,2.9721,2.9742,50241,1644630659999,149441.6811,418,26628,79204.4146,0
1644630660000,2.9739,2.9795,2.9730,2.9777,44044,1644630719999,131120.0483,424,26912,80099.5833,0
1644630720000,2.9777,2.9844,2.9737,2.9839,55262,1644630779999,164615.8988,451,36366,108361.4130,0
1644630780000,2.9844,2.9854,2.9806,2.9845,42984,1644630839999,128205.1066,454,25608,76377.6582,0
1644630840000,2.9846,2.9851,2.9777,2.9811,39872,1644630899999,118839.6790,337,13997,41716.8586,0
1644630900000,2.9804,2.9932,2.9797,2.9922,247038,1644630959999,737731.9643,990,211462,631562.3580,0
1644630960000,2.9922,2.9938,2.9852,2.9897,143459,1644631019999,428767.2911,710,75963,227029.2369,0
1644631020000,2.9895,2.9898,2.9838,2.9873,185476,1644631079999,554238.8461,664,64368,192340.3075,0
1644631080000,2.9881,2.9977,2.9852,2.9940,153379,1644631139999,458871.7772,1078,109664,328096.6990,0
1644631140000,2.9934,2.9952,2.9889,2.9930,78713,1644631199999,235559.8722,497,42881,128339.0832,0
1644631200000,2.9930,2.9930,2.9760,2.9774,140050,1644631259999,417641.6681,899,33172,99017.5261,0
1644631260000,2.9779,2.9922,2.9775,2.9878,99696,1644631319999,297633.2287,869,67126,200344.5742,0
1644631320000,2.9878,2.9889,2.9831,2.9864,72532,1644631379999,216550.2242,458,30961,92442.7159,0
1644631380000,2.9862,2.9921,2.9830,2.9916,47738,1644631439999,142679.0505,380,33401,99847.7211,0
1644631440000,2.9918,2.9928,2.9851,2.9918,93113,1644631499999,278373.0644,645,45242,135247.3357,0
1644631500000,2.9918,2.9941,2.9885,2.9912,69689,1644631559999,208435.3736,507,29017,86810.9105,0
1644631560000,2.9913,2.9983,2.9913,2.9958,111595,1644631619999,334313.5056,640,71979,215601.3832,0
1644631620000,2.9957,2.9970,2.9878,2.9907,97979,1644631679999,293178.2370,688,34162,102207.9771,0
1644631680000,2.9906,2.9980,2.9891,2.9893,222672,1644631739999,666769.0665,1044,89759,268818.0982,0
1644631740000,2.9891,2.9980,2.9882,2.9947,150576,1644631799999,451006.5329,727,104896,314200.6764,0
1644631800000,2.9946,2.9968,2.9930,2.9968,60435,1644631859999,180965.1206,465,21025,62963.2888,0
1644631860000,2.9967,2.9996,2.9963,2.9987,92534,1644631919999,277418.0687,590,61898,185576.2455,0
1644631920000,2.9987,2.9996,2.9933,2.9970,69840,1644631979999,209272.6613,682,35599,106671.0781,0
1644631980000,2.9970,3.0062,2.9923,2.9943,289382,1644632039999,868007.9439,1555,184558,553698.8142,0
1644632040000,2.9942,3.0000,2.9926,2.9981,144839,1644632099999,434031.3837,699,39818,119301.4387,0
1644632100000,2.9977,2.9977,2.9927,2.9935,28628,1644632159999,85715.1034,317,11948,35774.2052,0
1644632160000,2.9938,2.9938,2.9901,2.9937,65661,1644632219999,196443.1516,529,31937,95549.6808,0
1644632220000,2.9938,2.9948,2.9894,2.9895,32185,1644632279999,96323.9763,279,15096,45193.5657,0
1644632280000,2.9896,2.9902,2.9739,2.9818,351024,1644632339999,1046485.3348,1507,116917,348475.5633,0
1644632340000,2.9817,2.9936,2.9812,2.9879,121183,1644632399999,361962.7049,715,77191,230534.7961,0
1644632400000,2.9879,2.9884,2.9779,2.9782,57812,1644632459999,172456.3267,488,11722,34975.4133,0
1644632460000,2.9781,2.9833,2.9696,2.9783,255229,1644632519999,759387.2331,1254,100390,298864.8353,0
1644632520000,2.9782,2.9834,2.9776,2.9785,79678,1644632579999,237522.2681,529,52110,155347.5038,0
1644632580000,2.9786,2.9877,2.9786,2.9856,44564,1644632639999,133030.2632,414,22683,67698.5091,0
1644632640000,2.9855,2.9865,2.9792,2.9810,28942,1644632699999,86308.5084,305,18394,54849.6944,0
1644632700000,2.9810,2.9864,2.9810,2.9818,31166,1644632759999,92965.4089,342,11074,33038.6591,0
1644632760000,2.9816,2.9816,2.9683,2.9737,93619,1644632819999,278497.3198,687,39754,118201.5934,0
1644632820000,2.9738,2.9805,2.9718,2.9755,161171,1644632879999,479719.0109,838,111808,332865.7613,0
1644632880000,2.9751,2.9826,2.9736,2.9781,73718,1644632939999,219607.4466,499,31061,92526.2171,0
1644632940000,2.9781,2.9835,2.9773,2.9794,38900,1644632999999,115959.4681,355,20898,62294.3704,0
1644633000000,2.9782,2.9805,2.9762,2.9791,24958,1644633059999,74331.6247,269,6309,18787.2962,0
1644633060000,2.9792,2.9815,2.9718,2.9748,126891,1644633119999,377610.6947,730,37268,110905.9110,0
1644633120000,2.9750,2.9815,2.9750,2.9801,83919,1644633179999,249944.9903,426,35622,106071.8549,0
1644633180000,2.9793,2.9802,2.9739,2.9739,40600,1644633239999,120879.9526,303,13792,41063.0144,0
1644633240000,2.9738,2.9783,2.9738,2.9738,37473,1644633299999,111505.2982,300,12122,36069.0027,0
1644633300000,2.9737,2.9737,2.9630,2.9705,161969,1644633359999,480645.5413,707,77438,229808.9361,0
1644633360000,2.9705,2.9754,2.9697,2.9718,41130,1644633419999,122250.7675,386,28825,85680.6267,0
1644633420000,2.9716,2.9727,2.9670,2.9718,66481,1644633479999,197418.5846,362,34203,101589.0652,0
1644633480000,2.9716,2.9787,2.9706,2.9771,65339,1644633539999,194445.7391,586,46061,137065.7339,0
1644633540000,2.9772,2.9787,2.9753,2.9776,94183,1644633599999,280350.7417,460,18387,54737.1908,0
1644633600000,2.9771,2.9800,2.9767,2.9781,30937,1644633659999,92132.6913,325,16112,47983.7501,0
1644633660000,2.9786,2.9792,2.9741,2.9742,45227,1644633719999,134664.5823,291,20794,61908.9742,0
1644633720000,2.9743,2.9751,2.9701,2.9735,56941,1644633779999,169257.1686,394,12095,35953.2302,0
1644633780000,2.9731,2.9743,2.9663,2.9742,111543,1644633839999,331252.1388,578,33259,98779.9964,0
1644633840000,2.9742,2.9742,2.9679,2.9720,33108,1644633899999,98337.0946,285,11612,34493.5635,0
1644633900000,2.9720,2.9720,2.9616,2.9637,69327,1644633959999,205598.3836,563,24085,71418.2866,0
1644633960000,2.9637,2.9658,2.9607,2.9623,68271,1644634019999,202306.7111,490,23240,68897.7870,0
1644634020000,2.9611,2.9683,2.9611,2.9653,31201,1644634079999,92512.9051,274,16871,50018.3613,0
1644634080000,2.9652,2.9681,2.9640,2.9675,27698,1644634139999,82165.8512,278,15652,46438.0696,0
1644634140000,2.9674,2.9694,2.9654,2.9656,30236,1644634199999,89720.8394,291,13097,38868.8136,0
1644634200000,2.9654,2.9678,2.9618,2.9664,25588,1644634259999,75878.1900,293,11586,34361.6522,0
1644634260000,2.9665,2.9734,2.9661,2.9667,43429,1644634319999,128973.3927,444,26566,78891.4380,0
1644634320000,2.9666,2.9747,2.9660,2.9731,49492,1644634379999,147056.3375,538,36924,109713.6958,0
1644634380000,2.9731,2.9760,2.9721,2.9749,23041,1644634439999,68531.0535,323,17552,52206.1829,0
1644634440000,2.9747,2.9759,2.9731,2.9756,32251,1644634499999,95928.4811,270,11636,34610.4107,0
1644634500000,2.9757,2.9757,2.9710,2.9713,18806,1644634559999,55926.0629,263,1677,4986.4260,0
1644634560000,2.9712,2.9721,2.9691,2.9711,36227,1644634619999,107619.1019,307,13060,38798.6394,0
1644634620000,2.9712,2.9718,2.9700,2.9710,15453,1644634679999,45910.1670,218,4433,13171.7682,0
1644634680000,2.9716,2.9755,2.9708,2.9744,28276,1644634739999,84065.4308,377,21510,63948.1006,0
1644634740000,2.9741,2.9754,2.9737,2.9742,24749,1644634799999,73617.3648,277,9770,29062.9283,0
1644634800000,2.9741,2.9748,2.9678,2.9690,71747,1644634859999,213220.5920,461,17815,52951.2238,0
1644634860000,2.9693,2.9732,2.9664,2.9673,50521,1644634919999,150038.3512,490,24748,73511.5524,0
1644634920000,2.9672,2.9746,2.9665,2.9744,45253,1644634979999,134443.3288,465,34051,101153.9696,0
1644634980000,2.9745,2.9759,2.9703,2.9710,22905,1644635039999,68108.4301,306,5565,16550.5114,0
1644635040000,2.9710,2.9756,2.9710,2.9717,12994,1644635099999,38639.0466,178,5878,17470.0006,0
1644635100000,2.9716,2.9716,2.9669,2.9687,23850,1644635159999,70798.2400,343,10503,31174.5854,0
1644635160000,2.9686,2.9686,2.9530,2.9539,243709,1644635219999,720974.4611,1156,42479,125660.2071,0
1644635220000,2.9532,2.9587,2.9516,2.9578,104720,1644635279999,309447.1621,587,52578,155407.7950,0
1644635280000,2.9578,2.9623,2.9563,2.9573,36099,1644635339999,106838.8009,367,16131,47736.7072,0
1644635340000,2.9567,2.9593,2.9450,2.9508,278332,1644635399999,821058.5948,1227,165783,489020.1980,0
1644635400000,2.9508,2.9537,2.9409,2.9441,173363,1644635459999,510988.0256,853,33810,99662.7876,0
1644635460000,2.9442,2.9486,2.9432,2.9464,71096,1644635519999,209420.7914,531,32314,95191.5409,0
1644635520000,2.9467,2.9540,2.9467,2.9529,108985,1644635579999,321561.9677,604,58059,171330.3204,0
1644635580000,2.9524,2.9524,2.9459,2.9462,77679,1644635639999,229066.2114,404,18920,55788.9766,0
1644635640000,2.9464,2.9468,2.9418,2.9457,99646,1644635699999,293410.4486,653,45804,134877.4257,0
1644635700000,2.9459,2.9511,2.9454,2.9458,159172,1644635759999,469357.2003,777,61014,179920.7409,0
1644635760000,2.9457,2.9465,2.9388,2.9411,135347,1644635819999,398250.6148,821,36526,107490.2298,0
1644635820000,2.9412,2.9466,2.9395,2.9453,169235,1644635879999,498125.1373,780,107826,317422.2369,0
1644635880000,2.9457,2.9478,2.9429,2.9464,66141,1644635939999,194807.4697,449,25408,74833.3675,0
1644635940000,2.9465,2.9505,2.9453,2.9487,47644,1644635999999,140447.7644,423,33207,97897.6619,0
1644636000000,2.9487,2.9505,2.9440,2.9467,53308,1644636059999,157113.3700,418,21917,64579.9022,0
1644636060000,2.9467,2.9467,2.9428,2.9448,29305,1644636119999,86308.4993,291,12560,36988.6085,0
1644636120000,2.9447,2.9452,2.9318,2.9434,150509,1644636179999,442054.7703,920,50635,148751.2198,0
1644636180000,2.9434,2.9434,2.9375,2.9397,42510,1644636239999,125009.6026,351,14451,42483.7152,0
1644636240000,2.9406,2.9408,2.9339,2.9396,66176,1644636299999,194396.5531,456,38579,113308.3867,0
1644636300000,2.9397,2.9436,2.9370,2.9374,48085,1644636359999,141410.7516,514,24089,70841.0363,0
1644636360000,2.9373,2.9416,2.9318,2.9342,117775,1644636419999,345795.8853,699,56558,166093.9960,0
1644636420000,2.9341,2.9364,2.9247,2.9276,115558,1644636479999,338476.9611,718,40619,118996.9387,0
1644636480000,2.9276,2.9283,2.9144,2.9153,421595,1644636539999,1231297.3420,1862,93176,272090.3702,0
1644636540000,2.9155,2.9275,2.9124,2.9258,292251,1644636599999,853287.2873,1690,161174,470679.1627,0
1644636600000,2.9251,2.9284,2.9182,2.9276,163797,1644636659999,478956.0415,1181,91028,266240.5472,0
1644636660000,2.9277,2.9310,2.9221,2.9232,150799,1644636719999,441390.8166,918,73168,214153.9556,0
1644636720000,2.9232,2.9334,2.9197,2.9287,115076,1644636779999,337011.3683,719,70063,205273.3526,0
1644636780000,2.9284,2.9323,2.9245,2.9262,77866,1644636839999,228086.0077,554,44044,129032.9133,0
1644636840000,2.9264,2.9341,2.9254,2.9289,78691,1644636899999,230571.9444,509,49995,146458.2324,0
1644636900000,2.9288,2.9375,2.9288,2.9304,204846,1644636959999,601005.5365,898,150301,441060.8180,0
1644636960000,2.9300,2.9327,2.9251,2.9272,74410,1644637019999,217896.0244,516,19688,57663.6371,0
1644637020000,2.9275,2.9335,2.9265,2.9332,109218,1644637079999,320095.0830,635,84808,248560.3130,0
1644637080000,2.9336,2.9438,2.9321,2.9405,117164,1644637139999,344355.3321,918,78783,231628.4795,0
1644637140000,2.9401,2.9416,2.9338,2.9339,58695,1644637199999,172494.6990,439,20779,61072.4746,0
1644637200000,2.9338,2.9358,2.9300,2.9330,53804,1644637259999,157780.6485,420,31492,92359.8154,0
1644637260000,2.9330,2.9419,2.9312,2.9412,60926,1644637319999,179026.0633,460,43029,126477.0299,0
1644637320000,2.9414,2.9436,2.9384,2.9423,75585,1644637379999,222288.4413,562,36264,106679.4773,0
1644637380000,2.9422,2.9502,2.9422,2.9457,93657,1644637439999,276036.5281,786,58742,173142.7945,0
1644637440000,2.9458,2.9468,2.9401,2.9402,69561,1644637499999,204786.0248,481,28837,84907.8539,0
1644637500000,2.9403,2.9492,2.9403,2.9475,62229,1644637559999,183388.6758,313,32147,94704.4199,0
1644637560000,2.9474,2.9561,2.9473,2.9552,81781,1644637619999,241432.3386,560,55186,162922.9979,0
1644637620000,2.9561,2.9574,2.9506,2.9506,58061,1644637679999,171543.8298,441,27092,80049.2804,0
1644637680000,2.9509,2.9517,2.9437,2.9444,42018,1644637739999,123818.9660,356,22715,66927.8308,0
1644637740000,2.9440,2.9466,2.9375,2.9460,100556,1644637799999,295768.9880,665,39401,115898.1855,0
1644637800000,2.9462,2.9497,2.9457,2.9488,36868,1644637859999,108664.1790,368,22234,65531.4770,0
1644637860000,2.9490,2.9530,2.9489,2.9496,32716,1644637919999,96550.6715,328,14118,41658.9210,0
1644637920000,2.9498,2.9526,2.9479,2.9513,28250,1644637979999,83359.8840,270,15711,46359.9576,0
1644637980000,2.9514,2.9550,2.9498,2.9498,29439,1644638039999,86921.4612,258,17777,52488.5049,0
1644638040000,2.9498,2.9517,2.9434,2.9444,43136,1644638099999,127084.2747,400,22999,67740.2994,0
1644638100000,2.9441,2.9504,2.9414,2.9502,35564,1644638159999,104725.4277,298,12549,36971.1982,0
1644638160000,2.9501,2.9533,2.9461,2.9486,71268,1644638219999,210235.6237,512,52381,154522.5715,0
1644638220000,2.9484,2.9498,2.9390,2.9401,69059,1644638279999,203275.2028,425,15861,46668.1184,0
1644638280000,2.9405,2.9487,2.9405,2.9426,29777,1644638339999,87710.2051,352,13846,40780.4853,0
1644638340000,2.9429,2.9431,2.9390,2.9409,44057,1644638399999,129580.0028,362,18458,54273.4659,0
1644638400000,2.9414,2.9471,2.9413,2.9458,46093,1644638459999,135749.8118,410,20117,59247.9840,0
1644638460000,2.9460,2.9491,2.9401,2.9411,31370,1644638519999,92385.3303,399,15744,46345.4908,0
1644638520000,2.9406,2.9407,2.9304,2.9320,110758,1644638579999,324947.2219,755,30178,88537.4569,0
1644638580000,2.9323,2.9440,2.9323,2.9426,77731,1644638639999,228493.9674,641,49370,145103.9851,0
1644638640000,2.9430,2.9483,2.9430,2.9476,47515,1644638699999,140012.3538,402,27515,81077.4906,0
1644638700000,2.9476,2.9480,2.9422,2.9478,53278,1644638759999,156891.4225,356,15516,45683.9186,0
1644638760000,2.9478,2.9539,2.9477,2.9493,87631,1644638819999,258614.7549,622,36525,107782.1801,0
1644638820000,2.9493,2.9591,2.9493,2.9579,110116,1644638879999,325329.9847,744,71851,212278.3810,0
1644638880000,2.9579,2.9625,2.9522,2.9601,140269,1644638939999,415070.7676,735,112662,333411.9010,0
1644638940000,2.9602,2.9610,2.9529,2.9581,44169,1644638999999,130606.1632,404,13996,41387.1408,0
1644639000000,2.9582,2.9608,2.9570,2.9576,44521,1644639059999,131726.1330,390,22457,66453.4410,0
1644639060000,2.9576,2.9659,2.9575,2.9650,57513,1644639119999,170425.5526,498,27693,82072.2966,0
1644639120000,2.9651,2.9673,2.9605,2.9673,44629,1644639179999,132298.0478,428,24652,73089.8771,0
1644639180000,2.9675,2.9711,2.9624,2.9634,110954,1644639239999,329300.1131,778,61901,183721.1606,0
1644639240000,2.9634,2.9634,2.9576,2.9599,137085,1644639299999,405810.3031,636,34814,103051.4024,0
1644639300000,2.9597,2.9611,2.9573,2.9595,32538,1644639359999,96277.1987,314,15094,44664.7421,0
1644639360000,2.9597,2.9716,2.9597,2.9653,63556,1644639419999,188698.1792,723,22268,66072.9937,0
1644639420000,2.9658,2.9682,2.9600,2.9627,29658,1644639479999,87924.4174,364,16396,48612.6712,0
1644639480000,2.9625,2.9662,2.9624,2.9628,9228,1644639539999,27350.8891,153,4306,12762.9438,0
1644639540000,2.9628,2.9634,2.9571,2.9576,64865,1644639599999,192057.5142,397,27567,81662.4161,0
1644639600000,2.9576,2.9666,2.9570,2.9629,54762,1644639659999,162302.6126,448,31445,93201.5018,0
1644639660000,2.9629,2.9652,2.9603,2.9615,25359,1644639719999,75132.0514,303,10292,30498.9889,0
1644639720000,2.9614,2.9668,2.9614,2.9632,19659,1644639779999,58284.6998,251,10322,30601.7166,0
1644639780000,2.9628,2.9657,2.9603,2.9625,31701,1644639839999,93919.2662,224,21292,63086.3188,0
1644639840000,2.9628,2.9674,2.9627,2.9662,15057,1644639899999,44651.7704,200,3697,10964.9961,0
1644639900000,2.9662,2.9715,2.9646,2.9715,25489,1644639959999,75650.3758,301,21096,62618.0431,0
1644639960000,2.9714,2.9732,2.9687,2.9690,31369,1644640019999,93211.8895,369,13331,39618.4408,0
1644640020000,2.9695,2.9743,2.9678,2.9741,39173,1644640079999,116407.7531,337,27173,80764.4943,0
1644640080000,2.9742,2.9743,2.9709,2.9724,42104,1644640139999,125146.5165,294,27431,81531.4542,0
1644640140000,2.9721,2.9731,2.9673,2.9683,19105,1644640199999,56734.9588,240,6496,19293.6159,0
1644640200000,2.9680,2.9730,2.9654,2.9708,53633,1644640259999,159189.2222,372,16232,48183.0155,0
1644640260000,2.9707,2.9708,2.9662,2.9673,25308,1644640319999,75110.7178,316,10155,30138.5674,0
1644640320000,2.9673,2.9695,2.9665,2.9678,10039,1644640379999,29795.9242,175,3090,9170.2769,0
1644640380000,2.9677,2.9747,2.9674,2.9730,48706,1644640439999,144766.8794,396,29556,87861.1514,0
1644640440000,2.9733,2.9769,2.9724,2.9724,45592,1644640499999,135615.7809,390,13052,38829.8971,0
1644640500000,2.9724,2.9756,2.9693,2.9711,66062,1644640559999,196377.6946,373,38406,114200.6396,0
1644640560000,2.9712,2.9713,2.9683,2.9691,57310,1644640619999,170210.9223,337,35973,106848.0740,0
1644640620000,2.9690,2.9710,2.9665,2.9687,44115,1644640679999,130995.0083,273,18706,55551.4679,0
1644640680000,2.9692,2.9755,2.9676,2.9755,56974,1644640739999,169229.9290,285,49058,145709.5940,0
1644640740000,2.9755,2.9766,2.9738,2.9738,20048,1644640799999,59642.7645,222,5334,15868.6801,0
1644640800000,2.9734,2.9762,2.9683,2.9684,57097,1644640859999,169709.6272,327,13432,39943.8607,0
1644640860000,2.9683,2.9683,2.9605,2.9629,67791,1644640919999,200924.8139,533,21294,63122.0469,0
1644640920000,2.9626,2.9639,2.9573,2.9591,55116,1644640979999,163145.9423,428,15219,45054.0409,0
1644640980000,2.9592,2.9635,2.9575,2.9589,43534,1644641039999,128839.8380,343,20092,59472.8770,0
1644641040000,2.9592,2.9669,2.9574,2.9633,49143,1644641099999,145572.1847,423,28526,84535.9864,0
1644641100000,2.9630,2.9664,2.9606,2.9632,36641,1644641159999,108592.8689,243,29066,86143.0681,0
1644641160000,2.9631,2.9647,2.9623,2.9626,38569,1644641219999,114290.5136,236,27093,80285.5608,0
1644641220000,2.9624,2.9630,2.9592,2.9599,21883,1644641279999,64800.8513,205,7804,23109.8678,0
1644641280000,2.9609,2.9618,2.9585,2.9599,12967,1644641339999,38380.5454,184,5096,15083.4898,0
1644641340000,2.9601,2.9602,2.9517,2.9525,53751,1644641399999,158853.1653,477,10975,32424.6498,0
1644641400000,2.9522,2.9523,2.9427,2.9517,155246,1644641459999,457417.7767,882,37601,110847.9722,0
1644641460000,2.9519,2.9547,2.9497,2.9537,40485,1644641519999,119511.2034,304,22655,66890.8490,0
1644641520000,2.9536,2.9536,2.9461,2.9499,18932,1644641579999,55861.4004,248,7387,21798.5900,0
1644641580000,2.9501,2.9513,2.9466,2.9485,29994,1644641639999,88458.9585,239,10313,30413.5403,0
1644641640000,2.9485,2.9504,2.9442,2.9459,47475,1644641699999,139888.5539,297,29528,86995.7546,0
1644641700000,2.9459,2.9492,2.9442,2.9490,20938,1644641759999,61700.6352,259,11014,32458.1270,0
1644641760000,2.9489,2.9512,2.9458,2.9508,31433,1644641819999,92694.2840,323,12737,37571.9265,0
1644641820000,2.9508,2.9530,2.9475,2.9482,24562,1644641879999,72476.5299,241,12541,37008.3502,0
1644641880000,2.9485,2.9494,2.9457,2.9481,44604,1644641939999,131490.0865,333,27930,82336.6606,0
1644641940000,2.9486,2.9599,2.9486,2.9539,51509,1644641999999,152297.1910,448,25541,75510.8476,0
1644642000000,2.9544,2.9595,2.9511,2.9569,73210,1644642059999,216417.4867,498,41692,123242.9603,0
1644642060000,2.9577,2.9619,2.9501,2.9521,50817,1644642119999,150308.8916,451,16369,48428.2738,0
1644642120000,2.9519,2.9551,2.9504,2.9548,48527,1644642179999,143276.8035,302,23491,69359.0549,0
1644642180000,2.9548,2.9601,2.9548,2.9572,38185,1644642239999,112962.2566,336,23329,69023.6884,0
1644642240000,2.9576,2.9610,2.9541,2.9609,34638,1644642299999,102474.4393,253,24526,72566.6394,0
1644642300000,2.9605,2.9605,2.9557,2.9596,13791,1644642359999,40791.6021,216,4968,14692.1821,0
1644642360000,2.9592,2.9594,2.9542,2.9577,36117,1644642419999,106776.1440,270,21038,62193.8541,0
1644642420000,2.9579,2.9592,2.9554,2.9585,19503,1644642479999,57667.3632,193,5139,15200.3777,0
1644642480000,2.9587,2.9594,2.9551,2.9571,13872,1644642539999,41018.4348,171,6267,18528.7897,0
1644642540000,2.9564,2.9564,2.9493,2.9513,47197,1644642599999,139307.2543,374,9890,29190.0890,0
1644642600000,2.9512,2.9544,2.9485,2.9516,40774,1644642659999,120366.1978,317,30541,90157.9800,0
1644642660000,2.9515,2.9516,2.9451,2.9456,38383,1644642719999,113100.0567,293,5457,16082.4753,0
1644642720000,2.9453,2.9491,2.9422,2.9431,47477,1644642779999,139884.9004,388,28996,85457.9048,0
1644642780000,2.9432,2.9493,2.9413,2.9435,63590,1644642839999,187260.7145,435,39525,116393.0694,0
1644642840000,2.9437,2.9487,2.9425,2.9456,24322,1644642899999,71639.4988,337,11484,33834.6058,0
1644642900000,2.9449,2.9464,2.9369,2.9391,63558,1644642959999,186952.6665,515,13952,41051.7575,0
1644642960000,2.9391,2.9457,2.9386,2.9445,56436,1644643019999,166032.9756,436,45029,132487.2341,0
1644643020000,2.9444,2.9500,2.9444,2.9491,21249,1644643079999,62628.1539,256,15292,45068.5173,0
1644643080000,2.9496,2.9546,2.9477,2.9483,75535,1644643139999,222983.2823,450,34590,102115.2463,0
1644643140000,2.9487,2.9502,2.9472,2.9497,13635,1644643199999,40199.1696,206,6514,19206.2355,0
1644643200000,2.9505,2.9520,2.9419,2.9426,33156,1644643259999,97719.2829,340,18378,54178.6618,0
1644643260000,2.9425,2.9470,2.9423,2.9470,13798,1644643319999,40638.7246,158,6911,20354.5178,0
1644643320000,2.9470,2.9473,2.9430,2.9439,32284,1644643379999,95096.6305,284,7252,21359.8536,0
1644643380000,2.9442,2.9489,2.9442,2.9474,14278,1644643439999,42071.1878,183,8530,25135.4181,0
1644643440000,2.9474,2.9490,2.9445,2.9466,13745,1644643499999,40515.5178,193,6117,18029.4545,0
1644643500000,2.9466,2.9498,2.9438,2.9438,26817,1644643559999,79023.3876,279,13552,39939.4167,0
1644643560000,2.9435,2.9493,2.9434,2.9488,50077,1644643619999,147583.3093,325,29581,87214.8205,0
1644643620000,2.9491,2.9496,2.9446,2.9463,19932,1644643679999,58742.7148,193,8202,24167.1020,0
1644643680000,2.9465,2.9505,2.9464,2.9499,21698,1644643739999,63990.4720,217,13561,39992.0262,0
1644643740000,2.9497,2.9548,2.9480,2.9533,48484,1644643799999,143157.3587,334,28387,83813.1818,0
1644643800000,2.9523,2.9532,2.9464,2.9464,38119,1644643859999,112474.5422,304,11832,34917.8746,0
1644643860000,2.9465,2.9479,2.9338,2.9338,107194,1644643919999,315295.7074,745,58367,171706.6817,0
1644643920000,2.9339,2.9449,2.9313,2.9447,83562,1644643979999,245490.2085,702,51126,150282.0516,0
1644643980000,2.9447,2.9460,2.9414,2.9450,78951,1644644039999,232430.6909,493,49454,145598.1885,0
1644644040000,2.9452,2.9529,2.9452,2.9513,88713,1644644099999,261694.2076,686,40901,120652.0172,0
1644644100000,2.9515,2.9551,2.9487,2.9510,106255,1644644159999,313602.4066,536,52001,153487.8076,0
1644644160000,2.9507,2.9538,2.9500,2.9534,49163,1644644219999,145132.5396,346,29558,87267.8774,0
1644644220000,2.9536,2.9629,2.9536,2.9603,95993,1644644279999,284067.5929,589,64690,191408.7980,0
1644644280000,2.9604,2.9613,2.9537,2.9590,70744,1644644339999,209249.2842,506,37815,111855.3880,0
1644644340000,2.9589,2.9602,2.9558,2.9565,28999,1644644399999,85777.7592,302,9854,29147.0381,0
1644644400000,2.9565,2.9628,2.9565,2.9628,23614,1644644459999,69906.0918,273,12235,36213.7268,0
1644644460000,2.9629,2.9640,2.9590,2.9612,42305,1644644519999,125285.3756,376,10246,30351.3831,0
1644644520000,2.9616,2.9644,2.9604,2.9631,36626,1644644579999,108514.0457,299,17183,50921.7944,0
1644644580000,2.9632,2.9680,2.9632,2.9660,75438,1644644639999,223785.6399,474,49729,147538.3432,0
1644644640000,2.9665,2.9712,2.9663,2.9709,85687,1644644699999,254450.8435,526,49744,147725.2692,0
1644644700000,2.9709,2.9721,2.9696,2.9704,48787,1644644759999,144923.7489,454,15766,46835.6495,0
1644644760000,2.9704,2.9704,2.9587,2.9595,162007,1644644819999,480419.0846,791,44723,132564.9534,0
1644644820000,2.9595,2.9674,2.9594,2.9640,55043,1644644879999,163108.8324,445,21213,62845.0196,0
1644644880000,2.9640,2.9654,2.9522,2.9528,78909,1644644939999,233354.9653,597,26194,77476.2344,0
1644644940000,2.9535,2.9580,2.9514,2.9572,51683,1644644999999,152662.7321,449,23683,69975.3625,0
1644645000000,2.9564,2.9623,2.9564,2.9608,26646,1644645059999,78859.5147,322,20711,61291.7714,0
1644645060000,2.9608,2.9608,2.9534,2.9560,58430,1644645119999,172737.0888,361,6641,19630.8411,0
1644645120000,2.9562,2.9571,2.9452,2.9487,106652,1644645179999,314706.1031,514,17437,51451.6733,0
1644645180000,2.9487,2.9545,2.9483,2.9529,97158,1644645239999,286706.1564,480,63508,187378.7804,0
1644645240000,2.9522,2.9528,2.9504,2.9527,22734,1644645299999,67105.3963,223,14524,42872.9736,0
1644645300000,2.9527,2.9527,2.9449,2.9449,36609,1644645359999,107937.0816,277,8962,26425.7909,0
1644645360000,2.9449,2.9492,2.9440,2.9474,32522,1644645419999,95825.0507,350,15671,46177.7028,0
1644645420000,2.9474,2.9534,2.9474,2.9512,56470,1644645479999,166668.8763,397,39728,117250.4732,0
1644645480000,2.9518,2.9541,2.9513,2.9524,24712,1644645539999,72967.2050,255,10824,31957.8924,0
1644645540000,2.9525,2.9525,2.9465,2.9500,70052,1644645599999,206673.5090,366,29220,86194.4259,0
1644645600000,2.9505,2.9552,2.9505,2.9515,59818,1644645659999,176668.4602,428,29142,86057.0752,0
1644645660000,2.9511,2.9517,2.9370,2.9417,162176,1644645719999,477367.7100,947,60524,178195.0724,0
1644645720000,2.9415,2.9452,2.9353,2.9434,120372,1644645779999,354077.6542,651,68011,200097.6596,0
1644645780000,2.9435,2.9472,2.9422,2.9423,42362,1644645839999,124762.7703,367,21273,62646.1490,0
1644645840000,2.9425,2.9437,2.9369,2.9378,24817,1644645899999,72978.9195,282,5255,15456.0929,0
1644645900000,2.9382,2.9453,2.9364,2.9447,59130,1644645959999,173913.1057,421,40706,119720.8711,0
1644645960000,2.9447,2.9482,2.9437,2.9440,76787,1644646019999,226216.0876,463,23967,70611.6849,0
1644646020000,2.9437,2.9466,2.9380,2.9384,79029,1644646079999,232476.9402,430,11255,33137.0767,0
1644646080000,2.9389,2.9407,2.9326,2.9336,121886,1644646139999,357883.6760,646,69200,203219.9456,0
1644646140000,2.9348,2.9390,2.9335,2.9373,124331,1644646199999,365123.2771,514,73649,216334.5258,0
1644646200000,2.9367,2.9370,2.9300,2.9345,99980,1644646259999,293201.6062,545,32172,94389.7666,0
1644646260000,2.9338,2.9338,2.9296,2.9313,65119,1644646319999,190876.3914,408,15742,46153.2326,0
1644646320000,2.9305,2.9335,2.9053,2.9055,410563,1644646379999,1198235.7105,2041,114217,333490.5995,0
1644646380000,2.9055,2.9171,2.9015,2.9098,318184,1644646439999,925853.8175,1650,147567,429674.7914,0
1644646440000,2.9091,2.9148,2.9079,2.9094,111876,1644646499999,325704.4280,702,47907,139507.1084,0
1644646500000,2.9097,2.9169,2.9019,2.9110,179215,1644646559999,521504.6383,1177,89525,260625.0101,0
1644646560000,2.9110,2.9134,2.9063,2.9071,52374,1644646619999,152345.4530,469,21263,61856.4014,0
1644646620000,2.9072,2.9138,2.9072,2.9104,100592,1644646679999,292792.3246,559,48249,140435.0198,0
1644646680000,2.9109,2.9200,2.9109,2.9142,89627,1644646739999,261481.3588,614,60308,175968.9331,0
1644646740000,2.9141,2.9200,2.9141,2.9165,65700,1644646799999,191698.7562,440,38058,111083.0243,0
1644646800000,2.9160,2.9187,2.9138,2.9180,26609,1644646859999,77593.5939,328,17113,49901.5582,0
1644646860000,2.9180,2.9236,2.9161,2.9196,97981,1644646919999,286086.5548,481,69647,203349.2815,0
1644646920000,2.9193,2.9205,2.9121,2.9146,41937,1644646979999,122268.7779,422,15685,45737.6661,0
1644646980000,2.9146,2.9146,2.9037,2.9089,72856,1644647039999,211945.5306,578,34627,100724.9494,0
1644647040000,2.9092,2.9138,2.9057,2.9133,81949,1644647099999,238387.4070,555,46588,135517.6823,0
1644647100000,2.9132,2.9132,2.9026,2.9031,50758,1644647159999,147547.6522,447,7620,22163.1061,0
1644647160000,2.9028,2.9132,2.9024,2.9093,91874,1644647219999,267300.5106,636,71604,208303.2627,0
1644647220000,2.9097,2.9101,2.9017,2.9029,98092,1644647279999,285033.8754,645,20652,60037.5483,0
1644647280000,2.9030,2.9094,2.9030,2.9075,54809,1644647339999,159349.9817,559,31362,91192.4195,0
1644647340000,2.9071,2.9103,2.9035,2.9058,55920,1644647399999,162566.8007,527,25498,74142.5240,0
1644647400000,2.9067,2.9069,2.9029,2.9058,71195,1644647459999,206812.7984,524,14984,43531.4130,0
1644647460000,2.9058,2.9101,2.9046,2.9076,96374,1644647519999,280256.2586,583,53746,156319.4734,0
1644647520000,2.9078,2.9109,2.9036,2.9036,110585,1644647579999,321494.4301,503,38469,111871.4506,0
1644647580000,2.9036,2.9041,2.8811,2.8856,320829,1644647639999,927429.6391,2084,77996,225488.1464,0
1644647640000,2.8853,2.8923,2.8750,2.8821,222157,1644647699999,640195.5400,1687,82962,239241.8984,0
1644647700000,2.8819,2.8900,2.8750,2.8757,169753,1644647759999,489213.1834,1303,74969,216122.5312,0
1644647760000,2.8758,2.8816,2.8635,2.8741,266416,1644647819999,764918.9323,1947,89654,257575.6496,0
1644647820000,2.8741,2.8829,2.8734,2.8813,103818,1644647879999,298937.7492,838,58518,168509.3085,0
1644647880000,2.8817,2.8821,2.8654,2.8682,131249,1644647939999,376871.9420,922,42474,121957.0536,0
1644647940000,2.8683,2.8732,2.8643,2.8680,249848,1644647999999,716713.3282,1325,81627,234183.5094,0
1644648000000,2.8677,2.8725,2.8648,2.8665,118820,1644648059999,340825.1481,824,48383,138847.0120,0
1644648060000,2.8668,2.8702,2.8561,2.8575,362145,1644648119999,1036382.8657,1693,125616,359601.1221,0
1644648120000,2.8581,2.8642,2.8216,2.8235,1228519,1644648179999,3488043.6499,7026,294637,837031.2202,0
1644648180000,2.8235,2.8422,2.8213,2.8311,621366,1644648239999,1761316.4572,3542,309495,877310.7180,0
1644648240000,2.8312,2.8443,2.8310,2.8401,181901,1644648299999,516260.3443,1231,107503,305140.8653,0
1644648300000,2.8397,2.8477,2.8305,2.8315,235839,1644648359999,670050.9357,1539,121722,345884.1597,0
1644648360000,2.8314,2.8339,2.8252,2.8335,404121,1644648419999,1143471.1140,2346,186006,526388.7524,0
1644648420000,2.8340,2.8452,2.8334,2.8430,258453,1644648479999,733772.0340,1382,124624,353809.7626,0
1644648480000,2.8438,2.8564,2.8438,2.8547,230028,1644648539999,655559.3155,1129,165137,470672.9262,0
1644648540000,2.8546,2.8562,2.8505,2.8529,210542,1644648599999,600812.9820,1205,131046,373965.5383,0
1644648600000,2.8521,2.8560,2.8468,2.8537,192756,1644648659999,549869.7204,989,116692,332950.1514,0
1644648660000,2.8530,2.8625,2.8530,2.8588,158690,1644648719999,453462.8339,935,116844,333904.4108,0
1644648720000,2.8587,2.8686,2.8554,2.8666,144979,1644648779999,414999.5544,994,84528,241968.1015,0
1644648780000,2.8668,2.8768,2.8668,2.8758,129799,1644648839999,372662.4028,1092,94838,272299.7827,0
1644648840000,2.8756,2.8779,2.8682,2.8754,168251,1644648899999,483519.8715,1133,91300,262489.6756,0
1644648900000,2.8754,2.8861,2.8754,2.8832,170602,1644648959999,491551.3559,1095,118298,340852.0949,0
1644648960000,2.8830,2.8939,2.8818,2.8936,142804,1644649019999,412616.3860,1133,73290,211761.2169,0
1644649020000,2.8936,2.8998,2.8924,2.8968,271233,1644649079999,785648.6818,1313,142386,412461.4855,0
1644649080000,2.8968,2.8977,2.8905,2.8974,135085,1644649139999,390960.0972,768,57280,165794.2472,0
1644649140000,2.8972,2.8987,2.8869,2.8875,130898,1644649199999,378965.9258,743,42736,123730.6749,0
1644649200000,2.8875,2.9058,2.8799,2.9044,321380,1644649259999,929504.7284,1654,192667,557333.4573,0
1644649260000,2.9048,2.9231,2.9048,2.9203,270043,1644649319999,786984.3634,1994,149870,436854.5673,0
1644649320000,2.9207,2.9286,2.9206,2.9275,265075,1644649379999,775541.4100,1575,129943,380195.6050,0
1644649380000,2.9276,2.9293,2.9149,2.9172,155609,1644649439999,454873.6722,1187,58688,171615.1472,0
1644649440000,2.9172,2.9266,2.9122,2.9217,144335,1644649499999,421333.4183,957,86388,252181.7782,0
1644649500000,2.9218,2.9224,2.9101,2.9101,88140,1644649559999,257064.7931,730,27775,81008.1932,0
1644649560000,2.9104,2.9219,2.9079,2.9195,119067,1644649619999,346948.8816,736,65278,190205.2668,0
1644649620000,2.9193,2.9196,2.9125,2.9150,89643,1644649679999,261405.8501,587,20062,58486.6897,0
1644649680000,2.9154,2.9173,2.9131,2.9131,61776,1644649739999,180106.8104,470,34381,100247.1230,0
1644649740000,2.9128,2.9140,2.9027,2.9028,147017,1644649799999,427691.5234,848,39884,116091.6330,0
1644649800000,2.9027,2.9144,2.9022,2.9093,118752,1644649859999,345568.0883,726,67832,197366.7546,0
1644649860000,2.9093,2.9164,2.9091,2.9147,103576,1644649919999,301799.0879,621,67913,197902.8500,0
1644649920000,2.9152,2.9200,2.9103,2.9103,110446,1644649979999,322179.3561,697,58484,170656.2829,0
1644649980000,2.9104,2.9183,2.9104,2.9129,83801,1644650039999,244308.4885,562,31539,91950.1142,0
1644650040000,2.9132,2.9176,2.9121,2.9127,169729,1644650099999,494743.9652,562,128273,373917.1327,0
1644650100000,2.9122,2.9181,2.9068,2.9151,92068,1644650159999,268139.1529,684,55060,160373.9183,0
1644650160000,2.9157,2.9184,2.9077,2.9086,128273,1644650219999,373605.5369,839,57225,166712.4716,0
1644650220000,2.9092,2.9108,2.9005,2.9108,115144,1644650279999,334569.8026,810,59901,174123.5495,0
1644650280000,2.9110,2.9158,2.9030,2.9034,85005,1644650339999,247288.8428,693,32565,94694.7864,0
1644650340000,2.9038,2.9106,2.9030,2.9079,36439,1644650399999,105950.4778,425,19128,55622.4983,0
1644650400000,2.9079,2.9121,2.8945,2.8992,235724,1644650459999,683922.5147,1115,71187,206823.6302,0
1644650460000,2.8992,2.9053,2.8937,2.9048,103767,1644650519999,300918.4102,844,61648,178835.0207,0
1644650520000,2.9046,2.9067,2.9015,2.9021,61140,1644650579999,177549.9662,425,23373,67883.8820,0
1644650580000,2.9021,2.9025,2.8913,2.8921,77648,1644650639999,224878.4298,526,18913,54755.0003,0
1644650640000,2.8920,2.8983,2.8919,2.8947,59999,1644650699999,173744.5204,517,34241,99148.7949,0
1644650700000,2.8945,2.8981,2.8909,2.8965,84607,1644650759999,244913.9719,539,42910,124242.1000,0
1644650760000,2.8966,2.9109,2.8965,2.9081,148806,1644650819999,432306.8708,835,80910,234978.6838,0
1644650820000,2.9082,2.9202,2.9082,2.9166,164722,1644650879999,480240.4748,1173,96335,280884.0981,0
1644650880000,2.9165,2.9211,2.9124,2.9129,103782,1644650939999,302705.7962,699,38080,111076.3686,0
1644650940000,2.9130,2.9183,2.9047,2.9053,86431,1644650999999,251773.8690,568,48510,141383.7851,0
1644651000000,2.9059,2.9094,2.9021,2.9093,67555,1644651059999,196328.6088,450,39617,115145.3812,0
1644651060000,2.9092,2.9092,2.8951,2.8975,117707,1644651119999,341338.4248,860,34064,98748.6722,0
1644651120000,2.8976,2.9023,2.8936,2.8947,93201,1644651179999,270031.1720,574,42970,124514.6948,0
1644651180000,2.8951,2.9031,2.8951,2.9019,84604,1644651239999,245342.1199,548,45832,132887.9741,0
1644651240000,2.9017,2.9051,2.8888,2.8894,204265,1644651299999,592057.2325,969,99156,287691.6162,0
1644651300000,2.8888,2.8918,2.8807,2.8807,151413,1644651359999,436896.8155,971,47633,137460.6023,0
1644651360000,2.8808,2.8890,2.8769,2.8885,163806,1644651419999,472043.2615,1029,97069,279803.2396,0
1644651420000,2.8888,2.8890,2.8795,2.8869,116558,1644651479999,336256.5812,770,68837,198570.6914,0
1644651480000,2.8862,2.8864,2.8783,2.8799,101309,1644651539999,291996.0799,677,59634,171911.7440,0
1644651540000,2.8800,2.8857,2.8732,2.8739,106113,1644651599999,305505.8768,872,34751,100101.1259,0
1644651600000,2.8737,2.8800,2.8719,2.8757,69600,1644651659999,200182.7700,600,39271,112985.0487,0
1644651660000,2.8754,2.8799,2.8727,2.8786,97714,1644651719999,281057.1438,672,63068,181432.2934,0
1644651720000,2.8784,2.8820,2.8760,2.8788,107387,1644651779999,309192.5893,757,72910,209964.5595,0
1644651780000,2.8779,2.8824,2.8772,2.8777,56515,1644651839999,162770.9865,450,35403,101972.0480,0
1644651840000,2.8777,2.8798,2.8674,2.8707,220394,1644651899999,632983.7967,1279,94375,271077.2078,0
1644651900000,2.8708,2.8854,2.8708,2.8766,118023,1644651959999,339812.7276,937,78019,224671.9495,0
1644651960000,2.8765,2.8853,2.8752,2.8827,78906,1644652019999,227365.2499,600,33551,96679.6271,0
1644652020000,2.8828,2.8946,2.8787,2.8895,120046,1644652079999,346901.8730,686,59157,170987.1718,0
1644652080000,2.8896,2.8945,2.8853,2.8887,50734,1644652139999,146603.0797,455,23815,68845.4594,0
1644652140000,2.8880,2.8936,2.8840,2.8910,69896,1644652199999,201843.5522,651,34468,99544.9978,0
1644652200000,2.8906,2.8965,2.8893,2.8946,72003,1644652259999,208364.5211,567,46127,133482.7114,0
1644652260000,2.8950,2.8961,2.8880,2.8907,45392,1644652319999,131292.1662,442,12104,35016.6156,0
1644652320000,2.8909,2.9031,2.8909,2.9004,79557,1644652379999,230596.4724,758,56067,162504.7049,0
1644652380000,2.9004,2.9121,2.9003,2.9121,95927,1644652439999,278772.0949,766,56297,163598.3557,0
1644652440000,2.9121,2.9131,2.9068,2.9114,40642,1644652499999,118288.2479,484,15322,44600.2744,0
1644652500000,2.9114,2.9119,2.9031,2.9042,49253,1644652559999,143122.8987,439,11308,32858.5351,0
1644652560000,2.9035,2.9163,2.9023,2.9133,136474,1644652619999,397402.6752,742,81056,236093.7047,0
1644652620000,2.9128,2.9178,2.9105,2.9149,155433,1644652679999,453010.1975,644,40244,117328.4711,0
1644652680000,2.9140,2.9194,2.9073,2.9080,60433,1644652739999,176114.3316,547,26268,76562.1933,0
1644652740000,2.9075,2.9148,2.9016,2.9053,200086,1644652799999,581905.5060,890,60951,177223.7735,0
1644652800000,2.9052,2.9123,2.9024,2.9115,103636,1644652859999,301303.1599,578,39487,114831.5114,0
1644652860000,2.9108,2.9170,2.9060,2.9170,61072,1644652919999,177835.1254,539,38669,112598.2080,0
1644652920000,2.9170,2.9194,2.9117,2.9187,112152,1644652979999,326964.3003,579,47767,139272.9606,0
1644652980000,2.9182,2.9200,2.9142,2.9155,79765,1644653039999,232673.5678,542,39135,114169.6667,0
1644653040000,2.9156,2.9219,2.9156,2.9209,89206,1644653099999,260432.5163,614,45388,132527.0231,0
1644653100000,2.9209,2.9315,2.9207,2.9315,174262,1644653159999,509932.8673,980,126830,371101.0093,0
1644653160000,2.9313,2.9356,2.9255,2.9338,99324,1644653219999,291169.6002,874,48843,143190.1647,0
1644653220000,2.9338,2.9350,2.9269,2.9319,97486,1644653279999,285718.3423,583,53672,157335.9685,0
1644653280000,2.9321,2.9393,2.9314,2.9378,83873,1644653339999,246172.4449,642,55440,162738.5115,0
1644653340000,2.9377,2.9388,2.9330,2.9340,208935,1644653399999,613519.5715,744,64373,189033.5150,0
1644653400000,2.9341,2.9352,2.9258,2.9299,87299,1644653459999,255821.5909,594,27186,79656.8757,0
1644653460000,2.9294,2.9361,2.9294,2.9342,100687,1644653519999,295294.4364,549,63511,186241.8817,0
1644653520000,2.9347,2.9375,2.9330,2.9359,108052,1644653579999,317201.8279,607,65284,191662.6750,0
1644653580000,2.9357,2.9459,2.9330,2.9432,324568,1644653639999,954302.9919,1404,250376,736232.1597,0
1644653640000,2.9431,2.9494,2.9418,2.9468,130886,1644653699999,385669.1988,1064,75924,223728.1950,0
1644653700000,2.9472,2.9490,2.9416,2.9486,222800,1644653759999,656291.6149,1089,154780,455988.1657,0
1644653760000,2.9487,2.9500,2.9426,2.9484,180522,1644653819999,532065.4717,986,84249,248337.0453,0
1644653820000,2.9483,2.9537,2.9438,2.9453,224306,1644653879999,661594.0231,874,146238,431436.4519,0
1644653880000,2.9452,2.9496,2.9430,2.9431,87697,1644653939999,258340.8396,570,46591,137247.2969,0
1644653940000,2.9429,2.9485,2.9405,2.9448,80267,1644653999999,236287.2278,580,35984,105966.3024,0
1644654000000,2.9451,2.9460,2.9410,2.9429,95638,1644654059999,281554.1961,540,30437,89612.5380,0
1644654060000,2.9424,2.9436,2.9391,2.9402,95201,1644654119999,280023.5473,517,39414,115942.6693,0
1644654120000,2.9400,2.9522,2.9363,2.9471,92114,1644654179999,271327.9301,743,52412,154442.3720,0
1644654180000,2.9470,2.9499,2.9436,2.9473,101619,1644654239999,299370.8876,498,61917,182422.4020,0
1644654240000,2.9465,2.9467,2.9389,2.9401,77156,1644654299999,227150.1765,440,48180,141854.2159,0
1644654300000,2.9401,2.9403,2.9272,2.9356,145978,1644654359999,428054.2989,970,43923,128798.4651,0
1644654360000,2.9356,2.9356,2.9282,2.9305,43442,1644654419999,127330.6610,427,20379,59734.2583,0
1644654420000,2.9305,2.9306,2.9255,2.9260,77091,1644654479999,225680.3238,523,40114,117437.8638,0
1644654480000,2.9266,2.9349,2.9255,2.9333,92532,1644654539999,271069.5193,532,64401,188665.8371,0
1644654540000,2.9334,2.9340,2.9267,2.9287,112481,1644654599999,329535.0955,517,43070,126208.8305,0
1644654600000,2.9290,2.9301,2.9233,2.9281,60771,1644654659999,177861.7263,490,31917,93439.6428,0
1644654660000,2.9280,2.9449,2.9280,2.9421,137450,1644654719999,403913.3194,869,99228,291600.3846,0
1644654720000,2.9424,2.9465,2.9360,2.9360,150711,1644654779999,443361.1216,729,47308,139153.3724,0
1644654780000,2.9359,2.9423,2.9338,2.9398,97116,1644654839999,285339.3738,551,68843,202215.8616,0
1644654840000,2.9397,2.9426,2.9362,2.9419,66954,1644654899999,196859.3385,421,51414,151184.9759,0
1644654900000,2.9423,2.9445,2.9393,2.9437,56464,1644654959999,166135.3630,380,38241,112543.2734,0
1644654960000,2.9436,2.9449,2.9383,2.9400,49580,1644655019999,145823.7016,383,25537,75110.0523,0
1644655020000,2.9400,2.9438,2.9398,2.9420,33690,1644655079999,99091.5392,231,25220,74171.5407,0
1644655080000,2.9413,2.9416,2.9400,2.9404,18557,1644655139999,54569.0078,188,10045,29539.6646,0
1644655140000,2.9403,2.9408,2.9352,2.9373,43789,1644655199999,128661.4111,328,20043,58898.3057,0
1644655200000,2.9370,2.9423,2.9360,2.9400,30980,1644655259999,91055.1275,287,22627,66502.9368,0
1644655260000,2.9402,2.9442,2.9402,2.9403,31143,1644655319999,91629.7725,314,16074,47295.9337,0
1644655320000,2.9403,2.9438,2.9388,2.9395,49384,1644655379999,145242.4310,281,20615,60648.1424,0
1644655380000,2.9393,2.9413,2.9365,2.9365,35317,1644655439999,103800.6127,248,16234,47707.1853,0
1644655440000,2.9365,2.9383,2.9354,2.9360,26012,1644655499999,76398.1328,201,18734,55024.2343,0
1644655500000,2.9363,2.9372,2.9330,2.9333,37277,1644655559999,109413.3074,304,18479,54247.1654,0
1644655560000,2.9343,2.9440,2.9343,2.9406,45473,1644655619999,133658.3405,368,27919,82043.2105,0
1644655620000,2.9409,2.9429,2.9351,2.9354,38486,1644655679999,113104.0264,311,16981,49903.2517,0
1644655680000,2.9361,2.9422,2.9356,2.9390,94666,1644655739999,278202.4704,407,64848,190564.0657,0
1644655740000,2.9399,2.9440,2.9388,2.9397,62088,1644655799999,182676.8735,438,31513,92727.6229,0
1644655800000,2.9402,2.9436,2.9397,2.9409,29997,1644655859999,88241.6782,275,12216,35938.6266,0
1644655860000,2.9410,2.9432,2.9385,2.9394,27957,1644655919999,82230.2727,277,14907,43852.2702,0
1644655920000,2.9392,2.9408,2.9384,2.9401,24316,1644655979999,71481.6109,268,11983,35229.6552,0
1644655980000,2.9401,2.9442,2.9385,2.9441,27029,1644656039999,79502.4424,295,14896,43823.5851,0
1644656040000,2.9441,2.9529,2.9441,2.9508,80916,1644656099999,238593.2762,578,49937,147240.0352,0
1644656100000,2.9507,2.9563,2.9476,2.9552,107045,1644656159999,315999.2568,726,73557,217183.6961,0
1644656160000,2.9552,2.9552,2.9422,2.9428,98330,1644656219999,289777.7102,725,22049,65014.1622,0
1644656220000,2.9430,2.9463,2.9323,2.9377,192648,1644656279999,566180.8050,957,55873,164220.0703,0
1644656280000,2.9377,2.9404,2.9353,2.9369,31290,1644656339999,91925.3982,404,17738,52108.8866,0
1644656340000,2.9370,2.9406,2.9337,2.9350,24249,1644656399999,71198.6283,287,9196,26995.2859,0
1644656400000,2.9351,2.9372,2.9293,2.9296,96831,1644656459999,283966.8794,554,22072,64745.4946,0
1644656460000,2.9295,2.9295,2.9227,2.9271,179340,1644656519999,524699.8699,952,91624,268113.3303,0
1644656520000,2.9267,2.9365,2.9257,2.9312,84064,1644656579999,246349.6845,516,36108,105806.6593,0
1644656580000,2.9316,2.9348,2.9298,2.9347,25295,1644656639999,74175.8417,232,19675,57697.2853,0
1644656640000,2.9348,2.9359,2.9305,2.9331,37146,1644656699999,108948.8054,359,19454,57061.8688,0
1644656700000,2.9325,2.9350,2.9249,2.9276,49548,1644656759999,145189.5402,408,18229,53433.0493,0
1644656760000,2.9282,2.9284,2.9207,2.9233,77686,1644656819999,227201.7724,547,18760,54872.8060,0
1644656820000,2.9237,2.9338,2.9235,2.9287,59710,1644656879999,174904.0705,458,47159,138133.0366,0
1644656880000,2.9287,2.9318,2.9242,2.9264,61634,1644656939999,180467.6479,444,29065,85119.6446,0
1644656940000,2.9265,2.9352,2.9240,2.9320,69020,1644656999999,202222.7763,510,36302,106369.3189,0
1644657000000,2.9323,2.9352,2.9255,2.9277,230632,1644657059999,675664.2615,974,70324,206065.3478,0
1644657060000,2.9277,2.9307,2.9247,2.9286,68229,1644657119999,199694.4161,583,29076,85100.3275,0
1644657120000,2.9286,2.9302,2.9252,2.9267,37012,1644657179999,108352.9102,322,11318,33140.5499,0
1644657180000,2.9267,2.9281,2.9216,2.9220,52945,1644657239999,154833.5399,428,15242,44586.5539,0
1644657240000,2.9221,2.9243,2.9201,2.9229,113070,1644657299999,330382.5946,771,24335,71120.6246,0
1644657300000,2.9230,2.9266,2.9216,2.9240,92829,1644657359999,271459.1189,625,59388,173681.8823,0
1644657360000,2.9240,2.9247,2.9236,2.9241,24507,1644657419999,71656.8618,252,13183,38546.1376,0
1644657420000,2.9244,2.9248,2.9222,2.9229,22567,1644657479999,65978.6004,269,3544,10363.5653,0
1644657480000,2.9226,2.9229,2.9207,2.9217,44912,1644657539999,131217.8522,336,19329,56480.0714,0
1644657540000,2.9217,2.9225,2.9126,2.9141,116878,1644657599999,340909.9421,799,33312,97154.4485,0
1644657600000,2.9141,2.9141,2.9045,2.9128,192683,1644657659999,560490.3415,1193,67877,197474.5022,0
1644657660000,2.9128,2.9190,2.9099,2.9189,64049,1644657719999,186656.1570,618,36080,105163.6146,0
1644657720000,2.9192,2.9256,2.9184,2.9214,82349,1644657779999,240677.3066,625,39008,114010.2453,0
1644657780000,2.9210,2.9225,2.9180,2.9221,77772,1644657839999,227113.3656,408,23225,67837.0848,0
1644657840000,2.9221,2.9291,2.9217,2.9270,77538,1644657899999,226876.0630,570,52857,154668.0173,0
1644657900000,2.9270,2.9335,2.9270,2.9274,133721,1644657959999,391913.0602,867,66368,194556.6187,0
1644657960000,2.9274,2.9351,2.9273,2.9326,58344,1644658019999,170997.4235,498,34845,102134.2106,0
1644658020000,2.9322,2.9344,2.9307,2.9330,55555,1644658079999,162903.5221,426,24000,70380.0087,0
1644658080000,2.9330,2.9438,2.9324,2.9417,113846,1644658139999,334469.1561,699,89582,263185.1008,0
1644658140000,2.9426,2.9448,2.9360,2.9367,111687,1644658199999,328398.7927,615,63582,187042.8435,0
1644658200000,2.9369,2.9371,2.9311,2.9347,67332,1644658259999,197489.9813,493,26245,76985.1930,0
1644658260000,2.9347,2.9402,2.9327,2.9352,71912,1644658319999,211223.0416,472,47310,138961.5205,0
1644658320000,2.9352,2.9367,2.9314,2.9323,49552,1644658379999,145426.7322,287,22713,66663.7618,0
1644658380000,2.9324,2.9330,2.9305,2.9305,18556,1644658439999,54405.8815,174,13267,38901.2623,0
1644658440000,2.9305,2.9331,2.9233,2.9331,68634,1644658499999,200933.8428,621,25734,75334.5901,0
1644658500000,2.9333,2.9333,2.9249,2.9292,28489,1644658559999,83391.5900,261,18384,53801.1155,0
1644658560000,2.9289,2.9289,2.9230,2.9244,32616,1644658619999,95439.7044,281,18934,55414.6370,0
1644658620000,2.9245,2.9330,2.9222,2.9330,40224,1644658679999,117700.7505,374,21340,62448.5055,0
1644658680000,2.9329,2.9330,2.9301,2.9304,31096,1644658739999,91169.3008,209,18736,54929.3980,0
1644658740000,2.9302,2.9310,2.9252,2.9252,30388,1644658799999,88988.9784,272,10842,31754.3481,0
1644658800000,2.9251,2.9293,2.9215,2.9287,34441,1644658859999,100715.8022,352,12250,35831.6367,0
1644658860000,2.9285,2.9296,2.9232,2.9245,27866,1644658919999,81567.3633,251,8723,25535.7827,0
1644658920000,2.9241,2.9273,2.9204,2.9258,29945,1644658979999,87538.0725,291,16794,49093.9341,0
1644658980000,2.9259,2.9281,2.9234,2.9281,9783,1644659039999,28624.1324,188,7223,21133.8561,0
1644659040000,2.9278,2.9314,2.9259,2.9303,27241,1644659099999,79794.9620,237,18365,53804.2049,0
1644659100000,2.9304,2.9345,2.9293,2.9345,46566,1644659159999,136541.7782,310,39609,116149.0096,0
1644659160000,2.9344,2.9377,2.9326,2.9331,50433,1644659219999,148036.3949,438,21369,62727.7333,0
1644659220000,2.9329,2.9358,2.9326,2.9341,54222,1644659279999,159120.8532,319,40289,118230.8572,0
1644659280000,2.9349,2.9376,2.9333,2.9351,35915,1644659339999,105438.0602,247,23850,70028.9529,0
1644659340000,2.9347,2.9400,2.9347,2.9390,44050,1644659399999,129366.6713,429,26698,78408.2998,0
1644659400000,2.9380,2.9386,2.9350,2.9355,18857,1644659459999,55370.0078,243,7134,20949.4647,0
1644659460000,2.9351,2.9459,2.9345,2.9410,169715,1644659519999,499238.5454,1029,105828,311263.4061,0
1644659520000,2.9413,2.9463,2.9413,2.9459,68153,1644659579999,200681.9119,528,41827,123156.4438,0
1644659580000,2.9460,2.9522,2.9450,2.9488,121777,1644659639999,359100.9658,770,93500,275734.2766,0
1644659640000,2.9490,2.9527,2.9473,2.9484,94705,1644659699999,279401.5229,733,37945,111959.5352,0
1644659700000,2.9487,2.9501,2.9400,2.9415,96627,1644659759999,284531.8151,578,27819,81969.8546,0
1644659760000,2.9409,2.9454,2.9391,2.9409,42929,1644659819999,126278.7635,391,26109,76812.7673,0
1644659820000,2.9408,2.9457,2.9406,2.9421,35612,1644659879999,104835.0833,320,24851,73160.2670,0
1644659880000,2.9417,2.9451,2.9413,2.9442,48083,1644659939999,141550.1524,311,36582,107700.4058,0
1644659940000,2.9443,2.9455,2.9372,2.9394,75778,1644659999999,222839.7063,498,20594,60552.4088,0
1644660000000,2.9402,2.9423,2.9381,2.9406,40698,1644660059999,119673.1663,383,19947,58661.5499,0
1644660060000,2.9403,2.9419,2.9356,2.9370,85139,1644660119999,250155.2149,605,37285,109578.6516,0
1644660120000,2.9362,2.9413,2.9342,2.9343,94600,1644660179999,277822.9129,467,56742,166661.6247,0
1644660180000,2.9342,2.9361,2.9302,2.9323,79363,1644660239999,232754.7819,525,35795,104995.4257,0
1644660240000,2.9324,2.9365,2.9317,2.9343,38324,1644660299999,112432.0909,336,28645,84034.2085,0
1644660300000,2.9345,2.9349,2.9279,2.9301,114705,1644660359999,336172.6191,494,56449,165436.8691,0
1644660360000,2.9301,2.9323,2.9283,2.9319,63533,1644660419999,186160.9445,367,32696,95813.4207,0
1644660420000,2.9316,2.9325,2.9300,2.9306,12539,1644660479999,36757.2655,160,5157,15117.7628,0
1644660480000,2.9307,2.9317,2.9276,2.9286,36974,1644660539999,108331.6590,232,8330,24404.6386,0
1644660540000,2.9286,2.9316,2.9266,2.9266,69244,1644660599999,202846.3702,287,43564,127649.2149,0
1644660600000,2.9270,2.9346,2.9270,2.9346,50711,1644660659999,148664.5698,320,42825,125543.5399,0
1644660660000,2.9346,2.9359,2.9345,2.9347,30280,1644660719999,88876.5630,210,18558,54472.6717,0
1644660720000,2.9348,2.9348,2.9240,2.9240,142484,1644660779999,417478.9937,533,45485,133312.0324,0
1644660780000,2.9242,2.9310,2.9241,2.9276,48230,1644660839999,141208.4385,328,28072,82191.6398,0
1644660840000,2.9279,2.9299,2.9267,2.9294,18292,1644660899999,53572.0385,213,9162,26830.6907,0
1644660900000,2.9292,2.9318,2.9269,2.9270,17949,1644660959999,52577.7496,236,9025,26440.9288,0
1644660960000,2.9269,2.9279,2.9205,2.9233,46752,1644661019999,136686.4106,413,21024,61483.5242,0
1644661020000,2.9232,2.9279,2.9224,2.9266,30552,1644661079999,89360.7433,299,17053,49880.4376,0
1644661080000,2.9263,2.9269,2.9241,2.9269,16279,1644661139999,47620.9419,212,8533,24963.2519,0
1644661140000,2.9269,2.9295,2.9269,2.9283,10852,1644661199999,31778.3361,213,4994,14624.2470,0
1644661200000,2.9284,2.9334,2.9279,2.9329,26680,1644661259999,78185.0475,265,18636,54619.5689,0
1644661260000,2.9330,2.9343,2.9322,2.9343,22250,1644661319999,65264.8411,226,11485,33690.4829,0
1644661320000,2.9343,2.9372,2.9337,2.9372,23607,1644661379999,69299.6325,239,15394,45193.0585,0
1644661380000,2.9374,2.9387,2.9347,2.9369,36038,1644661439999,105840.3798,349,16228,47663.2618,0
1644661440000,2.9372,2.9380,2.9328,2.9341,21079,1644661499999,61872.8733,262,8006,23500.1810,0
1644661500000,2.9344,2.9349,2.9264,2.9281,38717,1644661559999,113437.2086,363,12246,35890.5179,0
1644661560000,2.9280,2.9280,2.9215,2.9249,71022,1644661619999,207673.1496,438,21967,64223.8352,0
1644661620000,2.9249,2.9268,2.9246,2.9262,12151,1644661679999,35544.0311,136,10040,29368.8033,0
1644661680000,2.9261,2.9277,2.9204,2.9205,38077,1644661739999,111352.4191,281,10788,31554.6485,0
1644661740000,2.9206,2.9279,2.9205,2.9251,23422,1644661799999,68467.7662,238,18045,52747.8322,0
1644661800000,2.9252,2.9252,2.9210,2.9213,78478,1644661859999,229386.9191,373,11988,35041.3053,0
1644661860000,2.9212,2.9215,2.9173,2.9188,110343,1644661919999,322075.8867,673,47146,137631.6313,0
1644661920000,2.9189,2.9190,2.8961,2.9065,392584,1644661979999,1140417.8253,1726,86792,252230.9327,0
1644661980000,2.9065,2.9086,2.8910,2.8921,305207,1644662039999,884419.2200,1618,106779,309499.3691,0
1644662040000,2.8934,2.9018,2.8934,2.8994,136022,1644662099999,393989.2752,759,61910,179352.1489,0
1644662100000,2.8993,2.9050,2.8983,2.8992,100359,1644662159999,291201.1993,629,72513,210409.6603,0
1644662160000,2.8995,2.9000,2.8903,2.8917,126923,1644662219999,367171.7536,813,27068,78313.7546,0
1644662220000,2.8912,2.9003,2.8849,2.8949,231184,1644662279999,668899.7109,1357,136478,395049.8493,0
1644662280000,2.8949,2.8961,2.8910,2.8940,99437,1644662339999,287743.0834,589,39051,113022.6003,0
1644662340000,2.8943,2.8944,2.8881,2.8913,62822,1644662399999,181632.7975,467,27039,78183.8977,0
1644662400000,2.8911,2.9028,2.8901,2.8994,136732,1644662459999,396255.2841,683,95866,277786.2973,0
1644662460000,2.8997,2.9055,2.8984,2.9051,47545,1644662519999,137982.5028,396,28612,83054.5191,0
1644662520000,2.9050,2.9055,2.8980,2.8985,86578,1644662579999,251196.3155,454,17206,49923.3243,0
1644662580000,2.8986,2.9071,2.8964,2.8974,51256,1644662639999,148700.1200,495,23626,68538.2821,0
1644662640000,2.8978,2.9025,2.8972,2.8986,49695,1644662699999,144113.9881,390,32594,94518.6443,0
1644662700000,2.8982,2.9070,2.8972,2.9068,38483,1644662759999,111687.8772,375,25817,74939.1371,0
1644662760000,2.9068,2.9104,2.9009,2.9009,66288,1644662819999,192689.3771,495,37485,108969.4080,0
1644662820000,2.9010,2.9014,2.8912,2.8948,112802,1644662879999,326484.0671,694,54882,158823.0405,0
1644662880000,2.8941,2.8955,2.8859,2.8913,107839,1644662939999,311779.4638,685,45247,130902.3657,0
1644662940000,2.8913,2.8963,2.8912,2.8926,38941,1644662999999,112658.8792,352,25469,73680.1628,0
1644663000000,2.8926,2.8995,2.8924,2.8988,38627,1644663059999,111862.4089,423,22942,66424.8102,0
1644663060000,2.8984,2.9034,2.8973,2.9019,82414,1644663119999,239066.9674,426,58959,171048.3415,0
1644663120000,2.9022,2.9030,2.8969,2.9005,64870,1644663179999,188105.0110,546,19967,57882.4538,0
1644663180000,2.9006,2.9072,2.9001,2.9012,73993,1644663239999,214938.0462,562,48674,141405.6894,0
1644663240000,2.9011,2.9021,2.8991,2.9018,28368,1644663299999,82269.2827,215,6305,18285.9898,0
1644663300000,2.9016,2.9115,2.9011,2.9071,78065,1644663359999,227059.1310,611,40447,117624.2363,0
1644663360000,2.9069,2.9104,2.9066,2.9087,36470,1644663419999,106065.9810,429,8688,25270.6621,0
1644663420000,2.9091,2.9095,2.9045,2.9052,45451,1644663479999,132085.8500,242,35461,103048.4726,0
1644663480000,2.9053,2.9133,2.9040,2.9108,130177,1644663539999,378408.7981,441,76584,222694.2281,0
1644663540000,2.9111,2.9123,2.9051,2.9062,45138,1644663599999,131317.0041,380,18377,53460.2523,0
1644663600000,2.9065,2.9160,2.9065,2.9119,73870,1644663659999,215119.7598,546,47735,139020.1290,0
1644663660000,2.9115,2.9115,2.9043,2.9086,62446,1644663719999,181533.8982,469,32754,95204.9401,0
1644663720000,2.9088,2.9144,2.9072,2.9112,39841,1644663779999,115955.8502,339,22793,66324.0192,0
1644663780000,2.9118,2.9132,2.9109,2.9119,20493,1644663839999,59674.0995,203,12465,36299.2170,0
1644663840000,2.9119,2.9119,2.9087,2.9095,20465,1644663899999,59553.6636,208,8359,24322.9149,0
1644663900000,2.9092,2.9099,2.9009,2.9043,69434,1644663959999,201734.2668,409,13489,39187.7243,0
1644663960000,2.9041,2.9044,2.8983,2.8984,48598,1644664019999,140970.1117,369,11689,33916.3227,0
1644664020000,2.8989,2.9010,2.8926,2.8926,55660,1644664079999,161227.7772,461,17898,51862.3144,0
1644664080000,2.8933,2.9044,2.8927,2.9032,75233,1644664139999,218020.7635,423,61849,179203.3971,0
1644664140000,2.9026,2.9063,2.8975,2.8976,60962,1644664199999,176926.2049,435,18208,52847.3548,0
1644664200000,2.8977,2.9013,2.8955,2.8974,40209,1644664259999,116495.3778,313,12001,34779.0790,0
1644664260000,2.8977,2.8984,2.8926,2.8975,55394,1644664319999,160389.8337,434,36853,106707.9773,0
1644664320000,2.8979,2.9014,2.8977,2.9005,25314,1644664379999,73408.4385,303,17412,50496.2028,0
1644664380000,2.9005,2.9030,2.8994,2.9008,50187,1644664439999,145610.5211,340,30418,88248.1351,0
1644664440000,2.9013,2.9048,2.9001,2.9007,17281,1644664499999,50144.7453,275,8507,24688.7363,0
1644664500000,2.9009,2.9101,2.9005,2.9084,32968,1644664559999,95840.7201,436,22487,65368.5388,0
1644664560000,2.9080,2.9104,2.8977,2.8977,60370,1644664619999,175339.1596,491,22722,66016.4428,0
1644664620000,2.8976,2.8993,2.8945,2.8952,44923,1644664679999,130100.4452,292,15651,45328.8455,0
1644664680000,2.8946,2.8952,2.8749,2.8766,360801,1644664739999,1039639.0125,1853,83795,241356.8827,0
1644664740000,2.8774,2.8832,2.8661,2.8745,320639,1644664799999,921462.4205,2079,168447,484089.9834,0
1644664800000,2.8742,2.8800,2.8690,2.8767,208922,1644664859999,600510.8273,1257,107520,309063.5037,0
1644664860000,2.8767,2.8786,2.8711,2.8743,50607,1644664919999,145528.8796,465,24432,70254.4782,0
1644664920000,2.8737,2.8880,2.8719,2.8868,108817,1644664979999,313519.4250,917,69450,200114.3551,0
1644664980000,2.8866,2.8900,2.8843,2.8895,50517,1644665039999,145823.1819,464,30285,87433.5160,0
1644665040000,2.8892,2.8968,2.8881,2.8934,123209,1644665099999,356323.1732,1068,74836,216431.1697,0
1644665100000,2.8934,2.8998,2.8921,2.8993,99733,1644665159999,288941.0954,744,64014,185484.2108,0
1644665160000,2.8997,2.9117,2.8975,2.9116,127562,1644665219999,370347.3558,900,96020,278794.0667,0
1644665220000,2.9116,2.9152,2.9078,2.9137,102866,1644665279999,299560.8830,757,37874,110315.0029,0
1644665280000,2.9139,2.9174,2.9117,2.9168,104790,1644665339999,305547.6581,597,56089,163537.5141,0
1644665340000,2.9169,2.9300,2.9168,2.9263,166391,1644665399999,486629.1352,1093,111997,327552.6356,0
1644665400000,2.9265,2.9355,2.9170,2.9355,238052,1644665459999,697081.5467,1252,147893,433140.2349,0
1644665460000,2.9354,2.9362,2.9257,2.9258,141910,1644665519999,416122.0878,668,34747,101937.0036,0
1644665520000,2.9261,2.9261,2.9179,2.9244,150012,1644665579999,438186.0558,870,33871,98948.5371,0
1644665580000,2.9244,2.9267,2.9195,2.9199,49581,1644665639999,144985.7025,459,29531,86378.9036,0
1644665640000,2.9200,2.9228,2.9119,2.9156,132954,1644665699999,387922.8926,744,50433,147235.8406,0
1644665700000,2.9157,2.9177,2.9124,2.9141,50324,1644665759999,146691.3368,475,24272,70773.1087,0
1644665760000,2.9140,2.9191,2.9108,2.9169,79799,1644665819999,232557.3775,539,35491,103467.2524,0
1644665820000,2.9170,2.9171,2.9111,2.9140,41770,1644665879999,121739.6567,325,22292,64970.5791,0
1644665880000,2.9142,2.9145,2.9050,2.9095,153899,1644665939999,447606.7990,771,42507,123656.8500,0
1644665940000,2.9090,2.9168,2.9074,2.9154,44375,1644665999999,129283.5163,517,25041,72962.2904,0
1644666000000,2.9152,2.9244,2.9152,2.9220,89989,1644666059999,262777.5517,661,44109,128818.5525,0
1644666060000,2.9221,2.9222,2.9144,2.9156,33081,1644666119999,96501.5365,399,13508,39419.5724,0
1644666120000,2.9156,2.9250,2.9151,2.9238,58608,1644666179999,171171.0820,483,40186,117368.0943,0
1644666180000,2.9238,2.9252,2.9204,2.9235,56967,1644666239999,166488.8528,542,18853,55110.9914,0
1644666240000,2.9235,2.9248,2.9218,2.9234,34813,1644666299999,101773.5949,391,14983,43801.8896,0
1644666300000,2.9232,2.9260,2.9181,2.9191,63832,1644666359999,186563.0371,569,36465,106583.7695,0
1644666360000,2.9191,2.9228,2.9191,2.9208,39643,1644666419999,115825.7450,452,23572,68875.6379,0
1644666420000,2.9205,2.9210,2.9173,2.9185,44915,1644666479999,131117.9108,338,13531,39503.4055,0
1644666480000,2.9185,2.9238,2.9155,2.9229,31892,1644666539999,93088.9441,380,18680,54544.7519,0
1644666540000,2.9224,2.9327,2.9223,2.9277,106207,1644666599999,311055.3098,671,62961,184364.7613,0
1644666600000,2.9275,2.9341,2.9274,2.9332,105013,1644666659999,307930.1736,540,72771,213398.3789,0
1644666660000,2.9326,2.9372,2.9294,2.9354,137340,1644666719999,402916.8798,764,62764,184152.8774,0
1644666720000,2.9356,2.9375,2.9326,2.9353,84760,1644666779999,248833.3115,471,50094,147070.1757,0
1644666780000,2.9349,2.9381,2.9303,2.9303,75438,1644666839999,221375.5506,545,38153,111978.4287,0
1644666840000,2.9301,2.9308,2.9224,2.9277,104321,1644666899999,305289.3250,848,25768,75429.5431,0
1644666900000,2.9274,2.9290,2.9256,2.9289,40047,1644666959999,117221.5275,383,16571,48517.7441,0
1644666960000,2.9288,2.9328,2.9263,2.9271,56977,1644667019999,166971.9345,376,32280,94585.6912,0
1644667020000,2.9264,2.9326,2.9261,2.9316,48069,1644667079999,140825.3889,336,34099,99891.7642,0
1644667080000,2.9314,2.9349,2.9299,2.9312,89343,1644667139999,261908.3690,445,44508,130474.9417,0
1644667140000,2.9313,2.9334,2.9265,2.9332,127055,1644667199999,372207.5913,697,100572,294623.3407,0
1644667200000,2.9329,2.9363,2.9308,2.9333,105950,1644667259999,310838.3756,643,20564,60331.2005,0
1644667260000,2.9333,2.9344,2.9270,2.9275,76035,1644667319999,222882.0745,540,42773,125404.0603,0
1644667320000,2.9274,2.9339,2.9261,2.9332,57341,1644667379999,167921.1442,500,24121,70639.3529,0
1644667380000,2.9332,2.9373,2.9310,2.9340,66033,1644667439999,193790.2930,494,39632,116328.7658,0
1644667440000,2.9340,2.9340,2.9240,2.9296,140847,1644667499999,412373.7654,709,78508,229899.4356,0
1644667500000,2.9290,2.9294,2.9226,2.9279,45379,1644667559999,132780.9260,484,24132,70617.9405,0
1644667560000,2.9277,2.9304,2.9234,2.9236,36109,1644667619999,105718.7527,318,12715,37237.5076,0
1644667620000,2.9234,2.9295,2.9205,2.9243,72599,1644667679999,212218.7244,487,31171,91124.8357,0
1644667680000,2.9243,2.9256,2.9165,2.9208,137026,1644667739999,399990.6933,801,47006,137242.2278,0
1644667740000,2.9204,2.9225,2.9120,2.9174,105200,1644667799999,306810.2003,718,60310,175949.2322,0
1644667800000,2.9174,2.9181,2.9130,2.9146,60879,1644667859999,177460.4841,452,32627,95130.1588,0
1644667860000,2.9146,2.9182,2.9132,2.9168,79798,1644667919999,232698.1931,493,49087,143155.1424,0
1644667920000,2.9158,2.9168,2.9085,2.9087,63980,1644667979999,186303.1869,441,15468,45039.8829,0
1644667980000,2.9088,2.9099,2.9024,2.9077,166070,1644668039999,482623.0969,942,95723,278192.3277,0
1644668040000,2.9081,2.9171,2.9071,2.9100,89747,1644668099999,261397.2813,906,46528,135506.7933,0
1644668100000,2.9102,2.9146,2.9023,2.9047,124776,1644668159999,362760.1465,828,56933,165585.1753,0
1644668160000,2.9047,2.9079,2.9010,2.9077,105406,1644668219999,306157.1910,658,74536,216525.4572,0
1644668220000,2.9076,2.9077,2.9000,2.9043,90983,1644668279999,264046.4861,504,22088,64121.0296,0
1644668280000,2.9046,2.9079,2.9040,2.9064,90964,1644668339999,264342.7088,484,69900,203136.7614,0
1644668340000,2.9070,2.9072,2.8991,2.9042,85406,1644668399999,247867.9734,570,27441,79673.9000,0
1644668400000,2.9038,2.9092,2.9017,2.9037,63190,1644668459999,183701.4186,424,54719,159097.4041,0
1644668460000,2.9036,2.9140,2.8976,2.9129,207546,1644668519999,602825.5265,997,122535,356132.9039,0
1644668520000,2.9126,2.9242,2.9121,2.9185,118109,1644668579999,344787.6762,835,78670,229630.6670,0
1644668580000,2.9186,2.9224,2.9169,2.9193,92921,1644668639999,271297.9078,600,43374,126652.0937,0
1644668640000,2.9186,2.9218,2.9139,2.9178,194474,1644668699999,567217.1447,768,50979,148731.3601,0
1644668700000,2.9178,2.9224,2.9154,2.9170,59102,1644668759999,172498.2819,484,30598,89288.0274,0
1644668760000,2.9168,2.9250,2.9151,2.9207,54403,1644668819999,158930.7756,514,33680,98394.6258,0
1644668820000,2.9206,2.9241,2.9192,2.9225,33116,1644668879999,96774.2406,349,20485,59867.6536,0
1644668880000,2.9223,2.9234,2.9200,2.9205,28280,1644668939999,82622.7244,244,11289,32985.2988,0
1644668940000,2.9206,2.9249,2.9173,2.9197,28075,1644668999999,82001.1379,291,14251,41633.5927,0
1644669000000,2.9190,2.9228,2.9144,2.9224,42015,1644669059999,122598.2321,427,13678,39921.0663,0
1644669060000,2.9226,2.9240,2.9184,2.9185,59982,1644669119999,175260.1236,392,20934,61175.7241,0
1644669120000,2.9188,2.9219,2.9131,2.9142,40699,1644669179999,118733.5413,399,15931,46494.4293,0
1644669180000,2.9136,2.9141,2.9050,2.9097,80488,1644669239999,234220.5074,534,14968,43530.3637,0
1644669240000,2.9098,2.9100,2.9043,2.9047,59580,1644669299999,173189.5979,388,20359,59189.6769,0
1644669300000,2.9042,2.9103,2.9033,2.9067,60152,1644669359999,174783.1979,450,22966,66749.5541,0
1644669360000,2.9065,2.9107,2.9051,2.9107,24568,1644669419999,71444.9021,247,16879,49088.0525,0
1644669420000,2.9101,2.9175,2.9101,2.9115,122423,1644669479999,356554.2039,549,77476,225656.7105,0
1644669480000,2.9119,2.9125,2.9030,2.9052,47968,1644669539999,139429.5073,433,20989,61000.8206,0
1644669540000,2.9048,2.9111,2.9046,2.9109,45745,1644669599999,133072.1165,423,31143,90600.6897,0
1644669600000,2.9107,2.9108,2.9038,2.9100,24475,1644669659999,71168.3801,362,11432,33245.3080,0
1644669660000,2.9100,2.9200,2.9091,2.9148,86970,1644669719999,253621.0425,687,57710,168339.4131,0
1644669720000,2.9148,2.9179,2.9088,2.9094,130861,1644669779999,381192.4700,592,22167,64582.4119,0
1644669780000,2.9097,2.9167,2.9087,2.9097,39362,1644669839999,114658.3417,360,18800,54780.5391,0
1644669840000,2.9098,2.9158,2.9097,2.9123,23801,1644669899999,69322.1741,381,16276,47401.3470,0
1644669900000,2.9119,2.9174,2.9116,2.9141,25733,1644669959999,75018.5039,295,17078,49785.9750,0
1644669960000,2.9140,2.9140,2.9064,2.9070,48778,1644670019999,141919.1786,506,28118,81814.2493,0
1644670020000,2.9069,2.9076,2.9032,2.9038,57791,1644670079999,167900.3251,493,20247,58829.2895,0
1644670080000,2.9038,2.9132,2.9029,2.9126,107741,1644670139999,313210.6784,626,78746,228931.6445,0
1644670140000,2.9125,2.9133,2.9080,2.9110,28947,1644670199999,84240.3690,301,6966,20276.5181,0
1644670200000,2.9108,2.9150,2.9035,2.9039,72044,1644670259999,209698.5815,574,22483,65414.2945,0
1644670260000,2.9041,2.9071,2.9001,2.9071,92082,1644670319999,267282.4468,675,49188,142813.4364,0
1644670320000,2.9060,2.9083,2.9031,2.9031,23925,1644670379999,69502.7633,266,15526,45105.8382,0
1644670380000,2.9033,2.9094,2.9027,2.9073,29876,1644670439999,86842.2378,322,18718,54397.3495,0
1644670440000,2.9076,2.9090,2.9039,2.9075,47053,1644670499999,136743.8164,353,20274,58922.5556,0
1644670500000,2.9077,2.9089,2.9056,2.9070,18329,1644670559999,53290.8975,206,6881,20004.7406,0
1644670560000,2.9072,2.9108,2.9039,2.9098,24690,1644670619999,71800.1413,263,14463,42056.4411,0
1644670620000,2.9107,2.9141,2.9095,2.9125,55960,1644670679999,162972.9348,381,25195,73375.0266,0
1644670680000,2.9124,2.9148,2.9086,2.9111,37738,1644670739999,109899.0466,370,15972,46516.1823,0
1644670740000,2.9111,2.9131,2.9073,2.9105,23500,1644670799999,68394.3556,280,11750,34191.8486,0
1644670800000,2.9107,2.9145,2.9106,2.9125,52342,1644670859999,152458.7675,372,16663,48535.6508,0
1644670860000,2.9122,2.9130,2.9009,2.9014,107222,1644670919999,311470.6095,661,56589,164367.6182,0
1644670920000,2.9014,2.9028,2.8915,2.8981,221057,1644670979999,640343.8844,1129,69894,202491.1014,0
1644670980000,2.8982,2.9049,2.8974,2.8987,159413,1644671039999,462289.4195,734,93424,270949.2068,0
1644671040000,2.8988,2.9053,2.8983,2.9014,97829,1644671099999,283901.6220,630,55533,161125.3868,0
1644671100000,2.9013,2.9053,2.9008,2.9019,34331,1644671159999,99669.1119,336,13502,39197.0137,0
1644671160000,2.9019,2.9068,2.8962,2.9054,66595,1644671219999,193274.3714,432,30221,87677.0251,0
1644671220000,2.9052,2.9079,2.9016,2.9016,49837,1644671279999,144796.8796,312,24631,71589.5802,0
1644671280000,2.9015,2.9018,2.8957,2.8969,76193,1644671339999,220853.3836,505,44682,129531.1113,0
1644671340000,2.8970,2.9001,2.8911,2.8936,163767,1644671399999,474148.1495,825,78535,227486.8532,0
1644671400000,2.8937,2.8974,2.8920,2.8942,62233,1644671459999,180079.9710,524,25681,74330.9838,0
1644671460000,2.8945,2.9016,2.8934,2.9016,61013,1644671519999,176780.1842,475,31074,90041.1445,0
1644671520000,2.9015,2.9016,2.8935,2.8941,55245,1644671579999,160034.3404,374,15610,45211.6831,0
1644671580000,2.8940,2.9000,2.8937,2.8986,27067,1644671639999,78402.1264,288,13403,38815.1682,0
1644671640000,2.8986,2.9019,2.8967,2.9005,36995,1644671699999,107258.3892,248,29128,84450.0007,0
1644671700000,2.9005,2.9032,2.8996,2.9010,40973,1644671759999,118882.0161,382,16533,47973.9813,0
1644671760000,2.9013,2.9060,2.8975,2.9050,88318,1644671819999,256325.1731,599,53109,154132.1331,0
1644671820000,2.9045,2.9054,2.9014,2.9032,40120,1644671879999,116470.8317,367,22718,65959.0711,0
1644671880000,2.9036,2.9113,2.9026,2.9113,75303,1644671939999,218943.8012,600,41934,121919.1508,0
1644671940000,2.9113,2.9129,2.9068,2.9116,155150,1644671999999,451495.6596,801,61004,177582.0491,0
1644672000000,2.9117,2.9129,2.9074,2.9086,72534,1644672059999,211122.6469,569,26343,76687.8616,0
1644672060000,2.9093,2.9116,2.9047,2.9088,25833,1644672119999,75127.9357,362,16106,46844.2115,0
1644672120000,2.9090,2.9123,2.9081,2.9118,24719,1644672179999,71938.7231,245,12871,37461.9130,0
1644672180000,2.9119,2.9138,2.9085,2.9085,132386,1644672239999,385440.0454,506,60590,176447.2346,0
1644672240000,2.9082,2.9168,2.9077,2.9131,69541,1644672299999,202660.5485,549,37262,108599.5042,0
1644672300000,2.9128,2.9200,2.9128,2.9184,95386,1644672359999,278287.2655,692,33458,97619.7426,0
1644672360000,2.9184,2.9197,2.9146,2.9161,94052,1644672419999,274326.7088,542,57364,167349.6045,0
1644672420000,2.9161,2.9180,2.9131,2.9167,67445,1644672479999,196609.1133,459,21878,63794.2224,0
1644672480000,2.9167,2.9190,2.9157,2.9177,55295,1644672539999,161305.2910,340,17366,50669.8509,0
1644672540000,2.9182,2.9196,2.9126,2.9128,34345,1644672599999,100193.5316,373,13155,38380.2784,0
1644672600000,2.9132,2.9169,2.9085,2.9097,57023,1644672659999,166033.9456,508,16374,47682.9974,0
1644672660000,2.9098,2.9152,2.9096,2.9101,37919,1644672719999,110415.2851,413,25764,75012.7878,0
1644672720000,2.9101,2.9103,2.9008,2.9027,64948,1644672779999,188638.7354,664,20359,59138.8077,0
1644672780000,2.9024,2.9069,2.9020,2.9069,37072,1644672839999,107670.5780,304,30644,89001.3341,0
1644672840000,2.9064,2.9088,2.9039,2.9061,27124,1644672899999,78835.1024,325,17832,51828.8200,0
1644672900000,2.9060,2.9075,2.9023,2.9023,32822,1644672959999,95335.5530,333,12973,37681.4937,0
1644672960000,2.9022,2.9024,2.8974,2.8980,82320,1644673019999,238761.1845,664,42980,124671.2577,0
1644673020000,2.8976,2.9034,2.8974,2.9009,42077,1644673079999,121997.7009,441,28166,81658.5477,0
1644673080000,2.9010,2.9022,2.8934,2.8994,117276,1644673139999,339803.3001,755,68145,197443.4328,0
1644673140000,2.8998,2.9007,2.8958,2.9000,30723,1644673199999,89054.6408,337,21457,62196.9817,0
1644673200000,2.8996,2.9027,2.8945,2.8980,68600,1644673259999,198892.2257,596,32081,93003.9731,0
1644673260000,2.8979,2.8979,2.8925,2.8957,48194,1644673319999,139505.2048,445,21725,62890.8125,0
1644673320000,2.8955,2.8985,2.8940,2.8960,28736,1644673379999,83227.8626,294,17257,49983.2535,0
1644673380000,2.8959,2.8991,2.8936,2.8939,37658,1644673439999,109079.0960,388,18508,53615.8925,0
1644673440000,2.8945,2.9016,2.8936,2.8978,58451,1644673499999,169394.6646,523,42950,124461.5669,0
1644673500000,2.8977,2.8988,2.8933,2.8949,111700,1644673559999,323422.0952,533,38753,112263.2230,0
1644673560000,2.8950,2.9010,2.8939,2.8986,99730,1644673619999,288945.5639,429,80025,231843.9581,0
1644673620000,2.8988,2.9046,2.8974,2.9024,39107,1644673679999,113464.9270,518,21884,63494.4109,0
1644673680000,2.9024,2.9065,2.9024,2.9043,34333,1644673739999,99729.4073,300,14251,41395.2356,0
1644673740000,2.9041,2.9041,2.8986,2.8996,40120,1644673799999,116359.5239,307,12446,36104.8197,0
1644673800000,2.8995,2.9053,2.8994,2.8998,54442,1644673859999,157974.3088,360,30242,87757.6075,0
1644673860000,2.9003,2.9032,2.8958,2.8958,97624,1644673919999,283055.0097,612,52199,151370.2477,0
1644673920000,2.8960,2.9006,2.8855,2.8881,269747,1644673979999,779512.1422,1362,96502,278971.5010,0
1644673980000,2.8880,2.8923,2.8871,2.8896,108594,1644674039999,313723.3349,628,53539,154668.4063,0
1644674040000,2.8898,2.8910,2.8856,2.8888,67296,1644674099999,194337.6471,425,26742,77236.7675,0
1644674100000,2.8889,2.8893,2.8785,2.8801,146220,1644674159999,421491.0379,988,53335,153753.6080,0
1644674160000,2.8798,2.8866,2.8784,2.8784,116465,1644674219999,335706.6722,701,87511,252263.6845,0
1644674220000,2.8785,2.8803,2.8759,2.8774,239256,1644674279999,688393.3030,870,77477,222964.0306,0
1644674280000,2.8772,2.8826,2.8760,2.8814,123111,1644674339999,354555.3268,747,90375,260298.7023,0
1644674340000,2.8814,2.8884,2.8780,2.8807,83788,1644674399999,241640.0576,763,46591,134360.0117,0
1644674400000,2.8806,2.8964,2.8806,2.8954,125421,1644674459999,362573.7678,807,79152,228904.0179,0
1644674460000,2.8952,2.8955,2.8869,2.8916,190922,1644674519999,551903.8024,824,111931,323603.9199,0
1644674520000,2.8918,2.8918,2.8870,2.8889,71175,1644674579999,205667.8686,369,19632,56735.3803,0
1644674580000,2.8889,2.8980,2.8866,2.8980,60157,1644674639999,173997.6935,438,27529,79684.0171,0
1644674640000,2.8980,2.8980,2.8899,2.8928,41615,1644674699999,120411.9596,427,18711,54131.3898,0
1644674700000,2.8927,2.9003,2.8923,2.8938,56064,1644674759999,162469.3107,459,39267,113807.4195,0
1644674760000,2.8930,2.8945,2.8882,2.8915,46964,1644674819999,135780.3766,456,15926,46038.5448,0
1644674820000,2.8909,2.8909,2.8800,2.8812,98291,1644674879999,283621.5203,603,19844,57252.6357,0
1644674880000,2.8813,2.8859,2.8800,2.8841,69603,1644674939999,200621.5356,544,41817,120533.2150,0
1644674940000,2.8842,2.8842,2.8812,2.8825,39467,1644674999999,113760.6906,269,14702,42378.1712,0
1644675000000,2.8829,2.8888,2.8828,2.8862,57869,1644675059999,166989.4735,517,42049,121343.9385,0
1644675060000,2.8864,2.8879,2.8810,2.8848,32006,1644675119999,92305.5907,418,13529,39026.2290,0
1644675120000,2.8851,2.8862,2.8728,2.8797,228271,1644675179999,656703.6356,1092,82107,236370.7534,0
1644675180000,2.8799,2.8949,2.8781,2.8930,151931,1644675239999,438513.7348,1012,98980,285713.4703,0
1644675240000,2.8931,2.8946,2.8892,2.8895,99687,1644675299999,288347.4201,559,64002,185144.3574,0
1644675300000,2.8902,2.8963,2.8888,2.8904,53064,1644675359999,153491.9181,470,26132,75598.9825,0
1644675360000,2.8904,2.8907,2.8764,2.8774,281216,1644675419999,810300.7957,1156,50292,144893.2858,0
1644675420000,2.8776,2.8842,2.8738,2.8796,148917,1644675479999,428768.5577,955,76029,218903.2245,0
1644675480000,2.8800,2.8846,2.8789,2.8846,21597,1644675539999,62235.5560,275,16048,46241.9702,0
1644675540000,2.8841,2.8874,2.8801,2.8849,31036,1644675599999,89499.5594,423,16311,47045.8682,0
1644675600000,2.8848,2.8875,2.8813,2.8848,28624,1644675659999,82574.1410,356,14816,42740.0119,0
1644675660000,2.8847,2.8860,2.8812,2.8825,30614,1644675719999,88275.0723,322,15398,44405.7814,0
1644675720000,2.8823,2.8824,2.8801,2.8813,40120,1644675779999,115587.7379,364,12895,37152.8603,0
1644675780000,2.8810,2.8819,2.8725,2.8725,189491,1644675839999,545063.0675,768,44716,128577.3073,0
1644675840000,2.8727,2.8735,2.8600,2.8626,371407,1644675899999,1063836.7253,1805,88770,254310.0617,0
1644675900000,2.8625,2.8689,2.8602,2.8663,170249,1644675959999,487860.5293,882,87616,251022.7992,0
1644675960000,2.8661,2.8709,2.8640,2.8697,50811,1644676019999,145701.5253,398,38960,111729.6806,0
1644676020000,2.8700,2.8780,2.8682,2.8691,83741,1644676079999,240633.6100,684,53603,154031.7857,0
1644676080000,2.8691,2.8710,2.8622,2.8678,125531,1644676139999,359902.2031,641,77105,221059.6059,0
1644676140000,2.8679,2.8684,2.8612,2.8623,72407,1644676199999,207350.4249,523,27293,78151.1799,0
1644676200000,2.8623,2.8690,2.8622,2.8658,87939,1644676259999,252099.1928,642,46032,131958.9684,0
1644676260000,2.8657,2.8657,2.8524,2.8552,262430,1644676319999,749695.3431,1397,65002,185694.9185,0
1644676320000,2.8554,2.8620,2.8490,2.8615,244709,1644676379999,698182.7772,1463,121753,347522.2371,0
1644676380000,2.8614,2.8675,2.8607,2.8640,128616,1644676439999,368415.7171,883,67030,192016.0234,0
1644676440000,2.8639,2.8639,2.8561,2.8576,84220,1644676499999,240745.2560,526,48657,139095.6848,0
1644676500000,2.8580,2.8583,2.8489,2.8509,72971,1644676559999,208119.5961,741,27702,79013.2458,0
1644676560000,2.8508,2.8569,2.8464,2.8503,180509,1644676619999,514463.0688,1063,82031,233824.8467,0
1644676620000,2.8503,2.8512,2.8360,2.8454,294529,1644676679999,837193.0440,1802,113662,323047.7945,0
1644676680000,2.8451,2.8494,2.8301,2.8376,413379,1644676739999,1173114.4963,2239,185584,526734.5691,0
1644676740000,2.8376,2.8444,2.8316,2.8345,195894,1644676799999,555799.3352,1467,79938,226899.0669,0
1644676800000,2.8344,2.8470,2.8329,2.8340,268571,1644676859999,763049.0469,1655,177805,505361.4045,0
1644676860000,2.8341,2.8343,2.8176,2.8333,802723,1644676919999,2268318.6713,4051,252381,713359.0063,0
1644676920000,2.8327,2.8340,2.8203,2.8294,224240,1644676979999,634033.5704,1502,113269,320347.2197,0
1644676980000,2.8294,2.8485,2.8294,2.8442,245238,1644677039999,696848.3646,1684,160104,454923.4708,0
1644677040000,2.8442,2.8582,2.8435,2.8522,566338,1644677099999,1615346.9177,2147,419269,1196076.4569,0
1644677100000,2.8520,2.8521,2.8373,2.8384,238537,1644677159999,678209.1540,1508,90034,256065.0800,0
1644677160000,2.8386,2.8470,2.8322,2.8450,213609,1644677219999,606414.5279,1104,105762,300217.3791,0
1644677220000,2.8450,2.8454,2.8336,2.8385,158832,1644677279999,450961.4602,1149,79218,224939.7795,0
1644677280000,2.8390,2.8430,2.8348,2.8388,112822,1644677339999,320274.2086,814,59788,169765.4667,0
1644677340000,2.8386,2.8420,2.8333,2.8378,85810,1644677399999,243441.1131,653,33676,95572.7439,0
1644677400000,2.8374,2.8427,2.8346,2.8401,75477,1644677459999,214206.6629,599,36358,103207.7474,0
1644677460000,2.8401,2.8473,2.8401,2.8424,90642,1644677519999,257779.1599,699,65306,185728.1727,0
1644677520000,2.8435,2.8454,2.8376,2.8393,45481,1644677579999,129211.5014,450,21200,60231.8739,0
1644677580000,2.8395,2.8488,2.8371,2.8479,47852,1644677639999,136016.1290,466,26747,76031.4834,0
1644677640000,2.8486,2.8558,2.8486,2.8541,140046,1644677699999,399422.5417,1018,77874,222108.2524,0
1644677700000,2.8538,2.8630,2.8536,2.8612,310629,1644677759999,888066.9231,1490,180863,517136.9757,0
1644677760000,2.8611,2.8658,2.8459,2.8537,369836,1644677819999,1055756.5487,2050,148121,422986.2259,0
1644677820000,2.8538,2.8635,2.8477,2.8582,503507,1644677879999,1437602.9374,2774,202501,578131.4337,0
1644677880000,2.8581,2.8659,2.8562,2.8610,117034,1644677939999,334854.9551,879,74343,212748.6185,0
1644677940000,2.8611,2.8657,2.8600,2.8629,98631,1644677999999,282338.6415,699,56776,162517.1608,0
1644678000000,2.8629,2.8745,2.8629,2.8718,168077,1644678059999,482408.7208,1294,104943,301168.8010,0
1644678060000,2.8717,2.8724,2.8588,2.8612,151150,1644678119999,433071.1629,1089,42650,122178.4885,0
1644678120000,2.8613,2.8638,2.8513,2.8602,197912,1644678179999,565545.4252,1145,79787,228075.2085,0
1644678180000,2.8599,2.8613,2.8540,2.8574,68253,1644678239999,194999.7852,573,32321,92355.2606,0
1644678240000,2.8575,2.8582,2.8519,2.8542,62471,1644678299999,178328.8055,540,18558,52971.5761,0
1644678300000,2.8549,2.8611,2.8471,2.8501,85123,1644678359999,242766.8983,853,29846,85162.7832,0
1644678360000,2.8509,2.8525,2.8410,2.8441,120691,1644678419999,343427.2207,896,41190,117192.9252,0
1644678420000,2.8435,2.8473,2.8423,2.8439,75496,1644678479999,214755.4669,471,45345,128998.0328,0
1644678480000,2.8438,2.8548,2.8438,2.8497,138223,1644678539999,393619.0998,702,106235,302489.7934,0
1644678540000,2.8495,2.8506,2.8425,2.8457,67345,1644678599999,191670.7489,525,20873,59415.3839,0
1644678600000,2.8454,2.8481,2.8442,2.8460,42806,1644678659999,121821.1893,410,20408,58073.2632,0
1644678660000,2.8460,2.8491,2.8418,2.8487,94332,1644678719999,268369.3352,566,33070,94079.5075,0
1644678720000,2.8484,2.8521,2.8450,2.8480,67871,1644678779999,193301.1340,523,31321,89213.1894,0
1644678780000,2.8479,2.8480,2.8426,2.8440,62397,1644678839999,177528.7381,465,27365,77868.8592,0
1644678840000,2.8438,2.8438,2.8339,2.8432,267163,1644678899999,758299.2051,1322,92415,262400.4884,0
1644678900000,2.8429,2.8434,2.8345,2.8365,62065,1644678959999,176243.5245,544,26684,75773.5094,0
1644678960000,2.8367,2.8380,2.8233,2.8284,286032,1644679019999,809334.4713,1548,107753,304981.5931,0
1644679020000,2.8289,2.8292,2.8201,2.8238,224893,1644679079999,634982.0763,1315,119640,337830.4044,0
1644679080000,2.8239,2.8369,2.8231,2.8300,130076,1644679139999,368218.7060,987,81303,230109.5296,0
1644679140000,2.8300,2.8397,2.8290,2.8335,106014,1644679199999,300587.9805,772,57965,164360.5754,0
1644679200000,2.8340,2.8400,2.8300,2.8391,67406,1644679259999,191181.7384,514,47729,135374.7158,0
1644679260000,2.8391,2.8402,2.8328,2.8344,41799,1644679319999,118561.9185,410,17372,49271.6499,0
1644679320000,2.8346,2.8417,2.8333,2.8406,37028,1644679379999,105092.1440,367,21924,62230.2969,0
1644679380000,2.8406,2.8443,2.8377,2.8429,104382,1644679439999,296621.9798,584,38262,108744.1758,0
1644679440000,2.8428,2.8492,2.8428,2.8481,75766,1644679499999,215691.5904,649,49135,139879.5497,0
1644679500000,2.8478,2.8516,2.8391,2.8410,126357,1644679559999,359550.9695,809,47514,135264.5394,0
1644679560000,2.8410,2.8424,2.8353,2.8377,88317,1644679619999,250628.3850,645,42481,120578.3952,0
1644679620000,2.8377,2.8411,2.8361,2.8379,49336,1644679679999,140012.0858,400,17379,49327.6149,0
1644679680000,2.8379,2.8432,2.8361,2.8432,39963,1644679739999,113475.3243,351,32035,90970.4863,0
1644679740000,2.8433,2.8484,2.8433,2.8470,60262,1644679799999,171503.1157,455,35260,100337.2027,0
1644679800000,2.8470,2.8470,2.8279,2.8300,228868,1644679859999,648750.8271,1240,53967,153005.6005,0
1644679860000,2.8304,2.8319,2.8250,2.8273,171768,1644679919999,485818.8089,1030,57640,163052.1048,0
1644679920000,2.8275,2.8322,2.8211,2.8317,164938,1644679979999,465981.5129,975,88180,249172.6526,0
1644679980000,2.8322,2.8406,2.8310,2.8369,110761,1644680039999,314221.6527,811,84196,238847.1529,0
1644680040000,2.8372,2.8414,2.8370,2.8387,113288,1644680099999,321670.1398,600,54064,153493.6607,0
1644680100000,2.8388,2.8388,2.8271,2.8331,94694,1644680159999,268156.5202,585,21980,62255.8104,0
1644680160000,2.8333,2.8463,2.8333,2.8450,126303,1644680219999,358727.6997,737,101974,289625.9644,0
1644680220000,2.8450,2.8499,2.8447,2.8482,71975,1644680279999,204929.3068,527,49211,140136.4636,0
1644680280000,2.8484,2.8500,2.8449,2.8485,90362,1644680339999,257342.7808,592,44879,127830.1242,0
1644680340000,2.8488,2.8506,2.8415,2.8466,64396,1644680399999,183265.6502,437,28052,79856.4708,0
1644680400000,2.8466,2.8522,2.8442,2.8476,121873,1644680459999,347026.7815,674,45169,128692.1459,0
1644680460000,2.8476,2.8514,2.8463,2.8498,45509,1644680519999,129669.6215,386,24285,69192.1761,0
1644680520000,2.8499,2.8540,2.8467,2.8540,52092,1644680579999,148447.9557,457,24723,70475.0043,0
1644680580000,2.8541,2.8594,2.8522,2.8568,90603,1644680639999,258777.5805,726,36674,104745.9988,0
1644680640000,2.8568,2.8597,2.8534,2.8572,97342,1644680699999,278032.2629,561,26311,75153.8887,0
1644680700000,2.8571,2.8620,2.8560,2.8581,137255,1644680759999,392378.3428,773,85999,245857.0300,0
1644680760000,2.8581,2.8629,2.8569,2.8604,85476,1644680819999,244452.0989,477,62353,178325.3654,0
1644680820000,2.8604,2.8637,2.8556,2.8628,71006,1644680879999,203087.2420,548,29206,83520.0935,0
1644680880000,2.8632,2.8641,2.8575,2.8585,111922,1644680939999,320214.9135,518,20400,58361.6337,0
1644680940000,2.8581,2.8632,2.8576,2.8612,65707,1644680999999,187988.7294,441,45276,129536.7462,0
1644681000000,2.8611,2.8617,2.8558,2.8578,37201,1644681059999,106347.4188,421,17104,48891.6702,0
1644681060000,2.8581,2.8620,2.8556,2.8613,55717,1644681119999,159278.9548,437,41313,118105.9386,0
1644681120000,2.8614,2.8681,2.8591,2.8678,82240,1644681179999,235545.2482,523,57280,164051.8398,0
1644681180000,2.8673,2.8677,2.8624,2.8659,57521,1644681239999,164780.4944,457,21697,62160.9095,0
1644681240000,2.8659,2.8692,2.8644,2.8673,59606,1644681299999,170900.8345,493,35133,100728.3824,0
1644681300000,2.8672,2.8699,2.8637,2.8639,71685,1644681359999,205549.3210,651,40522,116213.9725,0
1644681360000,2.8639,2.8649,2.8568,2.8630,158500,1644681419999,453359.1640,736,30047,85954.9246,0
1644681420000,2.8629,2.8633,2.8568,2.8598,32805,1644681479999,93807.4171,370,20395,58319.4256,0
1644681480000,2.8597,2.8661,2.8570,2.8609,66504,1644681539999,190316.9762,516,34137,97697.1071,0
1644681540000,2.8611,2.8633,2.8581,2.8629,47013,1644681599999,134473.2528,387,32903,94124.5337,0
1644681600000,2.8629,2.8711,2.8609,2.8695,132849,1644681659999,380843.2281,775,66806,191557.9204,0
1644681660000,2.8696,2.8710,2.8669,2.8701,84584,1644681719999,242669.0606,581,61090,175274.8226,0
1644681720000,2.8704,2.8744,2.8642,2.8664,196334,1644681779999,563697.8183,965,115271,330990.4273,0
1644681780000,2.8665,2.8682,2.8530,2.8551,147568,1644681839999,421956.0856,1067,47453,135722.7280,0
1644681840000,2.8552,2.8576,2.8453,2.8537,153954,1644681899999,438896.1413,1070,80174,228623.4819,0
1644681900000,2.8538,2.8622,2.8531,2.8600,60665,1644681959999,173392.8514,568,29358,83892.6971,0
1644681960000,2.8600,2.8702,2.8600,2.8683,116630,1644682019999,334379.5073,815,66752,191360.2229,0
1644682020000,2.8684,2.8835,2.8676,2.8782,282855,1644682079999,813822.8059,1501,164056,472058.3459,0
1644682080000,2.8780,2.8899,2.8733,2.8893,399441,1644682139999,1152203.7803,1694,182698,527193.6984,0
1644682140000,2.8891,2.9000,2.8886,2.8985,297479,1644682199999,860971.7370,1641,207581,600851.1197,0
1644682200000,2.8991,2.9030,2.8912,2.8950,319700,1644682259999,926496.4487,1777,158932,460734.3673,0
1644682260000,2.8945,2.8995,2.8934,2.8936,137481,1644682319999,398262.8220,863,69856,202359.0512,0
1644682320000,2.8935,2.9045,2.8930,2.9023,159800,1644682379999,463258.3418,883,85912,249040.9447,0
1644682380000,2.9028,2.9061,2.8953,2.9056,201748,1644682439999,585457.7285,922,90496,262634.3743,0
1644682440000,2.9058,2.9099,2.9018,2.9022,185628,1644682499999,539528.2116,1167,86349,250995.4750,0
1644682500000,2.9024,2.9160,2.8968,2.9076,312185,1644682559999,908274.3468,1686,207070,602654.6737,0
1644682560000,2.9077,2.9158,2.9062,2.9120,183690,1644682619999,534937.1607,1086,94445,275079.7784,0
1644682620000,2.9121,2.9122,2.9020,2.9111,144049,1644682679999,418764.8702,835,62692,182265.2596,0
1644682680000,2.9108,2.9110,2.9013,2.9065,219538,1644682739999,637930.0093,953,96320,279966.3059,0
1644682740000,2.9065,2.9100,2.9017,2.9040,86949,1644682799999,252675.4574,606,34733,100943.7096,0
1644682800000,2.9037,2.9100,2.9035,2.9086,96198,1644682859999,279745.0595,591,53860,156637.2286,0
1644682860000,2.9085,2.9100,2.9036,2.9055,96626,1644682919999,280919.1704,621,46280,134574.9118,0
1644682920000,2.9053,2.9090,2.9033,2.9056,56716,1644682979999,164817.4291,530,25139,73057.5713,0
1644682980000,2.9056,2.9087,2.9027,2.9038,102785,1644683039999,298664.8255,595,28133,81745.0324,0
1644683040000,2.9032,2.9032,2.8945,2.8955,147914,1644683099999,428717.3910,905,57580,166883.6641,0
1644683100000,2.8961,2.9025,2.8956,2.9007,62507,1644683159999,181290.5383,521,32860,95303.5983,0
1644683160000,2.9007,2.9067,2.8986,2.9009,83482,1644683219999,242344.1008,588,51081,148303.9642,0
1644683220000,2.9010,2.9040,2.8982,2.8992,116092,1644683279999,336747.1953,588,29032,84214.1945,0
1644683280000,2.8985,2.9004,2.8954,2.8956,56195,1644683339999,162846.8323,407,24923,72234.8682,0
1644683340000,2.8957,2.8972,2.8925,2.8936,60529,1644683399999,175184.2582,500,17715,51280.3950,0
1644683400000,2.8936,2.8997,2.8913,2.8982,181040,1644683459999,524200.3513,915,105696,306126.7235,0
1644683460000,2.8982,2.8985,2.8877,2.8905,111084,1644683519999,321195.5125,744,41168,119027.7444,0
1644683520000,2.8905,2.8972,2.8897,2.8962,41956,1644683579999,121369.7518,450,21749,62913.2749,0
1644683580000,2.8966,2.9020,2.8957,2.8958,81970,1644683639999,237682.7907,548,54224,157254.3251,0
1644683640000,2.8961,2.9016,2.8957,2.8990,34761,1644683699999,100773.4392,410,12173,35280.4996,0
1644683700000,2.8995,2.9041,2.8995,2.9031,49519,1644683759999,143723.7809,437,26468,76824.8604,0
1644683760000,2.9031,2.9087,2.9031,2.9075,65432,1644683819999,190166.8152,504,52740,153277.5488,0
1644683820000,2.9076,2.9108,2.9048,2.9062,118313,1644683879999,344108.8725,734,73444,213618.7248,0
1644683880000,2.9070,2.9099,2.9034,2.9082,80873,1644683939999,235087.7385,558,45850,133285.1423,0
1644683940000,2.9080,2.9265,2.9080,2.9251,400340,1644683999999,1168501.4215,1875,276193,805987.6113,0
1644684000000,2.9252,2.9433,2.9218,2.9363,609628,1644684059999,1788556.8846,3108,340872,1000343.6144,0
1644684060000,2.9360,2.9396,2.9263,2.9349,403943,1644684119999,1184421.6763,1901,192627,564924.8562,0
1644684120000,2.9349,2.9351,2.9274,2.9338,127056,1644684179999,372318.1497,908,51085,149675.7740,0
1644684180000,2.9337,2.9356,2.9260,2.9320,209139,1644684239999,612721.6381,1052,62074,181910.4051,0
1644684240000,2.9317,2.9350,2.9250,2.9290,191806,1644684299999,561799.6387,1008,121514,355885.9356,0
1644684300000,2.9293,2.9374,2.9250,2.9290,200259,1644684359999,586776.9301,1031,87192,255557.1166,0
1644684360000,2.9286,2.9300,2.9209,2.9255,190975,1644684419999,558444.5385,997,102135,298715.7490,0
1644684420000,2.9251,2.9289,2.9240,2.9263,64959,1644684479999,190080.3607,474,19516,57105.0227,0
1644684480000,2.9264,2.9367,2.9264,2.9325,111317,1644684539999,326437.0570,802,72628,212977.6120,0
1644684540000,2.9322,2.9322,2.9254,2.9279,58306,1644684599999,170737.1348,570,25630,75058.9184,0
1644684600000,2.9279,2.9298,2.9229,2.9276,98236,1644684659999,287423.4718,617,46852,137126.2042,0
1644684660000,2.9274,2.9284,2.9209,2.9226,73205,1644684719999,214017.1457,628,38120,111469.8217,0
1644684720000,2.9227,2.9317,2.9227,2.9297,80528,1644684779999,235782.6469,610,46844,137184.3827,0
1644684780000,2.9298,2.9332,2.9261,2.9315,111125,1644684839999,325507.8508,617,49359,144587.2605,0
1644684840000,2.9314,2.9386,2.9305,2.9347,118825,1644684899999,348724.9072,842,80270,235605.8544,0
1644684900000,2.9342,2.9399,2.9304,2.9385,141358,1644684959999,414902.6870,983,70609,207292.7184,0
1644684960000,2.9387,2.9478,2.9372,2.9453,313035,1644685019999,921222.3059,1877,200999,591550.1280,0
1644685020000,2.9458,2.9460,2.9400,2.9427,167291,1644685079999,492273.0299,981,54148,159370.9341,0
1644685080000,2.9427,2.9440,2.9404,2.9440,108448,1644685139999,319067.8826,819,55421,163076.3193,0
1644685140000,2.9440,2.9497,2.9400,2.9437,221638,1644685199999,652800.2661,1313,139316,410419.4734,0
1644685200000,2.9435,2.9440,2.9376,2.9381,125777,1644685259999,369867.3094,865,37344,109839.9606,0
1644685260000,2.9383,2.9764,2.9375,2.9707,1192274,1644685319999,3528554.2628,5274,850377,2515152.1199,0
1644685320000,2.9707,2.9730,2.9588,2.9672,383994,1644685379999,1138900.9243,2014,186322,552646.5795,0
1644685380000,2.9670,2.9777,2.9621,2.9751,286207,1644685439999,850423.6254,1460,196979,585362.2040,0
1644685440000,2.9752,2.9790,2.9721,2.9721,296530,1644685499999,882538.0227,1591,135358,402894.0204,0
1644685500000,2.9724,2.9842,2.9720,2.9758,372646,1644685559999,1109651.0662,1740,170926,509054.2297,0
1644685560000,2.9758,2.9800,2.9692,2.9721,163976,1644685619999,487828.1337,1059,68500,203819.7619,0
1644685620000,2.9714,2.9715,2.9591,2.9681,190989,1644685679999,566286.8548,1249,64862,192361.7929,0
1644685680000,2.9682,2.9756,2.9656,2.9743,154301,1644685739999,458604.1299,1068,97477,289726.0132,0
1644685740000,2.9743,2.9744,2.9663,2.9700,136101,1644685799999,404138.5656,732,53691,159419.7287,0
1644685800000,2.9700,2.9719,2.9652,2.9671,116060,1644685859999,344583.4408,760,50332,149459.1357,0
1644685860000,2.9672,2.9710,2.9657,2.9673,73473,1644685919999,218092.6991,514,44662,132577.0993,0
1644685920000,2.9674,2.9676,2.9554,2.9593,188598,1644685979999,558445.8181,990,58461,173084.5787,0
1644685980000,2.9596,2.9636,2.9565,2.9604,221536,1644686039999,655728.5285,1052,107537,318324.9793,0
1644686040000,2.9604,2.9610,2.9570,2.9589,82964,1644686099999,245471.8983,554,28387,83987.9984,0
1644686100000,2.9586,2.9665,2.9565,2.9616,173200,1644686159999,512920.4619,959,101385,300220.1692,0
1644686160000,2.9620,2.9628,2.9525,2.9617,165674,1644686219999,489854.6136,1002,90174,266747.0782,0
1644686220000,2.9616,2.9655,2.9577,2.9616,123087,1644686279999,364485.0177,698,54462,161306.3283,0
1644686280000,2.9616,2.9620,2.9532,2.9572,74362,1644686339999,219844.2167,515,29896,88376.1753,0
1644686340000,2.9567,2.9642,2.9567,2.9623,72038,1644686399999,213280.9540,497,55976,165748.6398,0
1644686400000,2.9627,2.9650,2.9585,2.9605,89690,1644686459999,265632.2636,650,45056,133447.2207,0
1644686460000,2.9605,2.9630,2.9556,2.9615,91625,1644686519999,271220.8336,528,26715,79083.9661,0
1644686520000,2.9615,2.9655,2.9607,2.9652,33522,1644686579999,99308.5688,353,21245,62948.3404,0
1644686580000,2.9653,2.9698,2.9643,2.9696,171051,1644686639999,507614.5051,772,104715,310774.6826,0
1644686640000,2.9695,2.9696,2.9670,2.9681,40275,1644686699999,119524.3862,310,15002,44523.0248,0
1644686700000,2.9681,2.9713,2.9680,2.9689,83990,1644686759999,249422.3895,524,53097,157693.2652,0
1644686760000,2.9693,2.9726,2.9690,2.9714,64907,1644686819999,192811.2376,519,25796,76639.5224,0
1644686820000,2.9717,2.9820,2.9717,2.9784,135858,1644686879999,404665.7243,806,89203,265701.9893,0
1644686880000,2.9790,2.9793,2.9614,2.9639,224246,1644686939999,666011.0359,1037,51171,151921.6694,0
1644686940000,2.9644,2.9649,2.9601,2.9601,64753,1644686999999,191867.7232,594,25868,76657.3006,0
1644687000000,2.9604,2.9699,2.9600,2.9654,81248,1644687059999,240965.4027,590,58357,173039.5791,0
1644687060000,2.9654,2.9723,2.9653,2.9671,59503,1644687119999,176614.5190,479,37831,112287.8796,0
1644687120000,2.9673,2.9727,2.9673,2.9702,46127,1644687179999,137036.1824,397,31168,92590.9880,0
1644687180000,2.9702,2.9709,2.9620,2.9621,138268,1644687239999,410234.0635,585,22763,67506.7187,0
1644687240000,2.9623,2.9626,2.9516,2.9555,202541,1644687299999,598729.6199,1107,61664,182274.6409,0
1644687300000,2.9554,2.9598,2.9529,2.9589,85282,1644687359999,252126.1633,603,47322,139921.3994,0
1644687360000,2.9589,2.9627,2.9547,2.9547,89095,1644687419999,263665.2448,539,33835,100167.1588,0
1644687420000,2.9547,2.9547,2.9474,2.9500,266875,1644687479999,787272.4847,1090,60921,179761.7689,0
1644687480000,2.9503,2.9564,2.9503,2.9544,101937,1644687539999,301113.5024,666,57083,168632.2764,0
1644687540000,2.9547,2.9589,2.9529,2.9556,58568,1644687599999,173141.3903,636,26398,78052.8546,0
1644687600000,2.9558,2.9577,2.9534,2.9566,53582,1644687659999,158336.7906,498,20672,61091.3428,0
1644687660000,2.9566,2.9566,2.9531,2.9544,32060,1644687719999,94726.7798,335,7929,23428.4811,0
1644687720000,2.9546,2.9584,2.9532,2.9554,82060,1644687779999,242502.4774,428,32219,95233.5631,0
1644687780000,2.9553,2.9560,2.9544,2.9549,18322,1644687839999,54142.1942,204,12289,36315.0078,0
1644687840000,2.9550,2.9606,2.9549,2.9580,172191,1644687899999,509305.3559,646,104500,309137.5382,0
1644687900000,2.9575,2.9584,2.9542,2.9552,72981,1644687959999,215737.5091,387,18892,55836.2700,0
1644687960000,2.9556,2.9590,2.9543,2.9547,103981,1644688019999,307457.1897,423,72207,213516.3183,0
1644688020000,2.9546,2.9621,2.9538,2.9615,93031,1644688079999,275233.2939,454,70035,207255.3062,0
1644688080000,2.9615,2.9670,2.9593,2.9624,158807,1644688139999,470683.6080,752,70070,207684.5306,0
1644688140000,2.9623,2.9642,2.9603,2.9636,42042,1644688199999,124522.0933,316,16851,49916.4125,0
1644688200000,2.9633,2.9633,2.9565,2.9600,55476,1644688259999,164235.0832,350,18532,54860.3869,0
1644688260000,2.9601,2.9632,2.9556,2.9556,58933,1644688319999,174403.4423,365,35902,106264.7978,0
1644688320000,2.9558,2.9618,2.9558,2.9583,57910,1644688379999,171396.6073,358,30039,88890.9903,0
1644688380000,2.9583,2.9588,2.9558,2.9567,44201,1644688439999,130707.5364,360,24303,71863.5914,0
1644688440000,2.9569,2.9631,2.9569,2.9609,51006,1644688499999,151021.0106,408,38391,113671.2406,0
1644688500000,2.9609,2.9636,2.9589,2.9636,54311,1644688559999,160801.9526,403,30665,90803.3886,0
1644688560000,2.9636,2.9683,2.9625,2.9667,51608,1644688619999,153093.2836,433,27696,82156.8530,0
1644688620000,2.9669,2.9777,2.9669,2.9777,167892,1644688679999,498980.6055,971,110740,329158.5761,0
1644688680000,2.9771,2.9805,2.9757,2.9797,194800,1644688739999,580188.1782,963,100389,299030.3385,0
1644688740000,2.9797,2.9849,2.9783,2.9830,197789,1644688799999,589553.7886,914,117480,350190.2705,0
1644688800000,2.9830,2.9872,2.9801,2.9803,219240,1644688859999,654209.3297,1181,126792,378401.7628,0
1644688860000,2.9801,2.9868,2.9764,2.9791,266196,1644688919999,793658.4428,1304,122745,366037.2910,0
1644688920000,2.9791,2.9817,2.9782,2.9795,110291,1644688979999,328645.7935,609,56998,169851.2795,0
1644688980000,2.9794,2.9848,2.9785,2.9795,156640,1644689039999,466902.1172,865,112131,334239.7869,0
1644689040000,2.9800,2.9830,2.9778,2.9791,97661,1644689099999,291054.0324,565,41973,125084.7168,0
1644689100000,2.9791,2.9821,2.9761,2.9816,86198,1644689159999,256750.2158,762,40006,119169.3772,0
1644689160000,2.9820,2.9864,2.9820,2.9856,120131,1644689219999,358508.9911,767,55025,164229.6383,0
1644689220000,2.9856,2.9966,2.9841,2.9940,342678,1644689279999,1024990.4182,1723,245621,734763.3272,0
1644689280000,2.9941,2.9956,2.9866,2.9922,152990,1644689339999,457676.5367,985,64592,193294.4409,0
1644689340000,2.9924,2.9972,2.9889,2.9951,159245,1644689399999,476676.5893,946,79274,237296.4179,0
1644689400000,2.9950,2.9957,2.9882,2.9934,105099,1644689459999,314381.1537,756,48263,144380.9677,0
1644689460000,2.9932,2.9942,2.9895,2.9916,103052,1644689519999,308327.5444,815,50426,150875.5406,0
1644689520000,2.9919,2.9950,2.9880,2.9946,127221,1644689579999,380562.6829,806,56108,167838.3149,0
1644689580000,2.9945,2.9982,2.9924,2.9976,151777,1644689639999,454729.4471,904,98193,294216.0755,0
1644689640000,2.9973,2.9980,2.9924,2.9958,91793,1644689699999,274822.8269,633,41651,124702.0416,0
1644689700000,2.9957,3.0047,2.9940,3.0023,376482,1644689759999,1129332.4040,1693,258316,774874.4343,0
1644689760000,3.0023,3.0065,3.0018,3.0039,341992,1644689819999,1027728.0653,1443,250688,753393.6766,0
1644689820000,3.0040,3.0184,3.0036,3.0096,529229,1644689879999,1594131.4865,2312,329973,993964.5526,0
1644689880000,3.0096,3.0152,2.9997,3.0107,365946,1644689939999,1100864.6857,1641,166280,500221.5869,0
1644689940000,3.0104,3.0134,3.0029,3.0130,232703,1644689999999,699869.3505,1220,107387,323028.1779,0
1644690000000,3.0126,3.0140,2.9994,3.0043,348467,1644690059999,1047405.3205,1630,172768,519381.0416,0
1644690060000,3.0049,3.0049,2.9991,3.0011,123738,1644690119999,371513.2862,742,48247,144896.0129,0
1644690120000,3.0015,3.0020,2.9970,2.9991,106839,1644690179999,320447.2987,752,41128,123364.2100,0
1644690180000,2.9990,3.0119,2.9987,3.0096,143138,1644690239999,430190.8009,841,96965,291426.7264,0
1644690240000,3.0090,3.0090,2.9999,3.0059,117292,1644690299999,352526.2097,699,73367,220511.4793,0
1644690300000,3.0060,3.0098,3.0010,3.0016,70921,1644690359999,213099.9999,661,31557,94831.3357,0
1644690360000,3.0012,3.0017,2.9965,2.9965,114931,1644690419999,344627.2994,697,32643,97895.1844,0
1644690420000,2.9968,2.9979,2.9912,2.9957,172535,1644690479999,516711.6707,845,57579,172455.9215,0
1644690480000,2.9957,2.9957,2.9809,2.9887,278405,1644690539999,831304.9794,1390,71152,212420.9972,0
1644690540000,2.9887,2.9960,2.9847,2.9878,161546,1644690599999,483077.0504,970,76239,227927.0685,0
1644690600000,2.9881,2.9946,2.9835,2.9929,97294,1644690659999,290747.2369,797,53092,158697.8625,0
1644690660000,2.9930,2.9949,2.9870,2.9891,80474,1644690719999,240609.8957,623,32454,97048.9250,0
1644690720000,2.9884,2.9940,2.9881,2.9902,55169,1644690779999,165049.9606,455,40473,121085.6454,0
1644690780000,2.9903,2.9967,2.9901,2.9964,86073,1644690839999,257622.8723,555,60882,182232.7129,0
1644690840000,2.9965,2.9989,2.9914,2.9921,160376,1644690899999,480526.0642,807,96093,287930.7934,0
1644690900000,2.9921,2.9966,2.9909,2.9943,53190,1644690959999,159247.5424,423,16009,47936.3793,0
1644690960000,2.9947,2.9947,2.9880,2.9891,66044,1644691019999,197493.1114,438,18348,54867.3859,0
1644691020000,2.9892,2.9942,2.9880,2.9904,55926,1644691079999,167226.4572,354,37202,111252.4634,0
1644691080000,2.9903,2.9927,2.9886,2.9912,44797,1644691139999,133972.2885,362,27863,83324.6791,0
1644691140000,2.9907,2.9908,2.9862,2.9865,73103,1644691199999,218446.9361,488,9263,27685.9525,0
1644691200000,2.9867,2.9871,2.9811,2.9871,65889,1644691259999,196597.4124,487,13511,40319.3834,0
1644691260000,2.9872,2.9883,2.9770,2.9824,126778,1644691319999,377939.5323,742,38636,115204.2660,0
1644691320000,2.9829,2.9832,2.9751,2.9783,71077,1644691379999,211641.5003,538,15608,46478.9497,0
1644691380000,2.9783,2.9801,2.9739,2.9786,138233,1644691439999,411471.8012,715,51579,153553.1563,0
1644691440000,2.9790,2.9832,2.9785,2.9821,61140,1644691499999,182262.8614,517,38649,115219.5961,0
1644691500000,2.9819,2.9828,2.9750,2.9804,109590,1644691559999,326415.7876,567,62280,185511.1167,0
1644691560000,2.9804,2.9855,2.9804,2.9837,43306,1644691619999,129179.4543,412,28518,85070.1445,0
1644691620000,2.9837,2.9859,2.9794,2.9808,41542,1644691679999,123950.9996,325,26243,78312.7146,0
1644691680000,2.9808,2.9814,2.9764,2.9803,45192,1644691739999,134629.0330,364,21892,65229.2190,0
1644691740000,2.9809,2.9832,2.9796,2.9806,28054,1644691799999,83643.8650,279,18428,54944.8292,0
1644691800000,2.9807,2.9810,2.9772,2.9789,37187,1644691859999,110797.8520,326,6950,20705.5867,0
1644691860000,2.9789,2.9859,2.9789,2.9829,48946,1644691919999,146012.7843,330,35640,106314.6758,0
1644691920000,2.9831,2.9844,2.9780,2.9801,88412,1644691979999,263513.1460,387,15613,46537.6844,0
1644691980000,2.9802,2.9835,2.9791,2.9820,65319,1644692039999,194764.4371,305,46242,137890.1144,0
1644692040000,2.9816,2.9829,2.9793,2.9802,28183,1644692099999,84024.4146,291,16330,48690.3236,0
1644692100000,2.9801,2.9825,2.9800,2.9814,44535,1644692159999,132767.4241,350,18155,54130.2086,0
1644692160000,2.9822,2.9827,2.9795,2.9817,32935,1644692219999,98190.1777,258,14585,43492.7799,0
1644692220000,2.9818,2.9832,2.9812,2.9826,81565,1644692279999,243281.6759,281,32530,97019.3176,0
1644692280000,2.9825,2.9837,2.9803,2.9817,90723,1644692339999,270534.1618,377,30433,90756.2736,0
1644692340000,2.9817,2.9825,2.9800,2.9800,41310,1644692399999,123166.8468,323,14555,43399.9992,0
1644692400000,2.9801,2.9897,2.9785,2.9896,145706,1644692459999,434806.4511,770,105699,315510.3178,0
1644692460000,2.9889,2.9900,2.9840,2.9857,82684,1644692519999,246989.7302,567,37803,112930.7214,0
1644692520000,2.9859,2.9874,2.9800,2.9800,48449,1644692579999,144576.8745,361,17840,53241.1589,0
1644692580000,2.9802,2.9814,2.9726,2.9732,110695,1644692639999,329438.1440,681,38522,114629.9642,0
1644692640000,2.9732,2.9752,2.9635,2.9675,281877,1644692699999,836867.4369,1260,85978,255207.3212,0
1644692700000,2.9675,2.9746,2.9657,2.9746,87577,1644692759999,260024.3151,520,61120,181488.1134,0
1644692760000,2.9746,2.9779,2.9727,2.9728,54454,1644692819999,162048.3840,482,30052,89427.3567,0
1644692820000,2.9727,2.9761,2.9703,2.9736,65740,1644692879999,195443.8994,469,36650,108962.7186,0
1644692880000,2.9736,2.9767,2.9712,2.9716,94428,1644692939999,280822.7645,413,31759,94424.3796,0
1644692940000,2.9716,2.9773,2.9713,2.9756,62741,1644692999999,186662.1412,375,51149,152171.9937,0
1644693000000,2.9759,2.9770,2.9725,2.9761,47528,1644693059999,141395.4271,313,19191,57104.0843,0
1644693060000,2.9757,2.9780,2.9737,2.9775,43503,1644693119999,129479.5137,289,20653,61483.9166,0
1644693120000,2.9776,2.9793,2.9730,2.9765,40802,1644693179999,121439.4947,347,20819,61982.2594,0
1644693180000,2.9767,2.9782,2.9728,2.9737,62236,1644693239999,185181.4986,323,18418,54797.9184,0
1644693240000,2.9739,2.9755,2.9696,2.9724,78929,1644693299999,234655.6868,411,10002,29732.0157,0
1644693300000,2.9723,2.9739,2.9669,2.9703,75688,1644693359999,224913.0735,362,57696,171475.5242,0
1644693360000,2.9703,2.9703,2.9639,2.9680,74314,1644693419999,220439.5021,462,25195,74720.4593,0
1644693420000,2.9680,2.9689,2.9636,2.9657,86767,1644693479999,257373.9137,517,42372,125686.0279,0
1644693480000,2.9667,2.9700,2.9644,2.9647,52768,1644693539999,156635.1574,381,30913,91758.7380,0
1644693540000,2.9646,2.9675,2.9633,2.9633,56769,1644693599999,168313.2346,421,19384,57478.1431,0
1644693600000,2.9633,2.9671,2.9600,2.9623,100098,1644693659999,296535.8839,650,31361,92929.6529,0
1644693660000,2.9626,2.9638,2.9600,2.9619,56596,1644693719999,167605.4937,335,18448,54645.8036,0
1644693720000,2.9619,2.9626,2.9548,2.9581,141794,1644693779999,419399.6666,668,27015,79930.3378,0
1644693780000,2.9581,2.9594,2.9506,2.9506,83636,1644693839999,247251.9795,611,21360,63168.3783,0
1644693840000,2.9508,2.9524,2.9418,2.9473,328312,1644693899999,967466.4468,1757,105884,312030.9189,0
1644693900000,2.9472,2.9545,2.9470,2.9527,94115,1644693959999,277741.9324,687,51313,151420.1787,0
1644693960000,2.9521,2.9610,2.9510,2.9540,102767,1644694019999,303732.0337,722,64051,189325.1719,0
1644694020000,2.9541,2.9588,2.9540,2.9559,39787,1644694079999,117641.1826,325,24513,72481.4066,0
1644694080000,2.9564,2.9572,2.9517,2.9527,65898,1644694139999,194694.4320,367,9868,29157.1929,0
1644694140000,2.9527,2.9571,2.9516,2.9538,24073,1644694199999,71108.6485,264,11232,33175.4793,0
1644694200000,2.9542,2.9578,2.9499,2.9499,70373,1644694259999,207947.3238,489,31011,91669.3238,0
1644694260000,2.9502,2.9524,2.9455,2.9492,68910,1644694319999,203126.9078,597,36681,108133.0187,0
1644694320000,2.9490,2.9552,2.9490,2.9521,54742,1644694379999,161648.2994,528,25101,74109.9988,0
1644694380000,2.9529,2.9542,2.9505,2.9530,78842,1644694439999,232783.3929,404,58822,173682.3051,0
1644694440000,2.9533,2.9533,2.9464,2.9481,64187,1644694499999,189322.4055,449,18175,53635.1695,0
1644694500000,2.9473,2.9499,2.9433,2.9439,73672,1644694559999,217114.0793,552,26155,77096.8262,0
1644694560000,2.9443,2.9472,2.9415,2.9436,130140,1644694619999,383082.1786,809,56632,166700.3419,0
1644694620000,2.9436,2.9508,2.9435,2.9465,93170,1644694679999,274658.5091,568,71627,211179.2356,0
1644694680000,2.9465,2.9470,2.9428,2.9460,55456,1644694739999,163334.3614,447,18185,53573.1011,0
1644694740000,2.9460,2.9473,2.9413,2.9421,97515,1644694799999,287076.8809,576,26882,79165.8868,0
1644694800000,2.9427,2.9457,2.9416,2.9416,65462,1644694859999,192721.4244,380,24045,70797.4727,0
1644694860000,2.9415,2.9427,2.9335,2.9396,209091,1644694919999,614131.7392,1239,53457,157002.0281,0
1644694920000,2.9391,2.9415,2.9365,2.9373,60930,1644694979999,179089.1907,510,27332,80347.3250,0
1644694980000,2.9372,2.9392,2.9366,2.9370,31578,1644695039999,92766.5409,349,15109,44386.9426,0
1644695040000,2.9367,2.9442,2.9367,2.9431,78790,1644695099999,231766.1551,605,52716,155070.8889,0
1644695100000,2.9430,2.9482,2.9421,2.9446,120667,1644695159999,355458.7212,728,60168,177230.2276,0
1644695160000,2.9445,2.9446,2.9387,2.9410,101444,1644695219999,298362.4080,590,39841,117169.2179,0
1644695220000,2.9407,2.9449,2.9383,2.9397,52093,1644695279999,153261.5226,368,21179,62338.0845,0
1644695280000,2.9399,2.9433,2.9398,2.9428,18624,1644695339999,54777.9397,199,8833,25983.0544,0
1644695340000,2.9428,2.9445,2.9385,2.9393,71078,1644695399999,209084.7492,427,39362,115799.3673,0
1644695400000,2.9392,2.9442,2.9387,2.9433,38025,1644695459999,111859.5508,394,28082,82612.1086,0
1644695460000,2.9433,2.9458,2.9407,2.9448,44317,1644695519999,130436.5692,371,29158,85827.0041,0
1644695520000,2.9447,2.9480,2.9447,2.9475,39134,1644695579999,115301.4680,263,29111,85772.5524,0
1644695580000,2.9480,2.9577,2.9480,2.9499,182944,1644695639999,540335.1385,1059,115452,340955.4938,0
1644695640000,2.9499,2.9519,2.9429,2.9435,83906,1644695699999,247346.4408,575,30573,90145.1600,0
1644695700000,2.9441,2.9469,2.9420,2.9427,55833,1644695759999,164378.7724,496,30070,88530.6844,0
1644695760000,2.9429,2.9448,2.9410,2.9416,43696,1644695819999,128604.0322,397,23979,70577.4773,0
1644695820000,2.9416,2.9458,2.9416,2.9445,20537,1644695879999,60467.8286,232,14443,42523.9493,0
1644695880000,2.9443,2.9484,2.9428,2.9439,71488,1644695939999,210564.7325,377,35407,104310.7384,0
1644695940000,2.9437,2.9463,2.9405,2.9458,79846,1644695999999,234964.3745,432,59466,174998.9550,0
1644696000000,2.9457,2.9496,2.9446,2.9488,27003,1644696059999,79587.3643,336,15284,45053.9258,0
1644696060000,2.9487,2.9526,2.9474,2.9526,75970,1644696119999,224096.3494,517,38976,114994.5754,0
1644696120000,2.9519,2.9524,2.9371,2.9371,222215,1644696179999,654774.8469,1070,95721,282172.9770,0
1644696180000,2.9369,2.9377,2.9301,2.9335,287260,1644696239999,842677.4842,1372,133955,393074.6046,0
1644696240000,2.9335,2.9365,2.9309,2.9320,75352,1644696299999,221040.7864,587,33299,97683.3396,0
1644696300000,2.9323,2.9370,2.9321,2.9337,51523,1644696359999,151214.7977,459,26733,78466.6105,0
1644696360000,2.9334,2.9430,2.9333,2.9388,64094,1644696419999,188365.0215,506,48243,141771.6003,0
1644696420000,2.9388,2.9449,2.9388,2.9419,32411,1644696479999,95358.2733,355,18800,55306.2321,0
1644696480000,2.9422,2.9429,2.9377,2.9377,36423,1644696539999,107124.2343,361,12442,36602.8203,0
1644696540000,2.9377,2.9427,2.9372,2.9425,40374,1644696599999,118689.3876,272,29597,87005.3458,0
1644696600000,2.9425,2.9492,2.9419,2.9479,74757,1644696659999,220092.5828,469,50883,149793.1319,0
1644696660000,2.9479,2.9525,2.9459,2.9510,59282,1644696719999,174842.9173,412,40488,119415.9973,0
1644696720000,2.9509,2.9541,2.9493,2.9501,83449,1644696779999,246309.5478,500,26973,79633.3196,0
1644696780000,2.9499,2.9527,2.9475,2.9509,48843,1644696839999,144097.0301,326,15996,47196.7132,0
1644696840000,2.9508,2.9516,2.9455,2.9472,73312,1644696899999,216122.9318,427,42776,126089.8505,0
1644696900000,2.9472,2.9517,2.9471,2.9493,46090,1644696959999,135944.0694,388,29297,86415.9370,0
1644696960000,2.9490,2.9550,2.9490,2.9500,81882,1644697019999,241743.2872,497,50481,149073.6709,0
1644697020000,2.9500,2.9550,2.9500,2.9524,64791,1644697079999,191389.7693,338,42131,124457.6759,0
1644697080000,2.9523,2.9554,2.9505,2.9505,55026,1644697139999,162477.9265,360,25096,74119.2940,0
1644697140000,2.9503,2.9528,2.9501,2.9503,60497,1644697199999,178544.5778,373,30919,91255.4619,0
1644697200000,2.9502,2.9553,2.9493,2.9518,45915,1644697259999,135519.2202,326,23363,68965.5130,0
1644697260000,2.9513,2.9533,2.9501,2.9523,29182,1644697319999,86138.6199,273,16308,48138.9002,0
1644697320000,2.9520,2.9640,2.9520,2.9579,109830,1644697379999,325105.0161,749,67696,200360.4975,0
1644697380000,2.9581,2.9636,2.9581,2.9615,66398,1644697439999,196618.9999,456,39857,118026.7051,0
1644697440000,2.9615,2.9627,2.9557,2.9591,52185,1644697499999,154438.1505,360,24972,73902.8973,0
1644697500000,2.9589,2.9630,2.9579,2.9588,40990,1644697559999,121350.1222,316,26640,78875.0533,0
1644697560000,2.9598,2.9619,2.9580,2.9609,56224,1644697619999,166413.5178,364,28650,84813.7249,0
1644697620000,2.9607,2.9629,2.9585,2.9593,34741,1644697679999,102861.5032,315,22882,67752.7207,0
1644697680000,2.9597,2.9620,2.9587,2.9602,58348,1644697739999,172777.6057,232,42605,126165.3563,0
1644697740000,2.9602,2.9625,2.9602,2.9610,31916,1644697799999,94520.1920,235,14659,43412.3581,0
1644697800000,2.9610,2.9749,2.9609,2.9747,125203,1644697859999,371745.1552,824,89297,265131.8454,0
1644697860000,2.9746,2.9800,2.9742,2.9781,217265,1644697919999,646779.9672,1239,133953,398773.9087,0
1644697920000,2.9775,2.9778,2.9714,2.9715,88373,1644697979999,262864.3983,532,36364,108165.9016,0
1644697980000,2.9717,2.9784,2.9714,2.9747,65536,1644698039999,194948.4681,408,45216,134507.0914,0
1644698040000,2.9749,2.9795,2.9749,2.9792,53547,1644698099999,159444.4280,371,26538,79022.4591,0
1644698100000,2.9788,2.9850,2.9780,2.9789,163070,1644698159999,486200.4284,845,112244,334720.8183,0
1644698160000,2.9786,2.9828,2.9751,2.9801,56884,1644698219999,169454.8053,383,14663,43687.9482,0
1644698220000,2.9802,2.9844,2.9770,2.9789,108092,1644698279999,322211.3566,503,27121,80826.3653,0
1644698280000,2.9792,2.9808,2.9730,2.9771,127060,1644698339999,378204.0226,631,45086,134238.1883,0
1644698340000,2.9768,2.9833,2.9747,2.9811,113424,1644698399999,338052.9559,632,56477,168336.2544,0
1644698400000,2.9812,2.9827,2.9762,2.9779,80423,1644698459999,239591.4171,487,42242,125863.8812,0
1644698460000,2.9779,2.9783,2.9724,2.9724,60051,1644698519999,178690.6299,489,12471,37127.0792,0
1644698520000,2.9726,2.9781,2.9723,2.9780,57015,1644698579999,169601.3951,490,42540,126534.7703,0
1644698580000,2.9780,2.9812,2.9766,2.9800,61119,1644698639999,182051.2685,344,39881,118802.0679,0
1644698640000,2.9803,2.9808,2.9750,2.9783,67903,1644698699999,202142.7562,438,38745,115335.4504,0
1644698700000,2.9783,2.9809,2.9738,2.9762,86694,1644698759999,258029.1127,377,49241,146522.1548,0
1644698760000,2.9762,2.9787,2.9716,2.9737,62335,1644698819999,185466.3925,499,26779,79695.2216,0
1644698820000,2.9737,2.9750,2.9685,2.9727,57249,1644698879999,170098.2894,451,29542,87770.5385,0
1644698880000,2.9725,2.9725,2.9669,2.9673,82818,1644698939999,245873.9792,497,34704,103040.1231,0
1644698940000,2.9671,2.9671,2.9600,2.9641,164077,1644698999999,486161.3571,899,60850,180318.6853,0
1644699000000,2.9637,2.9666,2.9618,2.9642,45838,1644699059999,135874.6668,388,18344,54389.1419,0
1644699060000,2.9646,2.9666,2.9571,2.9605,97709,1644699119999,289371.7206,594,34395,101855.4632,0
1644699120000,2.9606,2.9623,2.9581,2.9618,32351,1644699179999,95775.6474,275,17810,52728.0502,0
1644699180000,2.9619,2.9631,2.9597,2.9604,49977,1644699239999,147992.3072,366,22434,66435.1628,0
1644699240000,2.9603,2.9650,2.9603,2.9650,31104,1644699299999,92137.4330,320,17687,52396.9411,0
1644699300000,2.9654,2.9677,2.9629,2.9650,56586,1644699359999,167812.0422,305,14453,42865.3498,0
1644699360000,2.9650,2.9659,2.9600,2.9601,32000,1644699419999,94819.4491,252,7977,23636.6707,0
1644699420000,2.9602,2.9603,2.9541,2.9567,78834,1644699479999,233094.5574,591,41867,123791.7721,0
1644699480000,2.9573,2.9603,2.9564,2.9589,29753,1644699539999,88022.9887,260,10410,30795.3670,0
1644699540000,2.9588,2.9610,2.9560,2.9602,62337,1644699599999,184440.7848,371,41579,123027.2800,0
1644699600000,2.9598,2.9601,2.9545,2.9593,99306,1644699659999,293638.5849,587,46035,136121.4675,0
1644699660000,2.9593,2.9602,2.9541,2.9602,53593,1644699719999,158465.4307,514,28576,84498.6457,0
1644699720000,2.9602,2.9614,2.9548,2.9571,74009,1644699779999,218940.4640,458,50640,149825.9796,0
1644699780000,2.9572,2.9582,2.9538,2.9580,29151,1644699839999,86161.8204,293,18703,55278.4860,0
1644699840000,2.9581,2.9605,2.9558,2.9603,31633,1644699899999,93583.7741,266,19794,58564.8948,0
1644699900000,2.9603,2.9603,2.9526,2.9565,56551,1644699959999,167140.7258,395,22339,66020.8546,0
1644699960000,2.9565,2.9565,2.9511,2.9526,35468,1644700019999,104757.0106,287,16818,49676.4426,0
1644700020000,2.9522,2.9522,2.9467,2.9480,73985,1644700079999,218210.2381,483,19916,58743.3215,0
1644700080000,2.9481,2.9545,2.9465,2.9492,68823,1644700139999,203011.9420,488,32228,95076.4201,0
1644700140000,2.9494,2.9527,2.9475,2.9500,40526,1644700199999,119541.9750,315,18018,53150.4747,0
1644700200000,2.9497,2.9507,2.9451,2.9463,81101,1644700259999,239021.7727,583,23033,67887.2857,0
1644700260000,2.9462,2.9497,2.9414,2.9496,128917,1644700319999,379561.3113,774,56419,166189.5203,0
1644700320000,2.9497,2.9509,2.9439,2.9441,49377,1644700379999,145585.5788,322,34033,100369.3086,0
1644700380000,2.9441,2.9484,2.9441,2.9471,51513,1644700439999,151790.5344,287,15236,44888.9335,0
1644700440000,2.9470,2.9485,2.9450,2.9470,19553,1644700499999,57607.7761,217,8200,24166.4218,0
1644700500000,2.9473,2.9506,2.9448,2.9463,47791,1644700559999,140861.4449,414,30856,90961.4808,0
1644700560000,2.9464,2.9515,2.9458,2.9502,47784,1644700619999,140942.3419,471,34161,100766.0586,0
1644700620000,2.9501,2.9501,2.9443,2.9475,58715,1644700679999,173039.6650,453,19982,58878.8072,0
1644700680000,2.9476,2.9477,2.9419,2.9431,31089,1644700739999,91519.1397,344,14454,42555.1416,0
1644700740000,2.9425,2.9457,2.9406,2.9444,41392,1644700799999,121809.8204,429,22232,65437.0738,0
1644700800000,2.9442,2.9469,2.9409,2.9411,49021,1644700859999,144317.4397,529,23105,68029.6797,0
1644700860000,2.9410,2.9439,2.9379,2.9422,146726,1644700919999,431442.0638,616,94860,278947.3771,0
1644700920000,2.9421,2.9434,2.9320,2.9332,136842,1644700979999,401875.9360,820,34298,100729.8954,0
1644700980000,2.9331,2.9359,2.9251,2.9285,228648,1644701039999,670057.2253,1314,77139,226157.9981,0
1644701040000,2.9292,2.9292,2.9250,2.9262,107589,1644701099999,314926.5289,602,44350,129828.8783,0
1644701100000,2.9260,2.9319,2.9237,2.9292,96599,1644701159999,282799.4692,702,51860,151872.5283,0
1644701160000,2.9292,2.9330,2.9291,2.9330,54664,1644701219999,160220.8463,468,23206,68023.7435,0
1644701220000,2.9329,2.9339,2.9244,2.9278,87254,1644701279999,255514.0610,554,37526,109898.7343,0
1644701280000,2.9280,2.9308,2.9243,2.9248,37544,1644701339999,109897.4515,309,11539,33785.1303,0
1644701340000,2.9249,2.9267,2.9139,2.9243,353886,1644701399999,1033550.1819,1731,119836,350145.4204,0
1644701400000,2.9239,2.9259,2.9125,2.9127,104856,1644701459999,306073.7369,782,41143,120135.6377,0
1644701460000,2.9129,2.9188,2.9120,2.9141,113982,1644701519999,332376.2851,812,37267,108676.4315,0
1644701520000,2.9140,2.9143,2.8976,2.9086,534214,1644701579999,1552417.6294,2660,213091,619265.3762,0
1644701580000,2.9085,2.9085,2.8921,2.9035,278610,1644701639999,807976.1515,1523,149747,434462.9577,0
1644701640000,2.9039,2.9074,2.8861,2.8939,411263,1644701699999,1190907.1902,2437,215998,625560.4936,0
1644701700000,2.8939,2.9091,2.8900,2.8955,229533,1644701759999,665647.5656,1853,143042,414863.3046,0
1644701760000,2.8952,2.9008,2.8914,2.8983,132762,1644701819999,384459.8471,950,95994,278005.4620,0
1644701820000,2.8984,2.8996,2.8914,2.8989,102800,1644701879999,297734.3010,736,50101,145118.0078,0
1644701880000,2.8990,2.9001,2.8889,2.8932,269112,1644701939999,778657.1427,1041,91153,263779.1272,0
1644701940000,2.8934,2.8960,2.8892,2.8940,67490,1644701999999,195205.3778,540,43746,126535.8276,0
1644702000000,2.8943,2.8951,2.8851,2.8881,124795,1644702059999,360564.1788,806,64386,186063.4059,0
1644702060000,2.8882,2.8906,2.8709,2.8767,309577,1644702119999,891306.3896,1858,79555,229162.6268,0
1644702120000,2.8768,2.8818,2.8531,2.8802,610753,1644702179999,1752954.1896,3351,240157,689844.3892,0
1644702180000,2.8802,2.8841,2.8754,2.8813,177079,1644702239999,509916.4436,1203,86651,249510.4401,0
1644702240000,2.8804,2.8818,2.8764,2.8798,74346,1644702299999,214035.2866,594,42933,123612.6397,0
1644702300000,2.8798,2.8805,2.8605,2.8671,248868,1644702359999,714326.9762,1402,101395,291239.1834,0
1644702360000,2.8671,2.8760,2.8661,2.8718,115686,1644702419999,332142.9285,820,62913,180700.2375,0
1644702420000,2.8719,2.8766,2.8676,2.8749,124806,1644702479999,358723.1393,661,67966,195327.8811,0
1644702480000,2.8749,2.8749,2.8664,2.8675,86132,1644702539999,247306.4231,648,53281,152995.3055,0
1644702540000,2.8676,2.8693,2.8606,2.8682,131382,1644702599999,376380.1064,1063,68541,196369.0863,0
1644702600000,2.8675,2.8763,2.8660,2.8691,128045,1644702659999,367534.4629,847,71162,204289.8295,0
1644702660000,2.8693,2.8698,2.8625,2.8636,81615,1644702719999,233808.0899,623,39391,112837.2691,0
1644702720000,2.8635,2.8719,2.8635,2.8714,138608,1644702779999,397517.3275,660,71258,204375.5772,0
1644702780000,2.8714,2.8717,2.8623,2.8625,72013,1644702839999,206380.9208,525,39816,114126.1434,0
1644702840000,2.8624,2.8670,2.8574,2.8615,107810,1644702899999,308525.9609,869,41851,119805.8866,0
1644702900000,2.8612,2.8749,2.8611,2.8714,209076,1644702959999,599565.5189,1043,159562,457436.9834,0
1644702960000,2.8711,2.8788,2.8696,2.8787,160794,1644703019999,462466.7507,819,121370,349084.5064,0
1644703020000,2.8787,2.8799,2.8704,2.8741,128639,1644703079999,369916.7901,646,53772,154673.9837,0
1644703080000,2.8740,2.8801,2.8702,2.8769,117453,1644703139999,337706.8239,620,72744,209147.2246,0
1644703140000,2.8768,2.8769,2.8731,2.8737,50499,1644703199999,145175.5974,334,25102,72156.7311,0
1644703200000,2.8734,2.8866,2.8676,2.8849,199902,1644703259999,575636.6296,1114,119266,343531.8421,0
1644703260000,2.8853,2.8878,2.8821,2.8846,115318,1644703319999,332637.8615,641,51551,148704.0188,0
1644703320000,2.8843,2.8843,2.8776,2.8777,94934,1644703379999,273435.4944,566,37818,108923.3709,0
1644703380000,2.8776,2.8870,2.8769,2.8826,106810,1644703439999,307981.5078,672,58047,167358.3924,0
1644703440000,2.8827,2.8860,2.8781,2.8860,51606,1644703499999,148724.5468,459,33946,97837.2069,0
1644703500000,2.8859,2.8923,2.8828,2.8921,111184,1644703559999,321080.1704,651,63585,183633.9958,0
1644703560000,2.8920,2.8944,2.8870,2.8882,102664,1644703619999,296737.7690,535,47013,135937.6341,0
1644703620000,2.8882,2.8896,2.8827,2.8893,78431,1644703679999,226301.0073,546,43006,124089.3126,0
1644703680000,2.8893,2.8919,2.8855,2.8903,44639,1644703739999,128954.2550,396,24269,70105.3491,0
1644703740000,2.8900,2.9000,2.8894,2.9000,86072,1644703799999,249305.6361,664,57629,166954.3125,0
1644703800000,2.9001,2.9014,2.8961,2.8987,78183,1644703859999,226614.8122,614,35867,103970.3760,0
1644703860000,2.8981,2.8998,2.8893,2.8913,78860,1644703919999,228235.6415,455,24348,70442.6656,0
1644703920000,2.8911,2.8952,2.8872,2.8950,91479,1644703979999,264459.7582,499,55305,159915.6146,0
1644703980000,2.8950,2.8957,2.8903,2.8914,54916,1644704039999,158887.9695,345,26139,75619.3455,0
1644704040000,2.8924,2.8952,2.8897,2.8922,52660,1644704099999,152324.4196,404,20664,59780.3408,0
1644704100000,2.8923,2.8985,2.8923,2.8970,40827,1644704159999,118281.6015,319,27206,78820.5965,0
1644704160000,2.8974,2.9054,2.8974,2.9018,153591,1644704219999,445833.0224,927,101132,293536.2628,0
1644704220000,2.9018,2.9053,2.9005,2.9052,74735,1644704279999,216921.4867,472,57779,167710.0229,0
1644704280000,2.9053,2.9095,2.9041,2.9083,82408,1644704339999,239554.1150,585,41506,120670.9412,0
1644704340000,2.9085,2.9137,2.9081,2.9113,126458,1644704399999,368173.6343,703,62895,183101.1421,0
1644704400000,2.9119,2.9119,2.9041,2.9041,90090,1644704459999,261931.7031,540,20123,58496.6708,0
1644704460000,2.9041,2.9041,2.8993,2.8994,88031,1644704519999,255465.0907,501,33593,97496.0199,0
1644704520000,2.8993,2.8993,2.8900,2.8903,134890,1644704579999,390424.7965,755,47439,137311.0601,0
1644704580000,2.8909,2.8912,2.8844,2.8853,111680,1644704639999,322540.6367,618,48832,141050.6272,0
1644704640000,2.8855,2.8979,2.8853,2.8968,163537,1644704699999,472751.0102,789,90493,261645.1803,0
1644704700000,2.8968,2.9017,2.8946,2.9011,52180,1644704759999,151238.3473,402,32682,94753.5789,0
1644704760000,2.9009,2.9042,2.9009,2.9028,57633,1644704819999,167309.7860,353,30057,87261.0174,0
1644704820000,2.9027,2.9032,2.9016,2.9021,26961,1644704879999,78257.8037,214,7577,21994.5111,0
1644704880000,2.9020,2.9032,2.8985,2.8988,39860,1644704939999,115640.0875,266,15926,46215.2574,0
1644704940000,2.8987,2.8988,2.8963,2.8971,38726,1644704999999,112209.2027,199,12946,37506.1783,0
1644705000000,2.8970,2.8971,2.8970,2.8971,17940,1644705059999,51973.5749,108,13949,40411.6479,0
1644705060000,2.8970,2.8972,2.8957,2.8961,43258,1644705119999,125311.4507,228,15870,45976.9404,0
1644705120000,2.8961,2.9073,2.8961,2.9073,80586,1644705179999,233722.0048,381,71509,207386.3440,0
1644705180000,2.9070,2.9140,2.9064,2.9132,75670,1644705239999,220207.4942,496,55176,160567.7493,0
1644705240000,2.9136,2.9198,2.9133,2.9198,119977,1644705299999,349928.1776,571,92188,268892.1395,0
1644705300000,2.9197,2.9250,2.9196,2.9245,95873,1644705359999,280234.0638,738,44852,131108.3311,0
1644705360000,2.9243,2.9246,2.9211,2.9240,44498,1644705419999,130076.6503,397,18026,52694.0876,0
1644705420000,2.9240,2.9313,2.9240,2.9291,126583,1644705479999,370729.3825,764,70209,205620.3737,0
1644705480000,2.9299,2.9317,2.9210,2.9227,112197,1644705539999,328306.6373,775,25875,75726.5504,0
1644705540000,2.9226,2.9230,2.9142,2.9152,101994,1644705599999,297669.8748,637,22567,65816.0150,0
1644705600000,2.9151,2.9254,2.9151,2.9254,45608,1644705659999,133152.5312,333,37779,110311.6688,0
1644705660000,2.9254,2.9299,2.9253,2.9295,86764,1644705719999,254050.7084,357,53575,156865.5748,0
1644705720000,2.9294,2.9294,2.9114,2.9120,122895,1644705779999,358829.9606,627,24518,71575.5810,0
1644705780000,2.9118,2.9119,2.9045,2.9108,146952,1644705839999,427351.1518,738,68766,199955.4359,0
1644705840000,2.9110,2.9217,2.9109,2.9179,61974,1644705899999,180914.6286,464,35960,104980.5289,0
1644705900000,2.9177,2.9180,2.9019,2.9065,75490,1644705959999,219487.4088,571,19738,57360.4692,0
1644705960000,2.9065,2.9138,2.9063,2.9116,45419,1644706019999,132253.5211,381,35713,103982.0164,0
1644706020000,2.9120,2.9121,2.9095,2.9095,28155,1644706079999,81953.9257,171,6981,20326.5522,0
1644706080000,2.9095,2.9145,2.9091,2.9135,21930,1644706139999,63858.8744,186,11653,33932.5612,0
1644706140000,2.9136,2.9201,2.9133,2.9195,36343,1644706199999,105995.5504,337,24335,70985.1355,0
1644706200000,2.9196,2.9243,2.9190,2.9237,92611,1644706259999,270642.1473,545,69305,202542.8065,0
1644706260000,2.9235,2.9301,2.9231,2.9297,70752,1644706319999,207135.0195,534,39211,114783.6978,0
1644706320000,2.9301,2.9338,2.9254,2.9306,118119,1644706379999,346173.6936,754,45628,133734.0176,0
1644706380000,2.9306,2.9340,2.9272,2.9291,107409,1644706439999,314789.1893,472,31171,91370.0701,0
1644706440000,2.9294,2.9336,2.9286,2.9334,35275,1644706499999,103388.7656,304,20302,59506.6235,0
1644706500000,2.9333,2.9349,2.9308,2.9349,45713,1644706559999,134070.2832,330,31437,92205.2943,0
1644706560000,2.9347,2.9375,2.9342,2.9373,43947,1644706619999,129027.0688,315,25024,73465.0466,0
1644706620000,2.9374,2.9408,2.9373,2.9408,36110,1644706679999,106116.9438,281,26896,79045.3375,0
1644706680000,2.9407,2.9431,2.9386,2.9394,91290,1644706739999,268536.4841,692,35103,103270.0917,0
1644706740000,2.9392,2.9392,2.9263,2.9371,166511,1644706799999,488153.8612,770,92927,272409.2375,0
1644706800000,2.9373,2.9375,2.9273,2.9285,60733,1644706859999,178036.4443,476,22523,66027.0426,0
1644706860000,2.9283,2.9376,2.9277,2.9361,53531,1644706919999,157055.8435,423,27776,81487.2147,0
1644706920000,2.9360,2.9363,2.9312,2.9321,37048,1644706979999,108682.7840,287,16853,49430.0835,0
1644706980000,2.9321,2.9332,2.9294,2.9298,33415,1644707039999,97971.5278,279,13212,38744.7636,0
1644707040000,2.9298,2.9315,2.9266,2.9276,81170,1644707099999,237687.6332,433,28273,82793.8012,0
1644707100000,2.9275,2.9328,2.9269,2.9309,27538,1644707159999,80706.5578,288,18172,53258.5129,0
1644707160000,2.9309,2.9352,2.9308,2.9319,95832,1644707219999,281107.8051,439,74972,219931.1312,0
1644707220000,2.9315,2.9378,2.9271,2.9363,72926,1644707279999,213783.8152,455,45635,133790.6906,0
1644707280000,2.9359,2.9370,2.9314,2.9354,39828,1644707339999,116877.5736,297,23801,69842.9577,0
1644707340000,2.9355,2.9376,2.9351,2.9359,39710,1644707399999,116611.4898,267,26124,76715.8084,0
1644707400000,2.9365,2.9368,2.9334,2.9337,19494,1644707459999,57208.0744,221,8040,23595.8539,0
1644707460000,2.9338,2.9375,2.9328,2.9362,34278,1644707519999,100605.2390,284,17035,50013.3178,0
1644707520000,2.9354,2.9367,2.9331,2.9365,31831,1644707579999,93411.3291,254,11898,34922.4326,0
1644707580000,2.9362,2.9380,2.9344,2.9374,58447,1644707639999,171627.1395,306,19080,56031.1289,0
1644707640000,2.9371,2.9400,2.9341,2.9345,83045,1644707699999,243866.2068,424,20159,59215.8994,0
1644707700000,2.9346,2.9392,2.9335,2.9357,55493,1644707759999,162950.9465,374,21939,64421.4188,0
1644707760000,2.9355,2.9358,2.9301,2.9332,76458,1644707819999,224250.4812,490,36248,106311.5254,0
1644707820000,2.9330,2.9330,2.9268,2.9269,52815,1644707879999,154721.1448,356,25475,74607.2415,0
1644707880000,2.9270,2.9322,2.9264,2.9281,34819,1644707939999,102003.0294,311,16881,49454.4143,0
1644707940000,2.9283,2.9303,2.9261,2.9281,40235,1644707999999,117811.8625,288,13618,39876.4244,0
1644708000000,2.9280,2.9281,2.9215,2.9230,59652,1644708059999,174385.3347,393,21629,63219.0059,0
1644708060000,2.9227,2.9227,2.9151,2.9191,178338,1644708119999,520350.6638,808,79870,233046.1457,0
1644708120000,2.9190,2.9197,2.9135,2.9174,44602,1644708179999,130072.7319,337,19224,56064.8032,0
1644708180000,2.9174,2.9175,2.9083,2.9098,60278,1644708239999,175515.1504,427,12010,34973.0710,0
1644708240000,2.9100,2.9114,2.9058,2.9058,50941,1644708299999,148182.6177,390,19366,56339.0863,0
1644708300000,2.9059,2.9082,2.9018,2.9070,95229,1644708359999,276675.1517,531,50833,147729.1546,0
1644708360000,2.9068,2.9100,2.9068,2.9084,39274,1644708419999,114253.9911,292,21369,62159.8860,0
1644708420000,2.9087,2.9105,2.9040,2.9070,49291,1644708479999,143358.8328,353,25394,73875.1790,0
1644708480000,2.9070,2.9115,2.9070,2.9113,36362,1644708539999,105788.2473,257,24586,71520.0424,0
1644708540000,2.9115,2.9117,2.9078,2.9078,26791,1644708599999,77983.2040,183,4181,12167.0803,0
1644708600000,2.9079,2.9080,2.9016,2.9058,98091,1644708659999,284975.7755,532,34997,101666.3329,0
1644708660000,2.9065,2.9100,2.9032,2.9038,32628,1644708719999,94868.5749,342,17654,51329.0240,0
1644708720000,2.9033,2.9034,2.8946,2.9020,119682,1644708779999,346928.4245,718,62034,179825.3026,0
1644708780000,2.9022,2.9022,2.8963,2.9005,30390,1644708839999,88136.0433,241,17953,52061.2902,0
1644708840000,2.9009,2.9013,2.8922,2.8931,75318,1644708899999,218162.5804,447,21302,61700.2688,0
1644708900000,2.8934,2.8979,2.8934,2.8979,38081,1644708959999,110300.6056,341,25009,72438.2940,0
1644708960000,2.8978,2.8978,2.8900,2.8911,44723,1644709019999,129407.2147,424,16852,48757.7598,0
1644709020000,2.8906,2.8924,2.8851,2.8924,109222,1644709079999,315433.3966,696,47789,138036.2056,0
1644709080000,2.8924,2.8925,2.8851,2.8862,61509,1644709139999,177605.3069,399,21787,62937.4086,0
1644709140000,2.8862,2.8881,2.8850,2.8878,52611,1644709199999,151868.9785,339,35272,101829.3159,0
1644709200000,2.8879,2.8893,2.8795,2.8824,119248,1644709259999,343993.0845,794,48594,140197.6729,0
1644709260000,2.8827,2.8874,2.8815,2.8870,68040,1644709319999,196328.5227,469,54421,157039.5061,0
1644709320000,2.8870,2.8967,2.8870,2.8955,72680,1644709379999,210257.3228,758,44854,129766.6174,0
1644709380000,2.8958,2.8965,2.8916,2.8941,35019,1644709439999,101357.0956,372,19330,55950.2434,0
1644709440000,2.8935,2.8965,2.8896,2.8961,34610,1644709499999,100145.6320,305,19772,57213.7724,0
1644709500000,2.8960,2.8960,2.8903,2.8927,37654,1644709559999,108879.1857,270,11013,31847.2355,0
1644709560000,2.8926,2.8983,2.8908,2.8980,47297,1644709619999,136985.6120,418,27014,78241.0374,0
1644709620000,2.8977,2.9049,2.8976,2.9002,66753,1644709679999,193704.0632,576,42568,123505.0130,0
1644709680000,2.9000,2.9040,2.8993,2.9001,49074,1644709739999,142393.8974,366,21058,61122.5089,0
1644709740000,2.9007,2.9031,2.8980,2.8989,30653,1644709799999,88919.7436,257,8469,24574.3628,0
1644709800000,2.8990,2.9038,2.8955,2.9032,85451,1644709859999,247672.8185,412,25056,72638.5530,0
1644709860000,2.9034,2.9036,2.8975,2.8988,27423,1644709919999,79503.1967,332,7982,23138.5049,0
1644709920000,2.8991,2.9009,2.8963,2.8977,35987,1644709979999,104339.6707,284,26256,76126.1085,0
1644709980000,2.8977,2.9031,2.8977,2.9007,42299,1644710039999,122725.2673,410,15342,44511.3161,0
1644710040000,2.9012,2.9028,2.8990,2.9020,64752,1644710099999,187847.4443,530,35643,103407.0751,0
1644710100000,2.9020,2.9080,2.9011,2.9065,103956,1644710159999,301884.1657,1003,57754,167720.9932,0
1644710160000,2.9064,2.9077,2.9019,2.9034,65678,1644710219999,190786.6584,435,30473,88547.0270,0
1644710220000,2.9038,2.9054,2.9013,2.9051,30666,1644710279999,89036.4180,297,9807,28479.7004,0
1644710280000,2.9047,2.9098,2.9047,2.9071,49924,1644710339999,145184.7591,430,28414,82632.4928,0
1644710340000,2.9072,2.9089,2.9020,2.9082,52165,1644710399999,151569.3988,436,19812,57567.9700,0
