open_time,open,high,low,close,volume,close_time,quote_volume,count,taker_buy_volume,taker_buy_quote_volume,ignore
1648684800000,221.25,221.34,221.05,221.08,56.748,1648684859999,12555.66063,100,34.756,7690.66336,0
1648684860000,221.06,221.27,221.05,221.09,53.855,1648684919999,11910.84840,96,25.569,5655.24038,0
1648684920000,221.11,221.27,221.00,221.00,61.679,1648684979999,13640.00035,106,4.704,1040.43968,0
1648684980000,221.00,221.19,220.98,221.03,64.406,1648685039999,14241.95195,93,15.653,3461.18499,0
1648685040000,221.09,221.11,220.84,220.88,53.939,1648685099999,11920.57079,116,13.590,3003.44539,0
1648685100000,220.89,220.95,220.77,220.94,31.358,1648685159999,6927.40346,71,13.014,2875.02030,0
1648685160000,220.94,221.06,220.79,221.03,45.074,1648685219999,9956.84431,80,27.669,6112.50644,0
1648685220000,221.05,221.29,221.05,221.29,73.323,1648685279999,16218.04286,73,34.370,7601.77894,0
1648685280000,221.30,221.58,221.30,221.39,88.427,1648685339999,19582.11096,78,61.501,13618.08603,0
1648685340000,221.35,221.59,221.35,221.59,35.616,1648685399999,7888.11196,53,27.871,6173.00881,0
1648685400000,221.60,221.81,221.60,221.78,59.916,1648685459999,13285.92065,67,30.394,6738.97308,0
1648685460000,221.78,221.99,221.68,221.99,73.372,1648685519999,16277.85860,87,31.893,7073.42065,0
1648685520000,222.00,222.23,222.00,222.22,61.167,1648685579999,13588.02802,103,36.851,8186.13292,0
1648685580000,222.23,222.41,222.23,222.36,71.044,1648685639999,15797.07946,119,18.090,4022.37793,0
1648685640000,222.37,222.42,222.23,222.28,41.595,1648685699999,9247.75591,82,16.068,3572.85081,0
1648685700000,222.28,222.38,222.15,222.16,67.032,1648685759999,14897.80334,109,5.822,1293.86040,0
1648685760000,222.15,222.23,221.99,222.22,116.775,1648685819999,25937.57135,135,24.693,5485.11390,0
1648685820000,222.22,222.27,221.93,221.97,145.850,1648685879999,32398.16656,106,29.337,6518.19184,0
1648685880000,221.97,222.01,221.85,221.96,11.962,1648685939999,2654.54132,45,6.973,1547.46175,0
1648685940000,221.96,222.04,221.87,221.88,124.013,1648685999999,27525.07220,93,28.747,6380.54448,0
1648686000000,221.88,221.93,221.80,221.88,52.639,1648686059999,11678.60323,131,16.600,3683.14922,0
1648686060000,221.89,222.04,221.87,222.04,27.197,1648686119999,6035.88351,73,7.720,1713.77907,0
1648686120000,222.06,222.27,222.06,222.17,110.058,1648686179999,24449.71620,62,85.806,19061.71317,0
1648686180000,222.16,222.16,221.83,221.96,223.050,1648686239999,49513.50801,131,27.823,6175.50492,0
1648686240000,221.95,222.08,221.89,222.05,76.237,1648686299999,16923.91402,63,61.278,13603.79822,0
1648686300000,222.05,222.25,221.99,222.22,137.490,1648686359999,30544.67186,110,120.180,26700.22122,0
1648686360000,222.22,222.22,222.10,222.16,15.238,1648686419999,3385.15790,54,13.919,3092.09922,0
1648686420000,222.18,222.25,222.18,222.25,23.932,1648686479999,5318.00306,42,16.894,3754.29689,0
1648686480000,222.26,222.35,222.26,222.34,14.994,1648686539999,3333.18055,39,7.223,1605.63220,0
1648686540000,222.35,222.35,222.20,222.25,111.210,1648686599999,24724.01486,123,10.367,2304.35966,0
1648686600000,222.23,222.39,222.12,222.23,212.610,1648686659999,47268.69935,116,164.633,36604.24905,0
1648686660000,222.21,222.41,222.18,222.34,49.810,1648686719999,11072.72996,96,29.986,6665.21711,0
1648686720000,222.33,222.40,222.24,222.24,88.386,1648686779999,19650.23180,90,10.184,2264.14265,0
1648686780000,222.27,222.29,222.04,222.07,193.305,1648686839999,42943.75248,104,11.847,2630.89401,0
1648686840000,222.12,222.39,222.12,222.29,124.659,1648686899999,27713.12177,93,113.956,25333.60339,0
1648686900000,222.24,222.38,222.24,222.38,24.947,1648686959999,5545.47548,67,17.471,3883.69243,0
1648686960000,222.39,222.44,222.32,222.37,65.808,1648687019999,14634.75553,125,28.000,6227.36310,0
1648687020000,222.37,222.37,221.75,221.98,832.169,1648687079999,184759.92370,267,22.096,4904.28555,0
1648687080000,221.96,222.10,221.89,222.10,60.455,1648687139999,13420.08546,80,29.139,6469.00616,0
1648687140000,222.08,222.20,222.01,222.08,38.589,1648687199999,8570.56022,65,20.794,4618.57919,0
1648687200000,222.05,222.07,221.94,222.03,27.014,1648687259999,5997.82291,54,13.071,2902.12583,0
1648687260000,222.04,222.04,221.60,221.80,368.318,1648687319999,81693.03371,193,50.855,11282.62356,0
1648687320000,221.78,222.39,221.65,222.39,379.637,1648687379999,84309.69982,292,313.548,69627.65415,0
1648687380000,222.39,222.53,222.31,222.36,72.785,1648687439999,16187.91827,103,48.012,10677.72034,0
1648687440000,222.37,222.52,222.37,222.38,26.548,1648687499999,5905.00399,65,11.328,2519.71138,0
1648687500000,222.38,222.52,222.37,222.46,23.566,1648687559999,5242.30929,68,9.628,2141.85466,0
1648687560000,222.48,222.65,222.48,222.62,40.632,1648687619999,9044.76092,118,24.180,5382.76823,0
1648687620000,222.62,222.83,222.62,222.82,265.177,1648687679999,59069.23048,127,248.923,55448.94796,0
1648687680000,222.82,222.83,222.65,222.65,62.185,1648687739999,13849.86044,64,16.319,3633.73480,0
1648687740000,222.65,222.66,222.40,222.40,235.554,1648687799999,52419.70763,157,31.420,6992.40004,0
1648687800000,222.47,222.48,222.40,222.40,9.503,1648687859999,2113.86092,45,0.304,67.61422,0
1648687860000,222.40,222.45,222.29,222.33,32.686,1648687919999,7268.03521,74,9.246,2056.59478,0
1648687920000,222.33,222.67,222.33,222.51,75.629,1648687979999,16830.42316,107,56.040,12470.63018,0
1648687980000,222.49,222.55,222.40,222.51,25.356,1648688039999,5640.75135,57,9.695,2156.59148,0
1648688040000,222.47,222.51,222.24,222.24,27.504,1648688099999,6116.82511,66,6.399,1423.34209,0
1648688100000,222.24,222.28,222.12,222.14,17.325,1648688159999,3850.07979,54,1.055,234.47921,0
1648688160000,222.14,222.14,221.60,221.65,118.491,1648688219999,26288.48496,162,20.774,4607.84204,0
1648688220000,221.70,221.98,221.65,221.68,221.103,1648688279999,49060.60032,143,168.682,37433.43952,0
1648688280000,221.75,221.77,221.56,221.72,56.026,1648688339999,12417.08422,77,22.370,4957.21495,0
1648688340000,221.73,221.73,221.56,221.57,99.624,1648688399999,22079.96991,92,42.381,9391.11822,0
1648688400000,221.57,221.60,221.32,221.44,116.524,1648688459999,25809.98788,120,11.540,2555.63855,0
1648688460000,221.42,221.67,221.42,221.66,24.617,1648688519999,5455.78780,59,7.988,1770.11574,0
1648688520000,221.66,221.98,221.66,221.88,165.907,1648688579999,36814.80288,113,110.993,24626.97183,0
1648688580000,221.87,221.87,221.69,221.72,18.813,1648688639999,4171.65939,67,9.533,2113.79675,0
1648688640000,221.72,221.73,221.64,221.73,50.708,1648688699999,11240.54930,62,33.792,7490.18730,0
1648688700000,221.73,222.20,221.73,222.00,117.586,1648688759999,26105.31745,148,60.270,13378.21687,0
1648688760000,222.02,222.09,222.00,222.01,29.629,1648688819999,6579.30853,65,5.293,1175.32741,0
1648688820000,222.02,222.08,222.02,222.02,17.392,1648688879999,3861.95565,39,6.849,1520.79825,0
1648688880000,222.02,222.07,221.96,221.97,123.899,1648688939999,27507.28061,68,23.978,5323.02501,0
1648688940000,221.96,222.02,221.87,221.87,16.714,1648688999999,3709.99045,53,3.677,816.25976,0
1648689000000,221.87,222.39,221.87,222.37,189.308,1648689059999,42056.81541,147,145.725,32368.07374,0
1648689060000,222.37,222.39,222.37,222.39,5.687,1648689119999,1264.67473,31,3.008,668.91904,0
1648689120000,222.39,222.64,222.39,222.55,77.207,1648689179999,17181.34292,83,52.944,11783.52515,0
1648689180000,222.55,222.59,222.38,222.59,40.569,1648689239999,9027.83598,60,3.611,803.45675,0
1648689240000,222.65,222.75,222.63,222.75,12.626,1648689299999,2811.47382,36,5.070,1129.05625,0
1648689300000,222.74,222.78,222.56,222.58,87.822,1648689359999,19554.89826,106,16.224,3612.59980,0
1648689360000,222.58,222.58,222.18,222.21,197.714,1648689419999,43964.71621,196,21.909,4869.81717,0
1648689420000,222.25,222.41,222.25,222.36,33.616,1648689479999,7473.98748,64,16.679,3708.30122,0
1648689480000,222.36,222.49,222.35,222.36,20.530,1648689539999,4565.78696,72,2.592,576.48844,0
1648689540000,222.41,222.49,222.36,222.49,18.397,1648689599999,4091.77177,60,5.637,1253.94147,0
1648689600000,222.49,222.55,222.43,222.55,48.834,1648689659999,10864.55504,83,18.841,4192.22914,0
1648689660000,222.55,222.61,222.55,222.58,13.843,1648689719999,3081.05921,61,3.236,720.27331,0
1648689720000,222.58,222.82,222.58,222.76,82.407,1648689779999,18355.71958,126,62.513,13924.85782,0
1648689780000,222.76,222.77,222.68,222.75,30.986,1648689839999,6902.05853,88,3.610,804.12058,0
1648689840000,222.74,222.75,222.65,222.65,18.017,1648689899999,4012.13341,48,7.883,1755.39201,0
1648689900000,222.65,222.68,222.59,222.64,19.232,1648689959999,4281.55736,57,13.924,3099.91389,0
1648689960000,222.65,222.65,222.01,222.27,585.844,1648690019999,130196.08123,221,29.422,6536.88879,0
1648690020000,222.27,222.27,222.13,222.24,90.274,1648690079999,20061.70868,104,8.150,1811.20131,0
1648690080000,222.25,222.32,222.20,222.32,31.262,1648690139999,6948.79748,93,11.192,2487.76600,0
1648690140000,222.33,222.54,222.33,222.45,89.109,1648690199999,19823.65397,92,54.612,12150.42539,0
1648690200000,222.45,222.60,222.38,222.39,73.779,1648690259999,16417.33982,85,32.572,7246.74987,0
1648690260000,222.39,222.57,222.38,222.51,62.203,1648690319999,13837.48694,73,53.083,11808.34172,0
1648690320000,222.52,222.52,222.37,222.45,56.088,1648690379999,12478.44683,58,5.585,1242.36032,0
1648690380000,222.45,222.51,222.45,222.49,9.461,1648690439999,2104.80284,29,2.787,620.09186,0
1648690440000,222.49,222.57,222.49,222.54,10.905,1648690499999,2426.38427,41,4.381,974.79035,0
1648690500000,222.54,222.66,222.46,222.52,84.269,1648690559999,18757.36114,88,68.338,15212.67688,0
1648690560000,222.54,222.54,222.15,222.16,29.624,1648690619999,6585.44973,70,8.435,1874.73207,0
1648690620000,222.16,222.21,222.14,222.17,20.443,1648690679999,4541.87822,43,9.178,2039.15206,0
1648690680000,222.18,222.18,222.00,222.05,35.329,1648690739999,7846.79449,67,3.074,682.73076,0
1648690740000,222.06,222.25,222.06,222.21,26.797,1648690799999,5953.53183,58,15.992,3552.49767,0
1648690800000,222.15,222.30,222.02,222.20,77.883,1648690859999,17300.49088,83,21.617,4802.27251,0
1648690860000,222.19,222.28,222.11,222.16,38.306,1648690919999,8511.38514,72,12.520,2781.68979,0
1648690920000,222.14,222.23,222.08,222.18,80.283,1648690979999,17832.14877,95,44.459,9874.70075,0
1648690980000,222.18,222.42,222.18,222.41,88.022,1648691039999,19564.62168,120,46.159,10260.52887,0
1648691040000,222.42,222.52,222.34,222.34,62.784,1648691099999,13966.46717,78,7.029,1563.72941,0
1648691100000,222.34,222.39,222.34,222.38,12.275,1648691159999,2729.67780,44,0.791,175.88529,0
1648691160000,222.37,222.52,222.37,222.46,45.166,1648691219999,10047.77892,74,6.861,1526.45434,0
1648691220000,222.46,222.55,222.46,222.54,10.846,1648691279999,2413.49261,42,7.703,1714.11634,0
1648691280000,222.54,222.88,222.54,222.84,202.355,1648691339999,45074.70054,143,141.577,31538.59046,0
1648691340000,222.82,222.89,222.80,222.84,125.455,1648691399999,27959.21353,88,4.038,899.83957,0
1648691400000,222.83,222.98,222.83,222.95,62.193,1648691459999,13862.13016,82,46.695,10407.87676,0
1648691460000,222.96,223.20,222.96,223.15,123.112,1648691519999,27466.76376,194,74.421,16604.08838,0
1648691520000,223.10,223.25,223.05,223.17,77.525,1648691579999,17302.94942,135,45.976,10262.74683,0
1648691580000,223.12,223.29,223.12,223.23,39.549,1648691639999,8829.78662,55,34.499,7702.47482,0
1648691640000,223.23,223.30,223.23,223.28,59.912,1648691699999,13377.83150,66,48.027,10724.33612,0
1648691700000,223.28,223.28,223.14,223.19,47.714,1648691759999,10649.58067,110,10.350,2310.09716,0
1648691760000,223.20,223.20,223.07,223.17,27.474,1648691819999,6130.52734,45,2.447,546.06134,0
1648691820000,223.18,223.20,223.00,223.02,52.802,1648691879999,11778.67778,108,16.490,3679.51364,0
1648691880000,223.06,223.20,223.06,223.15,30.222,1648691939999,6744.45741,46,28.907,6451.10544,0
1648691940000,223.15,223.16,223.09,223.11,16.895,1648691999999,3769.84614,57,0.948,211.52226,0
1648692000000,223.11,223.23,223.08,223.13,28.357,1648692059999,6328.46539,77,3.757,838.46108,0
1648692060000,223.12,223.24,223.10,223.11,36.492,1648692119999,8144.38223,80,20.424,4558.39070,0
1648692120000,223.12,223.24,223.09,223.20,108.963,1648692179999,24319.41812,101,62.817,14020.27363,0
1648692180000,223.18,223.23,222.64,222.69,36.891,1648692239999,8221.07864,107,7.158,1595.28107,0
1648692240000,222.69,222.83,222.67,222.77,24.642,1648692299999,5488.72697,50,7.167,1596.45747,0
1648692300000,222.82,222.82,222.75,222.76,52.137,1648692359999,11615.62803,69,3.649,812.94943,0
1648692360000,222.77,222.80,222.69,222.70,23.042,1648692419999,5132.24753,58,4.795,1067.99126,0
1648692420000,222.70,222.83,222.70,222.78,43.001,1648692479999,9580.31499,59,23.867,5316.94733,0
1648692480000,222.78,222.78,222.74,222.74,8.055,1648692539999,1794.46440,40,0.755,168.19513,0
1648692540000,222.76,222.79,222.70,222.72,19.631,1648692599999,4372.77364,40,9.531,2122.90214,0
1648692600000,222.72,222.77,222.72,222.75,25.476,1648692659999,5674.39051,31,20.845,4642.86368,0
1648692660000,222.75,222.75,222.71,222.75,18.971,1648692719999,4225.64000,41,2.936,653.91900,0
1648692720000,222.75,222.79,222.75,222.78,6.002,1648692779999,1337.09509,32,4.211,938.11915,0
1648692780000,222.78,223.01,222.78,222.94,28.232,1648692839999,6290.95693,40,25.241,5624.44292,0
1648692840000,222.91,223.02,222.82,222.86,33.345,1648692899999,7433.40688,52,3.903,869.72470,0
1648692900000,222.86,222.91,222.74,222.88,85.632,1648692959999,19083.62928,111,18.738,4175.54140,0
1648692960000,222.88,223.15,222.84,223.13,63.874,1648693019999,14241.69661,86,46.966,10472.31974,0
1648693020000,223.14,223.14,222.98,222.98,25.489,1648693079999,5685.19691,41,9.611,2143.35270,0
1648693080000,222.98,222.98,222.84,222.87,14.082,1648693139999,3139.26596,43,3.522,784.91225,0
1648693140000,222.85,222.85,222.71,222.80,23.997,1648693199999,5345.42654,59,10.525,2344.42547,0
1648693200000,222.80,222.80,222.65,222.73,49.376,1648693259999,10996.56413,55,25.206,5613.65442,0
1648693260000,222.73,222.83,222.69,222.79,40.222,1648693319999,8960.58793,53,4.476,996.93550,0
1648693320000,222.78,222.86,222.78,222.85,11.070,1648693379999,2466.52194,29,5.061,1127.73324,0
1648693380000,222.84,222.90,222.84,222.89,19.420,1648693439999,4328.20229,47,16.248,3621.21993,0
1648693440000,222.89,222.89,222.84,222.84,12.001,1648693499999,2674.69589,21,0.131,29.19466,0
1648693500000,222.84,223.13,222.84,222.93,107.655,1648693559999,24004.08625,70,87.145,19429.46813,0
1648693560000,222.85,222.90,222.85,222.90,6.454,1648693619999,1438.47500,25,2.388,532.24216,0
1648693620000,222.91,222.99,222.71,222.75,74.137,1648693679999,16525.45281,91,35.133,7831.45171,0
1648693680000,222.75,222.82,222.69,222.72,22.780,1648693739999,5074.13439,43,5.660,1260.59817,0
1648693740000,222.74,222.75,222.62,222.63,22.463,1648693799999,5002.40747,58,7.165,1595.41230,0
1648693800000,222.67,222.83,222.50,222.51,45.705,1648693859999,10179.19891,78,13.684,3047.36186,0
1648693860000,222.51,222.52,222.40,222.40,42.473,1648693919999,9449.51412,82,9.134,2032.15645,0
1648693920000,222.39,222.49,222.35,222.36,74.808,1648693979999,16637.58600,68,39.333,8747.33238,0
1648693980000,222.35,222.38,222.20,222.21,11.311,1648694039999,2514.69195,41,2.202,489.49226,0
1648694040000,222.21,222.32,222.21,222.25,13.261,1648694099999,2947.38529,33,8.234,1830.01115,0
1648694100000,222.23,222.23,221.86,221.88,162.206,1648694159999,36015.60104,100,6.578,1460.39060,0
1648694160000,221.87,222.11,221.80,222.06,26.779,1648694219999,5942.36610,47,11.543,2561.93488,0
1648694220000,222.06,222.55,222.05,222.55,166.133,1648694279999,36924.19725,156,117.411,26099.05002,0
1648694280000,222.55,222.62,222.45,222.45,18.572,1648694339999,4133.00918,37,3.071,683.57531,0
1648694340000,222.45,222.47,222.40,222.40,24.989,1648694399999,5558.43316,39,14.431,3210.08165,0
1648694400000,222.41,222.49,222.38,222.49,8.133,1648694459999,1809.17643,33,2.691,598.64540,0
1648694460000,222.46,222.48,222.46,222.47,1.015,1648694519999,225.80267,12,0.285,63.40553,0
1648694520000,222.47,222.55,222.42,222.42,77.866,1648694579999,17323.05584,59,11.074,2463.91293,0
1648694580000,222.42,222.45,222.35,222.35,21.827,1648694639999,4854.49810,26,1.585,352.55345,0
1648694640000,222.36,222.36,222.23,222.27,11.825,1648694699999,2628.61482,43,5.477,1217.34454,0
1648694700000,222.30,222.32,222.19,222.19,24.959,1648694759999,5546.64314,35,1.405,312.28627,0
1648694760000,222.13,222.17,221.94,222.16,57.155,1648694819999,12689.36633,54,14.517,3223.83598,0
1648694820000,222.16,222.40,222.16,222.37,27.764,1648694879999,6170.37958,32,23.171,5149.49678,0
1648694880000,222.36,222.39,222.17,222.17,30.419,1648694939999,6763.62199,55,8.993,1998.84110,0
1648694940000,222.22,222.25,222.13,222.13,11.881,1648694999999,2639.85613,28,4.317,959.18823,0
1648695000000,221.98,223.15,221.98,223.04,1265.921,1648695059999,281763.20033,546,1140.372,253803.42357,0
1648695060000,223.04,223.04,222.63,222.65,211.061,1648695119999,47052.23167,145,45.349,10110.06213,0
1648695120000,222.64,222.64,222.41,222.56,93.282,1648695179999,20758.82436,89,12.417,2763.23035,0
1648695180000,222.56,222.64,222.56,222.60,15.745,1648695239999,3504.84722,33,12.295,2736.92968,0
1648695240000,222.65,222.70,222.65,222.65,9.953,1648695299999,2216.12421,19,5.821,1296.04565,0
1648695300000,222.65,222.75,222.57,222.61,92.362,1648695359999,20559.81363,58,5.068,1128.44096,0
1648695360000,222.59,222.61,222.45,222.53,101.186,1648695419999,22519.82329,35,9.440,2100.44461,0
1648695420000,222.54,222.56,222.51,222.55,25.158,1648695479999,5598.76501,49,22.109,4920.28175,0
1648695480000,222.64,222.69,222.54,222.54,20.255,1648695539999,4509.41707,51,1.096,244.05828,0
1648695540000,222.55,222.77,222.43,222.75,153.256,1648695599999,34112.49600,150,90.939,20241.24107,0
1648695600000,222.71,222.71,222.53,222.55,62.078,1648695659999,13818.29494,78,24.610,5478.13556,0
1648695660000,222.53,222.53,222.46,222.50,14.000,1648695719999,3115.09772,31,2.654,590.45534,0
1648695720000,222.51,222.65,222.51,222.62,75.987,1648695779999,16915.59379,58,57.882,12885.16957,0
1648695780000,222.62,222.62,222.46,222.48,105.424,1648695839999,23459.21424,85,59.166,13164.27477,0
1648695840000,222.48,222.59,222.32,222.45,121.669,1648695899999,27068.70615,143,85.959,19124.64363,0
1648695900000,222.37,222.40,221.89,221.89,134.137,1648695959999,29814.32103,145,43.197,9603.85653,0
1648695960000,221.89,221.89,221.70,221.78,72.186,1648696019999,16008.65782,92,15.486,3434.40807,0
1648696020000,221.79,221.96,221.72,221.85,260.000,1648696079999,57675.15737,151,53.126,11785.13962,0
1648696080000,221.85,221.98,221.82,221.84,84.062,1648696139999,18653.55621,84,26.311,5838.63804,0
1648696140000,221.83,222.05,221.83,222.03,18.938,1648696199999,4202.03997,50,12.657,2808.54037,0
1648696200000,222.05,222.08,222.05,222.06,14.134,1648696259999,3138.61719,33,1.868,414.80985,0
1648696260000,222.06,222.13,221.88,222.13,18.920,1648696319999,4200.81840,49,5.083,1128.56197,0
1648696320000,222.12,222.30,222.12,222.30,33.139,1648696379999,7364.10734,55,27.036,6007.93689,0
1648696380000,222.30,222.62,222.30,222.61,111.092,1648696439999,24714.94353,104,90.059,20033.87822,0
1648696440000,222.56,222.68,222.53,222.53,25.524,1648696499999,5681.97492,63,7.265,1617.59363,0
1648696500000,222.53,222.67,222.53,222.67,11.990,1648696559999,2669.14707,45,4.768,1061.48314,0
1648696560000,222.68,222.86,222.57,222.75,33.596,1648696619999,7482.61035,91,10.143,2259.51308,0
1648696620000,222.73,222.95,222.61,222.93,56.760,1648696679999,12643.46221,97,39.668,8837.14694,0
1648696680000,222.94,222.94,222.82,222.85,40.963,1648696739999,9130.16667,75,4.636,1033.14186,0
1648696740000,222.84,222.99,222.79,222.91,92.191,1648696799999,20549.89282,98,77.489,17273.51633,0
1648696800000,222.86,223.00,222.85,222.94,43.706,1648696859999,9743.30458,104,16.461,3669.51308,0
1648696860000,222.94,223.08,222.94,222.94,45.425,1648696919999,10131.04411,91,11.041,2462.42274,0
1648696920000,222.94,222.98,222.74,222.77,128.407,1648696979999,28616.53852,115,23.491,5234.53933,0
1648696980000,222.81,223.06,222.79,223.06,19.507,1648697039999,4348.06877,42,12.337,2749.84034,0
1648697040000,223.02,223.25,222.95,223.19,187.274,1648697099999,41793.45749,106,180.008,40172.37483,0
1648697100000,223.19,223.29,223.18,223.22,26.860,1648697159999,5995.86701,45,16.205,3617.20648,0
1648697160000,223.24,223.27,222.53,222.80,703.717,1648697219999,156869.95122,277,84.052,18723.73626,0
1648697220000,222.82,222.82,222.33,222.33,158.529,1648697279999,35281.82651,137,21.371,4758.57963,0
1648697280000,222.33,222.54,222.24,222.44,142.715,1648697339999,31733.49542,123,115.756,25740.08183,0
1648697340000,222.44,222.44,221.90,222.09,862.045,1648697399999,191537.85220,419,449.484,99873.46259,0
1648697400000,222.07,222.10,221.88,221.88,59.162,1648697459999,13132.23471,96,25.868,5741.25042,0
1648697460000,221.88,221.89,221.64,221.84,113.814,1648697519999,25240.02611,136,57.672,12790.53220,0
1648697520000,221.83,221.91,221.36,221.58,206.630,1648697579999,45788.92960,161,52.113,11549.51616,0
1648697580000,221.62,221.70,221.57,221.57,29.378,1648697639999,6510.67614,36,17.304,3835.07624,0
1648697640000,221.57,221.57,221.25,221.33,90.081,1648697699999,19939.93655,131,50.073,11081.61049,0
1648697700000,221.33,221.40,221.24,221.24,41.162,1648697759999,9111.12034,63,28.743,6362.71927,0
1648697760000,221.22,221.51,221.22,221.33,135.782,1648697819999,30063.18845,87,115.251,25517.60500,0
1648697820000,221.30,221.50,221.30,221.45,9.334,1648697879999,2067.03001,23,4.669,1033.82246,0
1648697880000,221.45,221.49,221.45,221.49,9.866,1648697939999,2184.84475,13,1.813,401.50698,0
1648697940000,221.49,221.49,221.42,221.45,36.124,1648697999999,8000.56062,38,5.913,1309.55788,0
1648698000000,221.37,221.55,221.37,221.55,12.694,1648698059999,2811.33191,38,9.002,1993.76613,0
1648698060000,221.55,221.61,221.14,221.36,213.439,1648698119999,47246.67523,154,44.943,9945.56870,0
1648698120000,221.34,221.34,221.16,221.33,18.670,1648698179999,4130.94048,40,8.698,1924.61890,0
1648698180000,221.32,221.40,221.22,221.31,20.736,1648698239999,4588.53802,37,12.379,2739.54111,0
1648698240000,221.33,221.36,221.25,221.29,16.347,1648698299999,3617.79092,46,7.621,1686.55285,0
1648698300000,221.28,221.43,221.27,221.43,17.408,1648698359999,3853.41201,31,14.142,3130.46132,0
1648698360000,221.43,221.51,221.40,221.50,25.914,1648698419999,5738.70057,48,8.363,1851.98951,0
1648698420000,221.51,221.72,221.45,221.45,81.863,1648698479999,18142.07811,57,53.755,11912.16373,0
1648698480000,221.45,221.58,221.32,221.32,31.306,1648698539999,6932.88506,58,7.966,1764.58818,0
1648698540000,221.33,221.33,221.12,221.12,36.501,1648698599999,8074.38053,56,17.884,3955.88974,0
1648698600000,221.13,221.30,221.13,221.22,26.982,1648698659999,5969.95115,32,21.654,4790.98426,0
1648698660000,221.16,221.34,221.09,221.17,196.542,1648698719999,43479.19684,120,133.246,29480.74433,0
1648698720000,221.18,221.23,220.82,220.87,121.803,1648698779999,26919.73852,123,29.265,6468.50485,0
1648698780000,220.87,220.87,220.72,220.82,51.201,1648698839999,11303.95618,75,19.804,4372.43016,0
1648698840000,220.83,220.87,220.76,220.79,82.463,1648698899999,18208.76035,86,36.941,8157.47680,0
1648698900000,220.79,220.97,220.72,220.91,69.739,1648698959999,15400.84735,83,35.769,7899.30353,0
1648698960000,220.94,220.98,220.77,220.78,30.648,1648699019999,6768.61169,44,4.782,1056.42753,0
1648699020000,220.77,220.77,220.57,220.63,58.953,1648699079999,13006.84903,133,24.390,5381.07267,0
1648699080000,220.63,220.75,220.60,220.71,48.143,1648699139999,10624.29331,50,11.418,2519.36228,0
1648699140000,220.71,221.04,220.70,221.03,43.244,1648699199999,9549.04438,48,33.240,7340.28516,0
1648699200000,221.04,221.13,220.90,221.13,60.385,1648699259999,13345.64539,70,31.197,6894.49274,0
1648699260000,221.13,221.49,221.13,221.38,122.388,1648699319999,27089.71289,102,111.071,24585.05211,0
1648699320000,221.42,221.58,221.21,221.21,70.477,1648699379999,15608.88032,72,34.320,7601.17015,0
1648699380000,221.21,221.33,221.13,221.19,97.853,1648699439999,21643.59260,88,61.499,13603.03033,0
1648699440000,221.16,221.17,220.86,220.88,63.909,1648699499999,14121.70997,71,33.664,7437.41437,0
1648699500000,220.87,221.11,220.87,221.11,36.174,1648699559999,7992.79117,53,33.156,7325.94979,0
1648699560000,221.08,221.13,221.00,221.08,82.364,1648699619999,18206.59813,81,56.102,12401.75975,0
1648699620000,221.08,221.27,220.85,221.26,248.102,1648699679999,54844.06487,147,229.074,50638.26949,0
1648699680000,221.31,221.64,221.29,221.48,144.913,1648699739999,32102.47109,114,88.727,19654.89015,0
1648699740000,221.50,221.68,221.49,221.59,92.869,1648699799999,20575.63056,98,53.929,11947.68298,0
1648699800000,221.60,221.71,221.39,221.49,95.320,1648699859999,21113.33352,63,65.710,14555.00195,0
1648699860000,221.51,221.51,221.29,221.42,52.496,1648699919999,11621.60821,40,15.778,3492.97414,0
1648699920000,221.42,221.62,221.42,221.62,38.969,1648699979999,8629.93834,47,24.673,5463.67245,0
1648699980000,221.62,221.62,221.52,221.62,22.000,1648700039999,4874.44861,37,9.361,2074.18463,0
1648700040000,221.62,221.63,221.44,221.44,27.065,1648700099999,5995.92369,44,0.602,133.40939,0
1648700100000,221.41,221.65,221.41,221.56,84.636,1648700159999,18752.02416,72,43.178,9565.16120,0
1648700160000,221.61,221.63,221.41,221.47,48.590,1648700219999,10759.60254,62,31.414,6956.28351,0
1648700220000,221.47,221.47,221.12,221.17,149.178,1648700279999,33007.68407,128,65.358,14462.47491,0
1648700280000,221.19,221.21,221.11,221.13,33.213,1648700339999,7345.43125,39,25.235,5580.97125,0
1648700340000,221.09,221.14,220.93,221.10,44.904,1648700399999,9926.55753,54,14.791,3269.13577,0
1648700400000,221.11,221.21,221.10,221.21,23.900,1648700459999,5285.86854,30,14.325,3168.12054,0
1648700460000,221.22,221.26,220.92,220.94,79.909,1648700519999,17666.50158,82,32.600,7204.65001,0
1648700520000,220.92,220.92,220.66,220.69,34.673,1648700579999,7652.94371,63,11.931,2633.02589,0
1648700580000,220.68,220.72,220.55,220.59,65.137,1648700639999,14372.95281,67,51.932,11459.57546,0
1648700640000,220.58,220.59,220.49,220.50,51.124,1648700699999,11274.58153,55,25.603,5645.97996,0
1648700700000,220.48,220.48,220.34,220.36,49.291,1648700759999,10865.28223,109,20.725,4568.34833,0
1648700760000,220.39,220.53,220.25,220.46,135.823,1648700819999,29932.11805,137,88.775,19565.59258,0
1648700820000,220.45,220.58,220.29,220.58,67.443,1648700879999,14865.62403,62,47.235,10410.81387,0
1648700880000,220.57,220.58,220.48,220.48,27.167,1648700939999,5990.69165,31,10.416,2296.69513,0
1648700940000,220.46,220.56,220.38,220.45,43.069,1648700999999,9495.91802,67,28.398,6261.73700,0
1648701000000,220.41,220.84,220.31,220.84,68.952,1648701059999,15208.92140,83,50.931,11235.89504,0
1648701060000,220.85,221.00,220.84,220.90,72.330,1648701119999,15979.30377,82,56.679,12521.76252,0
1648701120000,220.90,221.22,220.87,221.07,81.396,1648701179999,17993.27053,75,65.176,14406.16522,0
1648701180000,221.07,221.10,221.02,221.05,29.579,1648701239999,6538.71015,48,6.256,1383.02591,0
1648701240000,221.04,221.18,220.72,220.89,128.603,1648701299999,28412.00974,100,73.457,16223.49833,0
1648701300000,220.87,221.09,220.87,221.09,8.745,1648701359999,1932.53309,27,7.639,1688.08678,0
1648701360000,221.09,221.09,220.70,220.70,29.793,1648701419999,6581.10852,47,19.710,4352.82135,0
1648701420000,220.70,220.81,220.60,220.77,155.469,1648701479999,34313.12115,79,44.946,9919.32808,0
1648701480000,220.78,220.78,220.27,220.29,246.347,1648701539999,54309.29347,173,59.431,13097.82994,0
1648701540000,220.29,220.35,220.23,220.34,37.482,1648701599999,8257.50084,64,29.012,6391.76911,0
1648701600000,220.34,220.53,220.10,220.17,257.809,1648701659999,56779.17177,152,20.266,4466.32247,0
1648701660000,220.19,221.07,220.19,220.52,528.018,1648701719999,116530.17723,317,458.085,101089.67433,0
1648701720000,220.52,220.53,220.30,220.36,22.558,1648701779999,4973.02558,44,14.609,3220.92194,0
1648701780000,220.36,220.41,220.30,220.38,38.457,1648701839999,8474.19729,42,21.400,4715.83640,0
1648701840000,220.42,220.69,220.42,220.69,44.848,1648701899999,9891.45658,74,31.325,6908.14374,0
1648701900000,220.70,220.77,220.65,220.74,16.212,1648701959999,3578.14362,32,4.150,915.92768,0
1648701960000,220.73,220.82,220.61,220.79,52.452,1648702019999,11577.04674,72,29.727,6561.76298,0
1648702020000,220.79,221.07,220.79,221.05,78.254,1648702079999,17287.27480,63,42.869,9469.16042,0
1648702080000,221.03,221.18,221.03,221.15,19.422,1648702139999,4293.75660,30,16.534,3655.21011,0
1648702140000,221.14,221.30,221.14,221.30,27.526,1648702199999,6089.02997,62,15.477,3423.48486,0
1648702200000,221.30,221.34,221.09,221.10,18.550,1648702259999,4104.10885,53,5.044,1116.20946,0
1648702260000,221.08,221.11,221.03,221.06,33.574,1648702319999,7422.20511,53,9.428,2084.55229,0
1648702320000,221.06,221.12,220.99,221.02,48.500,1648702379999,10720.76085,60,23.559,5207.78269,0
1648702380000,221.01,221.20,221.01,221.20,16.773,1648702439999,3708.37108,25,11.447,2530.56245,0
1648702440000,221.17,221.17,221.04,221.04,40.591,1648702499999,8975.33958,46,21.339,4718.42464,0
1648702500000,221.03,221.03,220.89,220.90,24.795,1648702559999,5478.85174,49,5.963,1317.71689,0
1648702560000,220.90,220.96,220.89,220.95,26.950,1648702619999,5953.40377,36,25.784,5695.83079,0
1648702620000,220.95,221.07,220.91,220.96,34.214,1648702679999,7560.30703,73,19.814,4378.10446,0
1648702680000,220.99,221.14,220.93,221.14,69.082,1648702739999,15270.55030,84,48.193,10653.54774,0
1648702740000,221.16,221.28,221.01,221.11,140.666,1648702799999,31107.29786,107,58.894,13023.08179,0
1648702800000,221.11,221.51,221.11,221.43,83.704,1648702859999,18528.75228,125,50.508,11181.87143,0
1648702860000,221.44,221.73,221.36,221.49,341.083,1648702919999,75590.32052,245,242.824,53814.58926,0
1648702920000,221.46,221.48,221.02,221.02,134.251,1648702979999,29705.57631,111,38.091,8428.84200,0
1648702980000,221.03,221.07,220.88,220.88,63.419,1648703039999,14014.34800,72,40.486,8947.12469,0
1648703040000,220.89,221.07,220.56,221.06,269.615,1648703099999,59535.03354,230,144.491,31908.98657,0
1648703100000,221.05,221.72,221.05,221.54,215.542,1648703159999,47751.45848,195,108.861,24115.37462,0
1648703160000,221.55,221.55,221.28,221.36,179.706,1648703219999,39779.02604,85,41.321,9146.21894,0
1648703220000,221.38,221.38,221.03,221.12,104.097,1648703279999,23024.80496,114,56.185,12427.08742,0
1648703280000,221.10,221.19,221.07,221.18,41.315,1648703339999,9135.00272,61,15.222,3365.55872,0
1648703340000,221.19,221.21,221.06,221.21,63.047,1648703399999,13940.95303,82,24.273,5367.12523,0
1648703400000,221.18,221.38,221.18,221.38,64.667,1648703459999,14310.00107,96,40.037,8860.49874,0
1648703460000,221.40,221.42,221.07,221.11,53.435,1648703519999,11821.24347,97,27.809,6151.17006,0
1648703520000,221.11,221.11,220.77,220.99,101.556,1648703579999,22434.64748,124,33.954,7500.52349,0
1648703580000,220.92,220.92,220.74,220.92,24.316,1648703639999,5369.22393,37,9.048,1998.05275,0
1648703640000,220.92,220.92,220.61,220.74,141.093,1648703699999,31146.36382,131,37.225,8218.05030,0
1648703700000,220.71,220.88,220.70,220.72,106.793,1648703759999,23579.96789,96,55.785,12317.01547,0
1648703760000,220.73,220.81,220.69,220.69,52.472,1648703819999,11583.09002,65,31.608,6977.35392,0
1648703820000,220.59,220.67,220.30,220.30,116.875,1648703879999,25763.34624,123,29.367,6475.32750,0
1648703880000,220.30,220.36,220.23,220.34,41.698,1648703939999,9185.70976,52,27.060,5961.20559,0
1648703940000,220.33,220.41,220.29,220.41,34.592,1648703999999,7622.70111,47,30.955,6821.36547,0
1648704000000,220.35,220.59,220.35,220.44,12.380,1648704059999,2729.19374,54,3.495,770.43660,0
1648704060000,220.45,220.59,220.40,220.55,61.121,1648704119999,13477.67219,66,54.886,12103.20577,0
1648704120000,220.56,220.61,220.46,220.54,60.389,1648704179999,13317.66539,50,22.390,4937.78966,0
1648704180000,220.54,220.80,220.54,220.75,104.018,1648704239999,22953.98595,63,77.978,17205.92609,0
1648704240000,220.79,220.93,220.68,220.93,140.785,1648704299999,31083.25845,127,61.752,13635.23870,0
1648704300000,220.94,220.96,220.88,220.91,62.225,1648704359999,13746.44486,40,12.562,2775.32967,0
1648704360000,220.92,220.97,220.80,220.92,55.487,1648704419999,12254.12077,46,35.867,7920.58696,0
1648704420000,220.88,221.05,220.87,220.97,88.297,1648704479999,19512.44332,89,38.259,8454.47839,0
1648704480000,221.03,221.26,221.03,221.21,120.688,1648704539999,26694.40234,104,84.039,18587.74638,0
1648704540000,221.21,221.27,220.99,220.99,98.024,1648704599999,21681.57445,94,29.235,6467.93127,0
1648704600000,220.99,221.11,220.99,221.05,66.756,1648704659999,14755.20517,59,33.553,7415.49418,0
1648704660000,221.06,221.13,220.95,221.09,55.414,1648704719999,12247.93188,67,41.320,9132.94142,0
1648704720000,221.05,221.20,221.05,221.17,78.406,1648704779999,17338.05474,65,36.432,8055.22122,0
1648704780000,221.16,221.17,221.01,221.06,113.988,1648704839999,25201.77471,103,56.749,12548.03656,0
1648704840000,221.02,221.15,220.42,220.49,367.281,1648704899999,81069.70942,246,52.409,11563.75128,0
1648704900000,220.50,220.76,220.45,220.72,124.465,1648704959999,27451.50548,98,100.375,22138.53772,0
1648704960000,220.74,220.77,220.67,220.71,60.611,1648705019999,13378.19168,73,29.352,6478.97385,0
1648705020000,220.76,220.78,220.59,220.69,93.648,1648705079999,20668.60356,72,58.346,12878.73800,0
1648705080000,220.68,221.04,220.68,221.04,64.886,1648705139999,14326.36387,65,45.723,10095.87689,0
1648705140000,221.03,221.03,220.81,220.91,187.570,1648705199999,41433.01378,71,141.587,31276.08047,0
1648705200000,220.91,221.11,220.91,221.03,126.821,1648705259999,28028.31875,77,42.154,9315.36352,0
1648705260000,221.02,221.02,220.81,220.81,16.556,1648705319999,3658.07251,51,2.815,622.15121,0
1648705320000,220.81,220.93,220.81,220.89,60.923,1648705379999,13454.31176,63,45.825,10119.63397,0
1648705380000,220.89,221.10,220.89,220.97,27.629,1648705439999,6106.22679,53,11.601,2563.47572,0
1648705440000,220.98,221.10,220.74,220.82,147.320,1648705499999,32548.63871,135,88.951,19653.79843,0
1648705500000,220.80,220.88,220.71,220.78,112.722,1648705559999,24887.16337,112,29.586,6532.95558,0
1648705560000,220.79,220.82,220.67,220.67,84.293,1648705619999,18605.42284,70,64.446,14224.18952,0
1648705620000,220.72,220.85,220.72,220.83,13.454,1648705679999,2969.99685,20,10.900,2405.99703,0
1648705680000,220.84,220.88,220.78,220.79,23.877,1648705739999,5272.63055,37,7.818,1726.50216,0
1648705740000,220.78,220.79,220.65,220.77,119.325,1648705799999,26339.73742,49,34.709,7659.55015,0
1648705800000,220.76,220.77,220.57,220.63,49.109,1648705859999,10834.72611,69,36.380,8026.52266,0
1648705860000,220.63,220.66,220.37,220.45,89.223,1648705919999,19674.35252,85,55.899,12326.12971,0
1648705920000,220.39,220.44,220.39,220.44,5.551,1648705979999,1223.44418,13,5.051,1113.23388,0
1648705980000,220.44,220.73,220.41,220.67,135.564,1648706039999,29895.85895,91,122.448,27002.10300,0
1648706040000,220.69,220.86,220.69,220.86,48.746,1648706099999,10763.10349,37,40.870,9024.16864,0
1648706100000,220.81,220.87,220.79,220.84,96.317,1648706159999,21270.08120,72,27.323,6034.01052,0
1648706160000,220.83,220.93,220.83,220.84,65.669,1648706219999,14504.63205,54,46.314,10229.49882,0
1648706220000,220.85,221.38,220.70,221.37,287.132,1648706279999,63468.61263,217,240.131,53078.14317,0
1648706280000,221.38,221.39,221.13,221.13,130.992,1648706339999,28992.96952,103,32.777,7255.29776,0
1648706340000,221.12,221.13,220.97,221.07,150.143,1648706399999,33192.73080,120,70.861,15664.85426,0
1648706400000,221.07,221.07,220.40,220.46,406.791,1648706459999,89805.47619,299,120.469,26592.32907,0
1648706460000,220.45,220.50,219.95,220.03,1125.447,1648706519999,247834.24219,590,275.992,60774.90596,0
1648706520000,220.05,220.32,219.89,219.92,390.844,1648706579999,86015.40060,261,176.956,38937.45031,0
1648706580000,219.94,220.03,219.85,219.93,179.081,1648706639999,39391.26712,140,64.527,14192.94633,0
1648706640000,219.94,220.06,219.92,220.01,110.929,1648706699999,24402.71419,112,61.484,13526.03094,0
1648706700000,220.05,220.16,220.01,220.01,164.691,1648706759999,36248.70844,113,95.986,21127.87279,0
1648706760000,220.02,220.14,220.01,220.04,41.639,1648706819999,9164.19246,90,26.637,5862.59667,0
1648706820000,220.05,220.16,220.00,220.01,82.936,1648706879999,18251.39839,78,25.906,5701.31521,0
1648706880000,220.01,220.01,219.91,219.93,63.807,1648706939999,14035.47385,66,25.933,5703.77294,0
1648706940000,219.93,220.16,219.91,220.06,91.351,1648706999999,20100.65130,91,55.569,12229.90420,0
1648707000000,220.10,220.13,220.01,220.12,93.144,1648707059999,20496.66464,63,65.480,14407.78262,0
1648707060000,220.11,220.12,220.02,220.11,32.464,1648707119999,7144.22715,54,14.497,3189.98540,0
1648707120000,220.10,220.11,220.01,220.02,14.928,1648707179999,3284.66376,48,11.281,2482.12320,0
1648707180000,220.02,220.14,220.02,220.11,36.995,1648707239999,8141.89854,64,12.041,2649.73705,0
1648707240000,220.11,220.19,219.59,219.65,375.071,1648707299999,82470.29015,307,169.701,37322.44161,0
1648707300000,219.65,219.82,219.62,219.74,112.692,1648707359999,24760.18268,88,76.254,16755.85547,0
1648707360000,219.74,219.86,219.69,219.84,107.924,1648707419999,23719.32490,109,61.905,13606.55267,0
1648707420000,219.81,219.82,219.55,219.74,223.070,1648707479999,48998.77146,137,73.016,16035.35944,0
1648707480000,219.71,219.79,219.66,219.73,22.217,1648707539999,4881.71941,38,13.815,3035.69333,0
1648707540000,219.72,219.81,219.68,219.77,59.811,1648707599999,13142.36511,62,15.503,3406.40455,0
1648707600000,219.76,219.85,219.76,219.83,25.896,1648707659999,5692.39597,31,11.561,2541.36759,0
1648707660000,219.82,219.97,219.82,219.94,91.042,1648707719999,20018.51919,63,75.135,16521.00503,0
1648707720000,219.90,219.90,219.64,219.64,68.153,1648707779999,14979.69990,59,8.008,1760.77638,0
1648707780000,219.64,219.71,219.64,219.70,14.043,1648707839999,3084.88450,30,11.892,2612.31750,0
1648707840000,219.70,219.85,219.70,219.78,19.117,1648707899999,4201.32173,43,14.272,3136.58587,0
1648707900000,219.79,219.83,219.76,219.81,15.154,1648707959999,3330.72718,52,10.902,2396.14375,0
1648707960000,219.82,219.92,219.71,219.71,71.862,1648708019999,15797.35788,82,23.553,5178.53618,0
1648708020000,219.72,219.80,219.67,219.67,70.888,1648708079999,15574.90176,77,34.831,7653.11875,0
1648708080000,219.68,219.69,219.61,219.67,24.442,1648708139999,5368.46643,47,13.831,3037.74681,0
1648708140000,219.67,219.69,219.60,219.61,55.098,1648708199999,12100.82255,81,17.259,3790.27987,0
1648708200000,219.62,219.70,219.60,219.63,16.522,1648708259999,3628.70557,47,9.266,2034.98061,0
1648708260000,219.64,219.78,219.64,219.74,35.539,1648708319999,7808.87486,82,20.762,4562.23199,0
1648708320000,219.75,219.94,219.74,219.82,124.106,1648708379999,27285.16211,84,101.084,22223.98781,0
1648708380000,219.82,219.90,219.80,219.87,13.744,1648708439999,3021.30305,33,8.603,1891.17128,0
1648708440000,219.87,219.87,219.56,219.65,92.240,1648708499999,20266.47505,134,23.544,5171.64383,0
1648708500000,219.63,219.75,219.63,219.71,44.356,1648708559999,9743.79641,47,12.163,2671.45223,0
1648708560000,219.71,219.82,219.71,219.77,30.755,1648708619999,6759.03209,54,13.727,3016.67586,0
1648708620000,219.80,219.84,219.77,219.78,147.420,1648708679999,32402.38966,51,63.464,13948.41003,0
1648708680000,219.80,219.85,219.78,219.85,12.539,1648708739999,2756.10961,18,9.076,1994.99071,0
1648708740000,219.85,219.87,219.80,219.82,16.533,1648708799999,3634.70588,34,6.799,1494.71804,0
1648708800000,219.83,220.05,219.83,219.93,80.749,1648708859999,17760.72990,79,55.298,12162.98616,0
1648708860000,219.92,219.97,219.90,219.97,51.102,1648708919999,11238.77846,34,15.724,3458.23694,0
1648708920000,219.98,220.15,219.98,220.12,228.692,1648708979999,50332.35937,105,208.486,45885.97716,0
1648708980000,220.11,220.12,219.93,220.01,93.045,1648709039999,20468.40302,76,28.166,6196.13481,0
1648709040000,219.97,220.04,219.90,219.91,83.159,1648709099999,18291.25488,81,19.623,4317.14896,0
1648709100000,219.92,220.03,219.91,219.96,43.471,1648709159999,9562.28609,58,6.514,1432.71382,0
1648709160000,219.96,220.03,219.80,219.80,55.309,1648709219999,12163.19670,60,32.191,7079.63181,0
1648709220000,219.81,219.93,219.81,219.84,50.289,1648709279999,11054.35840,33,47.716,10488.54502,0
1648709280000,219.85,219.94,219.85,219.94,36.796,1648709339999,8091.65592,41,24.941,5484.66748,0
1648709340000,219.94,220.03,219.92,220.03,8.321,1648709399999,1830.07292,29,7.604,1672.35937,0
1648709400000,220.03,220.06,219.99,220.04,25.130,1648709459999,5529.12257,47,7.332,1613.37871,0
1648709460000,220.02,220.02,219.96,219.99,5.739,1648709519999,1262.55069,27,3.796,835.10620,0
1648709520000,219.99,220.49,219.95,220.29,397.093,1648709579999,87469.74044,306,316.900,69798.04287,0
1648709580000,220.28,220.45,220.22,220.32,152.228,1648709639999,33538.79241,136,64.700,14257.26412,0
1648709640000,220.27,220.34,220.22,220.24,47.983,1648709699999,10568.48383,56,12.547,2764.08272,0
1648709700000,220.30,220.30,220.04,220.14,77.433,1648709759999,17046.63573,59,28.393,6250.24526,0
1648709760000,220.16,220.18,219.98,220.05,43.711,1648709819999,9618.84825,49,18.058,3973.90557,0
1648709820000,220.01,220.16,219.96,220.13,53.154,1648709879999,11696.24554,51,36.159,7955.95396,0
1648709880000,220.10,220.18,220.09,220.13,113.319,1648709939999,24941.84385,44,110.265,24269.55761,0
1648709940000,220.13,220.18,220.13,220.16,28.484,1648709999999,6270.45915,31,17.978,3957.75033,0
1648710000000,220.17,220.22,220.05,220.16,62.577,1648710059999,13774.21804,64,6.497,1429.96052,0
1648710060000,220.15,220.15,220.04,220.05,54.465,1648710119999,11988.53231,62,16.606,3655.15651,0
1648710120000,220.04,220.04,219.90,219.91,224.315,1648710179999,49348.15955,82,55.374,12179.31954,0
1648710180000,219.91,219.97,219.81,219.94,130.809,1648710239999,28761.76697,64,27.347,6014.31360,0
1648710240000,219.94,220.00,219.94,219.96,33.027,1648710299999,7265.08910,99,24.937,5485.49784,0
1648710300000,219.96,219.99,219.96,219.99,47.991,1648710359999,10557.45454,45,2.657,584.49661,0
1648710360000,219.98,220.19,219.65,219.78,226.023,1648710419999,49697.14207,201,68.293,15017.70125,0
1648710420000,219.78,219.79,219.48,219.70,111.997,1648710479999,24594.18737,159,49.813,10938.42146,0
1648710480000,219.71,219.83,219.70,219.78,37.772,1648710539999,8301.26914,54,37.258,8188.34138,0
1648710540000,219.78,219.84,219.67,219.68,69.223,1648710599999,15213.70359,67,51.447,11307.50799,0
1648710600000,219.68,219.68,219.59,219.61,38.278,1648710659999,8406.95245,69,17.134,3763.11721,0
1648710660000,219.61,219.71,219.54,219.59,59.121,1648710719999,12984.64030,66,21.598,4743.94163,0
1648710720000,219.65,219.71,219.59,219.69,11.977,1648710779999,2630.52055,30,6.733,1478.87412,0
1648710780000,219.69,219.71,219.64,219.71,12.050,1648710839999,2646.80440,25,8.529,1873.35955,0
1648710840000,219.69,219.80,219.69,219.75,15.606,1648710899999,3429.34252,31,6.133,1347.64077,0
1648710900000,219.75,219.91,219.75,219.91,17.563,1648710959999,3860.97081,36,13.563,2981.46433,0
1648710960000,219.91,219.96,219.89,219.89,38.974,1648711019999,8571.03206,61,20.914,4599.50339,0
1648711020000,219.89,219.89,219.84,219.84,4.854,1648711079999,1067.28432,17,0.591,129.93135,0
1648711080000,219.84,219.85,219.82,219.84,9.133,1648711139999,2007.78343,23,5.446,1197.25039,0
1648711140000,219.90,219.93,219.80,219.80,21.314,1648711199999,4686.25596,36,6.416,1410.66433,0
1648711200000,219.81,219.82,219.71,219.71,15.640,1648711259999,3437.30488,56,4.455,979.25422,0
1648711260000,219.68,219.71,219.54,219.54,61.599,1648711319999,13526.44024,105,16.960,3724.70195,0
1648711320000,219.55,219.55,219.44,219.47,61.382,1648711379999,13473.15503,88,31.206,6849.07341,0
1648711380000,219.47,219.48,219.25,219.30,153.421,1648711439999,33651.58279,158,34.253,7515.29018,0
1648711440000,219.26,219.70,219.17,219.32,299.927,1648711499999,65796.92622,211,165.659,36345.32877,0
1648711500000,219.32,219.52,219.28,219.49,63.072,1648711559999,13836.84832,88,46.566,10216.28301,0
1648711560000,219.51,219.51,219.05,219.15,436.184,1648711619999,95627.50705,222,74.362,16296.91785,0
1648711620000,219.15,219.37,219.14,219.27,158.631,1648711679999,34780.17169,136,122.792,26923.60864,0
1648711680000,219.30,219.30,219.00,219.13,212.781,1648711739999,46621.63821,186,53.263,11667.27921,0
1648711740000,219.13,219.16,219.08,219.14,25.117,1648711799999,5503.82831,42,2.814,616.60502,0
1648711800000,219.14,219.40,219.14,219.21,156.772,1648711859999,34375.26243,153,93.874,20583.84878,0
1648711860000,219.28,219.28,219.08,219.22,45.163,1648711919999,9898.19290,102,26.009,5699.73846,0
1648711920000,219.29,219.29,218.90,218.98,277.777,1648711979999,60835.02117,164,42.947,9405.89277,0
1648711980000,218.94,218.94,218.12,218.53,1114.473,1648712039999,243520.88788,831,249.937,54604.86503,0
1648712040000,218.51,218.89,218.49,218.84,314.735,1648712099999,68819.76495,239,189.620,41466.32596,0
1648712100000,218.80,219.04,218.77,218.99,285.323,1648712159999,62456.70007,178,180.188,39448.79926,0
1648712160000,219.01,219.17,219.00,219.11,45.322,1648712219999,9929.90416,64,27.204,5959.94070,0
1648712220000,219.11,219.11,219.05,219.06,5.152,1648712279999,1128.68449,27,1.980,433.76769,0
1648712280000,219.05,219.31,219.05,219.24,228.856,1648712339999,50170.18118,93,220.528,48344.35620,0
1648712340000,219.21,219.21,219.07,219.10,124.256,1648712399999,27227.49208,131,26.863,5886.78951,0
1648712400000,219.11,219.18,219.06,219.13,179.622,1648712459999,39350.48478,87,16.688,3656.91346,0
1648712460000,219.13,219.19,219.07,219.09,49.151,1648712519999,10770.58785,74,30.424,6666.93997,0
1648712520000,219.12,219.30,219.10,219.18,160.641,1648712579999,35216.03507,126,128.237,28114.19415,0
1648712580000,219.23,219.24,219.09,219.22,66.839,1648712639999,14649.83077,67,37.439,8206.41745,0
1648712640000,219.18,219.21,219.06,219.19,158.235,1648712699999,34669.20628,89,47.131,10328.93926,0
1648712700000,219.19,219.24,219.13,219.21,61.647,1648712759999,13512.74829,98,31.968,7007.55150,0
1648712760000,219.20,219.24,219.13,219.13,42.587,1648712819999,9334.53739,71,24.277,5321.25467,0
1648712820000,219.13,219.25,219.13,219.24,39.534,1648712879999,8665.36262,49,34.537,7569.94392,0
1648712880000,219.23,219.41,219.23,219.41,50.887,1648712939999,11160.77787,53,45.911,10069.50722,0
1648712940000,219.41,219.45,219.38,219.45,34.080,1648712999999,7477.48759,50,8.075,1771.74271,0
1648713000000,219.44,219.56,219.43,219.53,83.446,1648713059999,18315.29424,93,46.572,10221.56481,0
1648713060000,219.52,219.86,219.49,219.80,305.642,1648713119999,67163.52786,130,286.236,62899.89232,0
1648713120000,219.79,219.96,219.71,219.75,273.511,1648713179999,60130.48015,157,209.467,46056.07227,0
1648713180000,219.75,219.83,219.67,219.81,114.007,1648713239999,25052.73269,90,52.706,11584.09924,0
1648713240000,219.78,219.82,219.70,219.80,27.576,1648713299999,6059.85319,47,11.457,2517.87305,0
1648713300000,219.79,219.89,219.75,219.84,43.152,1648713359999,9485.23391,65,19.508,4288.41972,0
1648713360000,219.83,219.89,219.80,219.84,26.971,1648713419999,5929.13608,43,18.653,4100.58506,0
1648713420000,219.83,219.85,219.77,219.83,50.410,1648713479999,11080.36746,70,22.369,4917.23941,0
1648713480000,219.83,219.84,219.77,219.81,16.238,1648713539999,3569.12634,48,7.928,1742.68263,0
1648713540000,219.81,219.81,219.72,219.72,159.961,1648713599999,35152.81406,95,40.925,8994.12786,0
1648713600000,219.73,219.73,219.08,219.65,196.894,1648713659999,43202.15614,168,68.078,14933.09890,0
1648713660000,219.64,219.88,219.64,219.65,146.704,1648713719999,32238.77129,112,62.622,13763.71902,0
1648713720000,219.65,219.66,219.54,219.65,102.180,1648713779999,22441.67802,96,38.567,8470.80271,0
1648713780000,219.66,220.01,219.63,219.99,111.113,1648713839999,24430.63697,131,96.919,21309.40514,0
1648713840000,219.99,219.99,219.78,219.98,166.492,1648713899999,36609.78815,125,68.268,15009.47224,0
1648713900000,219.94,220.01,219.93,220.01,35.919,1648713959999,7900.41493,59,23.842,5244.09777,0
1648713960000,220.02,220.20,220.02,220.12,299.420,1648714019999,65888.58910,132,243.313,53538.87953,0
1648714020000,220.14,220.26,220.01,220.11,268.429,1648714079999,59088.37776,155,48.615,10703.70622,0
1648714080000,220.11,220.22,220.08,220.14,36.488,1648714139999,8033.08663,83,24.005,5284.93607,0
1648714140000,220.18,220.18,220.00,220.01,84.224,1648714199999,18532.42531,99,18.854,4148.49239,0
1648714200000,220.03,220.37,220.03,220.31,125.071,1648714259999,27547.51790,106,101.263,22305.15903,0
1648714260000,220.32,220.39,220.30,220.39,38.770,1648714319999,8542.85952,59,29.808,6568.27422,0
1648714320000,220.37,220.55,220.37,220.44,107.022,1648714379999,23593.99687,109,55.783,12297.55935,0
1648714380000,220.46,220.48,220.27,220.27,67.201,1648714439999,14810.62046,80,28.729,6331.58126,0
1648714440000,220.25,220.46,220.04,220.18,373.304,1648714499999,82214.63042,222,119.771,26386.56911,0
1648714500000,220.21,220.27,220.15,220.17,42.889,1648714559999,9444.92853,58,20.444,4501.99890,0
1648714560000,220.18,220.34,220.18,220.32,25.488,1648714619999,5614.05401,57,15.937,3509.96915,0
1648714620000,220.33,220.46,220.29,220.32,56.765,1648714679999,12510.31404,65,46.558,10261.09595,0
1648714680000,220.33,220.39,220.27,220.38,49.383,1648714739999,10880.10999,63,19.725,4345.84200,0
1648714740000,220.37,220.38,220.23,220.31,77.865,1648714799999,17151.99746,57,18.346,4041.81358,0
1648714800000,220.33,220.36,220.22,220.26,43.140,1648714859999,9504.20134,48,13.139,2894.45129,0
1648714860000,220.24,220.31,219.72,219.80,388.151,1648714919999,85405.86824,120,28.006,6162.28553,0
1648714920000,219.78,219.79,219.10,219.15,198.919,1648714979999,43627.58274,155,24.647,5409.14960,0
1648714980000,219.17,219.24,218.94,219.05,349.846,1648715039999,76644.06537,202,84.267,18463.85404,0
1648715040000,219.06,219.10,219.00,219.00,40.119,1648715099999,8788.73722,63,17.358,3802.82270,0
1648715100000,218.95,219.22,218.82,219.22,159.656,1648715159999,34971.68552,128,139.884,30642.85552,0
1648715160000,219.16,219.16,218.80,218.82,204.981,1648715219999,44871.49273,135,138.307,30271.08926,0
1648715220000,218.81,218.96,218.79,218.79,180.733,1648715279999,39555.19182,107,134.590,29457.97855,0
1648715280000,218.80,218.92,218.72,218.84,269.685,1648715339999,59004.07171,163,212.468,46486.80225,0
1648715340000,218.83,218.92,218.60,218.60,343.472,1648715399999,75143.17942,176,114.803,25123.43033,0
1648715400000,218.59,218.97,218.59,218.81,398.499,1648715459999,87191.25057,198,355.625,77807.17769,0
1648715460000,218.80,218.80,218.56,218.59,260.233,1648715519999,56892.24048,182,183.476,40110.52388,0
1648715520000,218.60,218.60,218.50,218.50,45.767,1648715579999,10001.77909,73,28.977,6332.76769,0
1648715580000,218.51,218.62,218.47,218.58,127.862,1648715639999,27942.02217,89,93.158,20358.15227,0
1648715640000,218.58,218.76,218.58,218.69,138.140,1648715699999,30207.77247,83,83.853,18335.30716,0
1648715700000,218.66,218.67,218.43,218.43,32.163,1648715759999,7028.87208,51,8.408,1837.68079,0
1648715760000,218.45,218.54,218.42,218.51,193.449,1648715819999,42258.92562,108,168.151,36732.66148,0
1648715820000,218.51,218.51,218.26,218.34,250.896,1648715879999,54786.40148,118,97.895,21372.57837,0
1648715880000,218.34,218.56,218.30,218.54,141.497,1648715939999,30906.20952,91,115.125,25147.37047,0
1648715940000,218.53,218.54,218.34,218.34,64.381,1648715999999,14063.66608,76,26.580,5806.84149,0
1648716000000,218.34,218.36,218.31,218.31,34.243,1648716059999,7476.39134,69,19.048,4158.79372,0
1648716060000,218.31,218.36,218.15,218.28,161.727,1648716119999,35300.68524,167,30.385,6630.94340,0
1648716120000,218.27,218.41,218.12,218.33,179.726,1648716179999,39229.68648,197,117.297,25603.87331,0
1648716180000,218.31,218.65,218.31,218.52,191.270,1648716239999,41798.06480,162,151.687,33149.09700,0
1648716240000,218.51,218.75,218.46,218.69,178.631,1648716299999,39043.49038,141,30.690,6708.02206,0
1648716300000,218.71,218.77,218.56,218.65,73.165,1648716359999,15998.88338,130,15.993,3497.75672,0
1648716360000,218.69,218.89,218.67,218.84,106.424,1648716419999,23286.88029,114,64.830,14187.60014,0
1648716420000,218.84,219.03,218.72,219.01,221.286,1648716479999,48440.12970,119,164.120,35924.55359,0
1648716480000,219.01,219.13,219.00,219.00,141.371,1648716539999,30965.26844,89,45.510,9970.58463,0
1648716540000,219.01,219.03,218.81,218.81,224.928,1648716599999,49253.86765,142,29.935,6554.47611,0
1648716600000,218.81,218.89,218.65,218.72,119.905,1648716659999,26232.66210,122,21.984,4810.08907,0
1648716660000,218.76,218.81,218.62,218.79,85.399,1648716719999,18677.24684,113,49.440,10812.93797,0
1648716720000,218.78,218.83,218.69,218.74,226.887,1648716779999,49634.24701,141,155.857,34097.14343,0
1648716780000,218.74,219.10,218.74,218.94,291.915,1648716839999,63906.38144,212,211.459,46292.19832,0
1648716840000,218.97,219.04,218.83,218.83,229.460,1648716899999,50241.66478,313,94.840,20768.42523,0
1648716900000,218.85,219.02,218.74,218.94,166.745,1648716959999,36502.05388,96,108.427,23738.88337,0
1648716960000,218.91,218.94,218.78,218.79,33.118,1648717019999,7248.17722,76,18.580,4066.45197,0
1648717020000,218.77,219.05,218.77,218.99,130.487,1648717079999,28571.85872,89,107.624,23565.05911,0
1648717080000,218.93,219.06,218.87,219.00,74.982,1648717139999,16420.46330,45,59.443,13017.37223,0
1648717140000,219.01,219.12,218.78,219.06,130.673,1648717199999,28611.46107,87,96.221,21070.39157,0
1648717200000,219.07,219.14,219.01,219.09,38.639,1648717259999,8464.76981,86,12.554,2750.52425,0
1648717260000,219.09,219.12,218.95,218.98,63.490,1648717319999,13907.44784,101,29.698,6505.97924,0
1648717320000,218.95,218.95,218.81,218.86,116.651,1648717379999,25532.46176,85,17.151,3753.76323,0
1648717380000,218.87,218.87,218.58,218.58,93.210,1648717439999,20387.77214,126,43.970,9618.48323,0
1648717440000,218.61,218.61,218.28,218.55,347.813,1648717499999,75974.30896,140,22.421,4896.41396,0
1648717500000,218.59,218.68,218.53,218.64,69.372,1648717559999,15165.22394,87,36.731,8030.10540,0
1648717560000,218.67,218.89,218.63,218.84,152.468,1648717619999,33353.28692,121,86.738,18977.81914,0
1648717620000,218.85,218.88,218.74,218.87,28.982,1648717679999,6340.75724,38,15.633,3420.04632,0
1648717680000,218.80,219.02,218.80,218.98,96.675,1648717739999,21167.33288,63,85.362,18691.00455,0
1648717740000,218.95,218.99,218.86,218.88,45.563,1648717799999,9975.61023,52,31.490,6894.63450,0
1648717800000,218.89,219.01,218.84,218.94,27.293,1648717859999,5974.40869,51,9.848,2155.73294,0
1648717860000,218.95,219.04,218.94,219.03,16.964,1648717919999,3714.57361,36,13.977,3060.31987,0
1648717920000,219.03,219.08,219.00,219.07,43.319,1648717979999,9489.11499,50,28.713,6289.81380,0
1648717980000,219.02,219.02,218.92,218.93,30.245,1648718039999,6623.74554,31,2.452,536.83470,0
1648718040000,218.93,218.98,218.92,218.97,19.137,1648718099999,4189.87847,54,6.198,1356.97311,0
1648718100000,218.95,218.95,218.66,218.74,120.902,1648718159999,26443.11568,73,7.575,1656.92651,0
1648718160000,218.78,218.89,218.69,218.75,145.960,1648718219999,31939.79026,122,119.434,26136.46615,0
1648718220000,218.71,218.79,218.57,218.60,393.595,1648718279999,86062.88027,56,29.773,6512.15512,0
1648718280000,218.61,218.75,218.61,218.63,26.712,1648718339999,5841.48440,50,5.740,1255.00464,0
1648718340000,218.64,218.70,218.61,218.66,38.283,1648718399999,8370.49043,60,13.146,2874.25234,0
1648718400000,218.69,218.73,218.51,218.62,26.477,1648718459999,5788.45079,65,14.266,3119.24409,0
1648718460000,218.63,218.72,218.38,218.61,505.484,1648718519999,110449.09467,114,57.523,12572.72458,0
1648718520000,218.62,218.74,218.62,218.63,22.111,1648718579999,4834.83729,33,12.187,2664.72085,0
1648718580000,218.62,218.70,218.62,218.70,8.280,1648718639999,1810.31235,24,6.032,1318.80760,0
1648718640000,218.68,218.73,218.64,218.73,11.334,1648718699999,2478.71683,32,4.681,1023.70451,0
1648718700000,218.72,218.73,218.65,218.67,22.472,1648718759999,4914.67984,46,16.607,3632.13783,0
1648718760000,218.67,218.67,218.50,218.50,108.796,1648718819999,23779.11126,49,0.372,81.30540,0
1648718820000,218.45,218.54,218.44,218.54,47.705,1648718879999,10422.15848,61,29.490,6442.41530,0
1648718880000,218.55,218.56,218.49,218.50,17.725,1648718939999,3873.01680,24,9.377,2048.89457,0
1648718940000,218.57,218.58,218.44,218.55,37.560,1648718999999,8207.12893,38,10.909,2383.62167,0
1648719000000,218.54,218.55,218.40,218.44,47.188,1648719059999,10308.39909,55,9.977,2179.36195,0
1648719060000,218.45,218.45,218.23,218.28,100.715,1648719119999,21987.51540,96,22.754,4968.14510,0
1648719120000,218.28,218.39,218.25,218.28,56.715,1648719179999,12381.02873,79,46.019,10046.25783,0
1648719180000,218.28,218.33,218.28,218.32,12.706,1648719239999,2773.78489,28,8.667,1892.03228,0
1648719240000,218.31,218.53,218.31,218.49,175.198,1648719299999,38268.19415,79,163.528,35718.49376,0
1648719300000,218.49,218.60,218.49,218.54,13.377,1648719359999,2923.59767,45,6.783,1482.50835,0
1648719360000,218.54,218.54,218.45,218.45,98.664,1648719419999,21557.96451,43,5.443,1189.06585,0
1648719420000,218.44,218.45,218.44,218.45,21.352,1648719479999,4664.19301,31,4.601,1005.08845,0
1648719480000,218.45,218.53,218.43,218.43,129.798,1648719539999,28354.76243,58,19.353,4228.49793,0
1648719540000,218.42,218.45,218.40,218.44,22.469,1648719599999,4907.77818,45,18.966,4142.65245,0
1648719600000,218.42,218.45,218.39,218.44,30.865,1648719659999,6741.33476,42,12.043,2630.53258,0
1648719660000,218.42,218.45,218.40,218.41,22.706,1648719719999,4959.65798,29,7.091,1548.98194,0
1648719720000,218.41,218.44,218.41,218.44,25.796,1648719779999,5634.35610,53,25.729,5619.72129,0
1648719780000,218.44,218.70,218.44,218.69,71.411,1648719839999,15607.15004,74,57.475,12560.99750,0
1648719840000,218.70,218.90,218.60,218.90,48.347,1648719899999,10573.55425,64,39.898,8726.34659,0
1648719900000,218.88,218.95,218.84,218.93,36.066,1648719959999,7895.10791,56,32.432,7099.65509,0
1648719960000,218.93,218.93,218.78,218.80,22.916,1648720019999,5015.17233,45,9.307,2036.88872,0
1648720020000,218.80,218.80,218.56,218.56,13.723,1648720079999,3000.69186,41,3.067,670.57046,0
1648720080000,218.55,218.55,218.52,218.54,48.526,1648720139999,10604.76145,39,17.762,3881.59385,0
1648720140000,218.55,218.79,218.55,218.74,95.141,1648720199999,20803.96003,76,58.633,12818.00616,0
1648720200000,218.75,218.94,218.75,218.82,40.880,1648720259999,8946.22094,60,23.711,5188.30599,0
1648720260000,218.82,218.95,218.60,218.63,63.336,1648720319999,13856.28884,88,23.674,5179.51828,0
1648720320000,218.63,218.76,218.57,218.63,105.402,1648720379999,23044.76620,53,33.708,7370.31531,0
1648720380000,218.65,218.83,218.16,218.36,777.663,1648720439999,169818.32069,373,145.821,31843.16461,0
1648720440000,218.35,218.46,218.27,218.42,134.718,1648720499999,29416.95308,153,64.814,14153.32182,0
1648720500000,218.42,218.74,218.42,218.67,59.121,1648720559999,12919.43031,82,40.039,8749.00144,0
1648720560000,218.65,218.69,218.52,218.57,60.827,1648720619999,13296.83513,82,29.115,6365.01673,0
1648720620000,218.54,218.70,218.50,218.58,90.077,1648720679999,19691.27985,93,53.992,11804.27078,0
1648720680000,218.59,218.66,218.50,218.52,71.658,1648720739999,15663.77092,53,13.340,2916.32790,0
1648720740000,218.53,218.59,218.51,218.58,47.784,1648720799999,10442.50164,51,37.269,8144.39792,0
1648720800000,218.59,218.64,218.43,218.43,144.788,1648720859999,31639.65938,119,59.092,12911.55290,0
1648720860000,218.44,218.44,218.33,218.38,43.914,1648720919999,9589.91442,59,21.290,4648.92064,0
1648720920000,218.36,218.47,218.34,218.47,58.734,1648720979999,12827.31356,78,31.018,6774.60305,0
1648720980000,218.47,218.53,218.47,218.48,45.447,1648721039999,9929.69629,51,13.725,2999.07684,0
1648721040000,218.47,218.71,218.47,218.61,232.461,1648721099999,50825.22719,141,133.557,29199.73054,0
1648721100000,218.62,218.87,218.62,218.87,90.744,1648721159999,19848.98429,87,35.982,7871.65128,0
1648721160000,218.90,218.93,218.59,218.62,120.257,1648721219999,26308.14001,103,67.546,14774.79036,0
1648721220000,218.63,218.68,218.48,218.61,163.709,1648721279999,35780.76038,72,17.837,3899.34015,0
1648721280000,218.61,218.61,218.60,218.60,5.731,1648721339999,1252.82732,27,2.555,558.54855,0
1648721340000,218.60,218.67,218.60,218.67,27.598,1648721399999,6033.54408,55,18.269,3994.12672,0
1648721400000,218.67,218.81,218.65,218.78,47.126,1648721459999,10308.43673,74,34.900,7634.50960,0
1648721460000,218.80,218.80,218.75,218.76,22.466,1648721519999,4915.01582,39,8.692,1901.65265,0
1648721520000,218.75,218.79,218.73,218.78,10.842,1648721579999,2371.74826,29,5.659,1237.96284,0
1648721580000,218.78,218.79,218.73,218.75,11.772,1648721639999,2575.33709,30,3.847,841.51295,0
1648721640000,218.74,218.77,218.68,218.76,25.589,1648721699999,5596.94265,36,8.995,1967.58538,0
1648721700000,218.76,218.77,218.67,218.70,32.517,1648721759999,7111.62226,45,5.766,1261.25406,0
1648721760000,218.70,218.73,218.68,218.72,21.271,1648721819999,4651.70911,54,10.365,2266.76757,0
1648721820000,218.72,218.73,218.23,218.40,406.054,1648721879999,88691.80675,208,46.110,10067.69900,0
1648721880000,218.40,218.67,218.27,218.58,199.008,1648721939999,43479.71431,141,175.753,38399.93884,0
1648721940000,218.60,218.65,218.43,218.43,57.722,1648721999999,12617.01880,61,18.099,3956.24477,0
1648722000000,218.38,218.47,218.17,218.17,53.895,1648722059999,11766.47427,66,32.754,7150.87085,0
1648722060000,218.16,218.27,218.15,218.18,34.900,1648722119999,7614.90842,65,26.329,5744.83690,0
1648722120000,218.18,218.32,218.18,218.28,9.623,1648722179999,2100.05587,32,7.414,1617.93442,0
1648722180000,218.30,218.36,218.29,218.35,31.057,1648722239999,6780.62824,40,28.456,6212.85104,0
1648722240000,218.34,218.50,218.34,218.44,128.439,1648722299999,28055.13055,85,80.253,17529.15611,0
1648722300000,218.44,218.55,218.42,218.55,44.135,1648722359999,9644.08347,47,32.950,7200.22337,0
1648722360000,218.54,218.65,218.54,218.61,60.550,1648722419999,13235.40447,43,33.202,7257.10647,0
1648722420000,218.63,218.70,218.61,218.66,22.003,1648722479999,4810.98967,44,7.563,1653.66691,0
1648722480000,218.67,218.74,218.64,218.74,76.218,1648722539999,16668.35309,66,66.419,14525.69190,0
1648722540000,218.66,218.81,218.65,218.81,113.076,1648722599999,24735.57870,103,95.418,20873.46698,0
1648722600000,218.80,218.80,218.70,218.76,51.301,1648722659999,11221.39232,61,20.426,4467.87457,0
1648722660000,218.76,218.95,218.76,218.94,40.968,1648722719999,8966.66167,80,29.294,6411.07750,0
1648722720000,218.95,218.98,218.79,218.88,87.172,1648722779999,19079.49410,88,35.238,7713.13556,0
1648722780000,218.88,218.89,218.80,218.87,71.205,1648722839999,15582.98896,72,26.556,5812.00193,0
1648722840000,218.85,218.87,218.75,218.77,19.379,1648722899999,4239.94831,28,7.344,1607.02421,0
1648722900000,218.76,218.94,218.76,218.85,117.212,1648722959999,25657.04145,75,103.859,22734.48495,0
1648722960000,218.85,218.85,218.82,218.83,5.686,1648723019999,1244.29116,17,3.189,697.87069,0
1648723020000,218.83,218.97,218.83,218.95,76.415,1648723079999,16727.99122,50,65.806,14405.60369,0
1648723080000,218.94,219.00,218.81,218.85,142.551,1648723139999,31208.12282,85,87.637,19186.84091,0
1648723140000,218.85,218.85,218.48,218.68,120.946,1648723199999,26438.31567,103,32.138,7022.70442,0
1648723200000,218.68,218.81,218.59,218.73,223.365,1648723259999,48853.63131,86,126.849,27749.11911,0
1648723260000,218.73,218.80,218.72,218.76,34.838,1648723319999,7621.17386,66,19.711,4311.96752,0
1648723320000,218.76,218.85,218.60,218.61,102.543,1648723379999,22426.39342,88,66.762,14599.41873,0
1648723380000,218.66,218.78,218.66,218.73,28.564,1648723439999,6247.80407,33,20.263,4432.21797,0
1648723440000,218.73,218.80,218.70,218.80,14.414,1648723499999,3152.87258,61,7.563,1654.39788,0
1648723500000,218.84,218.99,218.79,218.97,106.497,1648723559999,23310.33309,89,79.168,17329.35131,0
1648723560000,218.97,219.00,218.91,218.94,87.921,1648723619999,19252.20581,92,58.659,12845.32594,0
1648723620000,218.95,218.97,218.92,218.95,19.214,1648723679999,4206.53039,37,2.235,489.32545,0
1648723680000,218.94,219.00,218.53,218.68,292.857,1648723739999,64066.11730,111,50.893,11127.89683,0
1648723740000,218.67,218.88,218.67,218.85,30.342,1648723799999,6639.19540,39,11.529,2522.69476,0
1648723800000,218.81,218.90,218.72,218.74,108.749,1648723859999,23794.48152,98,40.552,8873.25659,0
1648723860000,218.72,218.97,218.72,218.97,206.260,1648723919999,45138.82524,110,166.100,36348.98024,0
1648723920000,218.93,219.08,218.87,219.01,283.587,1648723979999,62104.06545,171,203.879,44650.02229,0
1648723980000,219.00,219.09,219.00,219.07,36.145,1648724039999,7917.64895,42,25.626,5613.50079,0
1648724040000,219.06,219.24,219.02,219.10,97.807,1648724099999,21434.43470,89,74.004,16218.73916,0
1648724100000,219.10,219.10,219.00,219.02,26.624,1648724159999,5832.06526,46,19.806,4338.65133,0
1648724160000,219.02,219.07,218.94,219.01,98.064,1648724219999,21476.16559,83,40.477,8865.03095,0
1648724220000,219.01,219.16,219.01,219.12,37.651,1648724279999,8248.46665,70,19.693,4314.33695,0
1648724280000,219.13,219.27,219.09,219.23,47.851,1648724339999,10488.52066,77,31.188,6836.68593,0
1648724340000,219.21,219.29,219.20,219.24,37.777,1648724399999,8282.48285,48,33.546,7354.96406,0
1648724400000,219.23,219.43,219.08,219.13,388.450,1648724459999,85187.71270,175,247.373,54251.72257,0
1648724460000,219.13,219.14,218.35,218.47,302.035,1648724519999,66044.79624,200,44.108,9648.13350,0
1648724520000,218.47,219.11,218.47,219.05,209.402,1648724579999,45822.61466,202,183.578,40168.42675,0
1648724580000,219.07,219.13,219.00,219.03,86.122,1648724639999,18865.59395,85,41.504,9092.21910,0
1648724640000,219.03,219.08,218.93,218.99,94.030,1648724699999,20592.43622,132,34.789,7619.62166,0
1648724700000,218.99,219.07,218.63,218.86,199.966,1648724759999,43768.39899,154,89.909,19683.24438,0
1648724760000,218.93,218.93,218.72,218.77,74.446,1648724819999,16289.69795,91,32.774,7169.69002,0
1648724820000,218.77,218.86,218.77,218.83,16.044,1648724879999,3510.47193,51,15.626,3419.01771,0
1648724880000,218.82,218.87,218.76,218.86,24.679,1648724939999,5399.87520,72,11.093,2427.21444,0
1648724940000,218.85,218.86,218.72,218.72,9.170,1648724999999,2006.12344,45,3.892,851.54156,0
1648725000000,218.73,218.79,218.72,218.75,8.313,1648725059999,1818.49780,28,5.518,1207.11179,0
1648725060000,218.75,218.80,218.74,218.80,27.730,1648725119999,6066.36719,46,26.366,5767.95159,0
1648725120000,218.79,218.80,218.71,218.72,43.336,1648725179999,9480.80777,51,22.888,5007.73297,0
1648725180000,218.73,218.85,218.73,218.85,10.858,1648725239999,2375.56177,25,10.199,2231.38574,0
1648725240000,218.85,218.88,218.73,218.78,29.830,1648725299999,6527.58790,93,19.240,4210.64315,0
1648725300000,218.75,218.83,218.70,218.76,39.153,1648725359999,8565.23866,65,12.614,2759.15262,0
1648725360000,218.77,218.85,218.76,218.85,66.988,1648725419999,14657.87304,88,50.514,11053.43500,0
1648725420000,218.85,218.88,218.64,218.65,132.680,1648725479999,29024.24348,127,38.706,8469.86725,0
1648725480000,218.64,218.67,218.62,218.67,17.188,1648725539999,3758.35986,52,16.286,3561.13555,0
1648725540000,218.66,218.85,218.64,218.83,43.066,1648725599999,9419.29009,73,31.820,6959.35799,0
1648725600000,218.83,218.94,218.76,218.88,66.465,1648725659999,14547.18199,82,48.590,10634.66573,0
1648725660000,218.87,219.15,218.87,219.06,195.356,1648725719999,42786.82001,141,169.558,37136.25177,0
1648725720000,219.04,219.04,218.88,218.88,67.164,1648725779999,14705.23250,58,34.408,7532.93168,0
1648725780000,218.88,218.96,218.86,218.89,59.067,1648725839999,12929.40655,57,47.188,10328.99236,0
1648725840000,218.92,218.96,218.88,218.94,34.249,1648725899999,7497.49413,63,26.046,5701.76002,0
1648725900000,218.96,219.10,218.96,219.10,37.161,1648725959999,8139.84264,82,19.162,4197.27588,0
1648725960000,219.10,219.12,218.85,218.86,52.845,1648726019999,11573.75621,85,31.348,6866.70939,0
1648726020000,218.86,218.86,218.69,218.80,75.684,1648726079999,16555.43824,71,14.670,3209.58907,0
1648726080000,218.80,218.83,218.73,218.77,12.013,1648726139999,2628.31354,52,8.653,1893.28343,0
1648726140000,218.77,218.77,218.51,218.76,204.243,1648726199999,44657.63035,173,160.405,35074.11335,0
1648726200000,218.77,218.77,218.68,218.74,27.321,1648726259999,5976.20028,35,20.426,4468.09239,0
1648726260000,218.74,218.77,218.69,218.69,36.828,1648726319999,8056.19880,44,26.502,5797.63963,0
1648726320000,218.68,218.68,218.49,218.58,34.883,1648726379999,7624.28101,42,17.634,3853.68395,0
1648726380000,218.60,218.83,218.53,218.57,195.617,1648726439999,42781.63634,133,161.385,35297.16882,0
1648726440000,218.56,218.65,218.44,218.48,115.220,1648726499999,25179.92223,86,55.400,12106.14470,0
1648726500000,218.50,218.61,218.50,218.60,11.641,1648726559999,2544.26124,24,9.820,2146.37067,0
1648726560000,218.63,218.63,218.43,218.44,34.244,1648726619999,7482.48622,37,11.999,2622.17618,0
1648726620000,218.43,218.43,218.15,218.18,149.121,1648726679999,32554.14763,116,31.217,6815.63525,0
1648726680000,218.17,218.17,217.70,217.88,894.972,1648726739999,195024.66968,478,126.550,27580.04119,0
1648726740000,217.88,217.97,217.72,217.74,265.358,1648726799999,57812.97926,195,149.725,32623.85788,0
1648726800000,217.74,217.99,217.64,217.88,326.324,1648726859999,71081.79270,194,224.652,48935.37186,0
1648726860000,217.88,217.96,217.88,217.90,19.799,1648726919999,4314.26635,50,14.056,3062.79428,0
1648726920000,217.90,218.04,217.86,217.98,133.298,1648726979999,29054.32968,129,71.459,15575.81022,0
1648726980000,217.98,218.32,217.94,218.27,145.192,1648727039999,31662.22841,105,121.200,26430.77449,0
1648727040000,218.28,218.34,218.00,218.08,92.001,1648727099999,20074.24884,70,66.306,14467.04179,0
1648727100000,218.07,218.41,218.01,218.39,160.252,1648727159999,34966.05086,105,122.462,26716.11257,0
1648727160000,218.40,218.63,218.40,218.61,62.386,1648727219999,13634.14532,121,48.815,10667.99910,0
1648727220000,218.59,218.65,218.59,218.63,18.667,1648727279999,4081.02844,31,11.190,2446.36252,0
1648727280000,218.63,218.80,218.63,218.77,188.939,1648727339999,41326.92654,125,159.882,34971.55646,0
1648727340000,218.70,218.72,218.29,218.43,178.233,1648727399999,38943.96450,115,20.180,4406.88981,0
1648727400000,218.45,218.59,218.35,218.56,52.468,1648727459999,11463.12695,77,27.921,6100.59570,0
1648727460000,218.56,218.57,218.52,218.52,10.702,1648727519999,2338.95472,27,8.861,1936.59834,0
1648727520000,218.52,218.52,218.42,218.49,57.392,1648727579999,12538.93864,81,31.448,6870.94164,0
1648727580000,218.49,218.53,218.46,218.53,22.591,1648727639999,4935.75254,54,20.198,4412.97183,0
1648727640000,218.52,218.63,218.40,218.45,30.034,1648727699999,6563.44491,104,22.543,4926.54475,0
1648727700000,218.44,218.56,218.40,218.56,35.089,1648727759999,7666.77701,68,21.611,4721.89528,0
1648727760000,218.56,218.73,218.56,218.70,43.534,1648727819999,9519.07278,57,29.116,6366.04285,0
1648727820000,218.67,218.69,218.55,218.62,26.162,1648727879999,5719.03267,45,14.616,3195.11282,0
1648727880000,218.62,218.63,218.46,218.52,16.398,1648727939999,3584.10417,37,9.453,2066.10725,0
1648727940000,218.51,218.52,218.47,218.52,63.707,1648727999999,13919.74823,63,47.660,10413.50454,0
1648728000000,218.51,218.58,218.47,218.48,73.866,1648728059999,16141.09601,53,68.645,15000.12450,0
1648728060000,218.48,218.88,218.36,218.85,347.832,1648728119999,76044.00814,196,328.444,71805.48577,0
1648728120000,218.85,218.85,218.66,218.67,52.244,1648728179999,11428.72816,76,24.686,5399.53724,0
1648728180000,218.67,218.67,218.51,218.58,41.873,1648728239999,9150.85095,52,38.779,8474.46781,0
1648728240000,218.62,218.88,218.62,218.81,83.325,1648728299999,18229.91433,112,69.766,15264.78996,0
1648728300000,218.81,218.81,218.56,218.56,129.232,1648728359999,28260.38339,144,71.739,15684.61639,0
1648728360000,218.55,218.55,218.37,218.45,78.420,1648728419999,17131.27086,63,18.789,4104.68204,0
1648728420000,218.45,218.45,218.20,218.23,73.597,1648728479999,16066.26739,99,9.322,2034.71933,0
1648728480000,218.22,218.79,218.22,218.73,70.477,1648728539999,15404.56498,91,63.647,13911.85648,0
1648728540000,218.73,218.76,218.53,218.60,135.978,1648728599999,29728.96560,96,12.736,2784.94804,0
1648728600000,218.60,218.61,218.47,218.47,15.798,1648728659999,3452.83212,29,3.984,870.71467,0
1648728660000,218.47,218.47,217.50,217.84,1809.733,1648728719999,394279.71954,523,344.564,75065.31366,0
1648728720000,217.85,218.17,217.85,218.13,206.271,1648728779999,44967.31263,107,166.955,36398.18534,0
1648728780000,218.14,218.14,217.96,217.99,52.672,1648728839999,11486.13235,74,17.330,3778.43815,0
1648728840000,217.99,218.00,217.88,217.88,38.251,1648728899999,8336.19600,55,19.432,4234.81526,0
1648728900000,217.89,218.09,217.89,218.01,55.525,1648728959999,12103.56976,65,50.313,10967.37840,0
1648728960000,218.02,218.09,217.80,217.87,119.472,1648729019999,26042.43228,93,52.523,11447.85848,0
1648729020000,217.86,217.92,217.81,217.82,108.725,1648729079999,23688.87313,59,101.599,22136.49059,0
1648729080000,217.87,217.89,217.51,217.73,171.757,1648729139999,37381.87842,129,19.452,4233.21884,0
1648729140000,217.72,217.72,217.51,217.52,203.142,1648729199999,44202.35529,90,112.813,24545.66135,0
1648729200000,217.56,217.59,217.46,217.46,233.369,1648729259999,50760.32422,114,17.648,3839.33997,0
1648729260000,217.47,217.53,217.21,217.35,241.131,1648729319999,52410.91128,240,54.478,11840.79247,0
1648729320000,217.34,217.45,217.21,217.29,199.028,1648729379999,43253.31526,122,139.337,30278.25824,0
1648729380000,217.30,217.76,217.29,217.67,127.551,1648729439999,27742.84404,125,114.601,24923.81807,0
1648729440000,217.69,217.89,217.69,217.88,67.475,1648729499999,14694.84121,63,60.833,13248.38334,0
1648729500000,217.87,218.15,217.87,218.01,102.681,1648729559999,22380.07343,89,83.166,18127.38136,0
1648729560000,218.04,218.15,218.02,218.15,60.088,1648729619999,13102.97414,92,45.774,9981.27398,0
1648729620000,218.18,218.28,218.13,218.24,122.637,1648729679999,26761.57862,98,82.662,18038.61221,0
1648729680000,218.26,218.48,218.22,218.47,102.723,1648729739999,22425.60378,75,79.630,17384.37180,0
1648729740000,218.46,218.58,218.38,218.52,97.198,1648729799999,21235.26987,114,47.412,10358.80167,0
1648729800000,218.52,218.60,218.20,218.31,157.675,1648729859999,34433.89962,138,29.896,6532.14292,0
1648729860000,218.28,218.55,218.27,218.44,171.839,1648729919999,37529.25480,115,92.188,20133.32174,0
1648729920000,218.41,218.56,218.33,218.56,59.239,1648729979999,12938.58214,90,29.049,6345.51668,0
1648729980000,218.54,218.75,218.49,218.59,210.067,1648730039999,45922.26298,139,145.823,31879.84321,0
1648730040000,218.61,218.64,218.37,218.60,76.102,1648730099999,16628.20122,117,27.135,5930.00642,0
1648730100000,218.61,218.98,218.58,218.66,294.739,1648730159999,64485.44084,203,190.694,41724.44316,0
1648730160000,218.73,218.86,218.60,218.72,251.364,1648730219999,54995.14151,132,216.835,47444.30584,0
1648730220000,218.72,218.87,218.68,218.84,119.316,1648730279999,26106.65437,102,58.811,12868.50675,0
1648730280000,218.84,219.45,218.82,219.21,745.230,1648730339999,163338.47011,295,625.989,137213.03218,0
1648730340000,219.18,219.19,219.04,219.05,110.937,1648730399999,24309.05554,133,23.019,5044.01292,0
1648730400000,219.05,219.06,218.86,218.93,209.060,1648730459999,45773.33312,200,42.851,9384.19912,0
1648730460000,218.92,218.99,218.62,218.62,229.346,1648730519999,50174.47719,174,66.526,14556.58685,0
1648730520000,218.63,218.65,217.88,218.06,639.226,1648730579999,139408.85860,272,87.953,19205.81483,0
1648730580000,218.03,218.42,217.83,218.31,275.429,1648730639999,60073.02755,237,140.711,30694.25317,0
1648730640000,218.27,218.44,218.16,218.44,199.356,1648730699999,43519.52714,110,172.740,37710.84180,0
1648730700000,218.46,218.55,218.27,218.41,149.133,1648730759999,32569.25863,112,39.732,8678.96595,0
1648730760000,218.41,218.54,218.39,218.54,25.490,1648730819999,5569.24848,36,23.663,5170.03985,0
1648730820000,218.53,218.64,218.53,218.55,78.251,1648730879999,17105.23804,67,47.639,10413.30294,0
1648730880000,218.55,218.57,218.18,218.18,148.320,1648730939999,32393.68353,94,25.078,5479.50780,0
1648730940000,218.15,218.39,218.04,218.36,96.596,1648730999999,21075.25585,69,35.471,7741.06499,0
1648731000000,218.35,218.59,218.33,218.55,129.842,1648731059999,28365.72882,94,63.693,13913.89412,0
1648731060000,218.55,218.68,218.50,218.63,140.915,1648731119999,30801.37033,91,95.641,20907.62044,0
1648731120000,218.62,218.96,218.62,218.83,172.885,1648731179999,37829.23125,106,139.841,30599.14798,0
1648731180000,218.80,218.86,218.74,218.86,83.895,1648731239999,18354.93372,47,18.932,4142.91487,0
1648731240000,218.86,218.97,218.75,218.75,78.731,1648731299999,17228.37284,83,20.565,4499.95745,0
1648731300000,218.74,218.78,218.59,218.75,82.126,1648731359999,17959.37889,66,55.212,12074.76700,0
1648731360000,218.76,218.85,218.71,218.71,85.452,1648731419999,18695.50045,88,41.911,9170.09156,0
1648731420000,218.70,218.76,218.59,218.65,48.176,1648731479999,10535.12246,93,29.323,6412.72314,0
1648731480000,218.65,218.83,218.62,218.66,34.698,1648731539999,7588.02327,43,13.814,3021.44394,0
1648731540000,218.67,218.71,218.63,218.64,34.314,1648731599999,7503.48654,42,27.953,6112.60178,0
1648731600000,218.66,218.89,218.66,218.85,125.338,1648731659999,27420.07144,102,51.086,11175.61587,0
1648731660000,218.80,219.14,218.69,218.99,344.656,1648731719999,75475.80334,167,261.294,57233.06253,0
1648731720000,219.02,219.02,218.87,218.90,73.071,1648731779999,15998.43318,72,45.262,9909.83713,0
1648731780000,218.90,219.19,218.87,219.15,80.326,1648731839999,17591.89856,72,66.699,14608.37684,0
1648731840000,219.18,219.30,219.10,219.12,113.263,1648731899999,24828.06743,141,59.932,13138.98560,0
1648731900000,219.15,219.21,219.06,219.18,68.660,1648731959999,15045.19208,110,28.579,6262.44513,0
1648731960000,219.22,219.26,219.06,219.07,59.976,1648732019999,13143.65665,110,18.980,4159.65554,0
1648732020000,219.07,219.15,218.90,218.90,71.132,1648732079999,15581.95042,138,29.256,6409.80114,0
1648732080000,218.92,218.92,218.81,218.82,34.280,1648732139999,7502.03637,98,13.850,3030.91790,0
1648732140000,218.82,218.87,218.63,218.70,93.514,1648732199999,20458.56038,142,56.957,12461.45994,0
1648732200000,218.75,218.93,218.68,218.69,80.218,1648732259999,17551.11127,138,26.570,5814.71266,0
1648732260000,218.68,218.72,217.85,217.98,288.177,1648732319999,62875.98223,278,56.458,12317.77864,0
1648732320000,217.97,218.00,217.58,217.66,594.937,1648732379999,129545.45124,340,305.105,66440.22219,0
1648732380000,217.68,218.17,217.68,218.13,103.365,1648732439999,22530.35774,90,71.569,15598.50105,0
1648732440000,218.19,218.45,218.17,218.18,51.995,1648732499999,11351.32768,85,24.083,5257.03264,0
1648732500000,218.19,218.51,218.19,218.27,54.969,1648732559999,12002.72096,181,29.399,6419.28302,0
1648732560000,218.29,218.29,217.74,217.75,79.917,1648732619999,17427.87080,113,8.119,1770.51406,0
1648732620000,217.74,218.10,217.74,217.78,169.938,1648732679999,37039.90709,116,120.166,26196.15494,0
1648732680000,217.78,217.78,217.56,217.70,299.879,1648732739999,65270.24512,235,207.230,45105.18046,0
1648732740000,217.78,218.14,217.75,218.14,141.619,1648732799999,30861.27488,104,97.704,21293.51940,0
1648732800000,218.19,218.28,218.02,218.15,99.880,1648732859999,21789.28140,86,37.679,8219.92835,0
1648732860000,218.15,218.15,217.83,217.90,55.838,1648732919999,12169.22705,44,14.173,3088.60994,0
1648732920000,217.87,217.87,217.28,217.49,533.041,1648732979999,115936.78021,348,182.415,39670.36588,0
1648732980000,217.49,217.62,217.41,217.59,70.966,1648733039999,15437.00295,83,38.867,8455.56128,0
1648733040000,217.66,217.96,217.65,217.72,129.906,1648733099999,28287.94692,104,75.878,16523.67714,0
1648733100000,217.77,217.96,217.74,217.74,66.747,1648733159999,14541.01623,72,29.723,6477.14059,0
1648733160000,217.72,218.10,217.72,217.98,120.210,1648733219999,26196.82859,87,73.713,16063.71765,0
1648733220000,217.98,217.98,217.76,217.84,158.596,1648733279999,34544.69558,101,26.559,5785.63796,0
1648733280000,217.80,217.80,217.67,217.69,29.873,1648733339999,6503.63604,32,9.470,2061.66658,0
1648733340000,217.70,217.70,217.26,217.26,265.907,1648733399999,57827.30844,157,33.522,7288.52136,0
1648733400000,217.31,217.46,217.03,217.24,265.028,1648733459999,57567.61017,245,81.324,17667.36121,0
1648733460000,217.26,217.69,217.24,217.69,250.291,1648733519999,54419.19821,209,140.027,30443.69291,0
1648733520000,217.69,217.74,217.36,217.39,130.544,1648733579999,28403.75599,103,57.272,12459.90617,0
1648733580000,217.32,217.32,217.00,217.03,319.514,1648733639999,69359.60203,163,121.715,26426.25235,0
1648733640000,217.02,217.08,216.72,216.78,574.021,1648733699999,124482.69801,326,142.136,30822.97564,0
1648733700000,216.79,217.09,216.52,216.90,948.640,1648733759999,205641.39121,465,659.400,142963.04388,0
1648733760000,216.89,217.32,216.89,217.00,627.698,1648733819999,136293.37587,276,491.546,106736.37262,0
1648733820000,217.01,217.19,216.89,217.07,176.001,1648733879999,38198.15600,169,60.584,13148.21932,0
1648733880000,217.02,217.03,216.66,216.79,140.598,1648733939999,30477.71215,183,50.161,10873.96330,0
1648733940000,216.84,217.04,216.79,217.04,121.750,1648733999999,26412.32997,100,70.884,15378.11223,0
1648734000000,217.03,217.03,216.85,216.90,81.344,1648734059999,17647.09704,88,21.838,4737.92678,0
1648734060000,216.91,217.10,216.90,217.03,108.553,1648734119999,23558.15546,97,61.679,13386.40107,0
1648734120000,217.03,217.03,216.94,216.98,78.308,1648734179999,16991.34943,85,32.422,7035.33644,0
1648734180000,216.97,217.12,216.97,217.09,67.090,1648734239999,14563.45128,78,33.252,7218.42821,0
1648734240000,217.08,217.42,217.08,217.38,160.223,1648734299999,34814.10192,178,90.700,19705.80400,0
1648734300000,217.37,217.52,217.18,217.47,187.451,1648734359999,40742.92897,169,88.403,19217.20097,0
1648734360000,217.48,217.48,216.92,217.10,622.664,1648734419999,135211.16422,240,113.579,24672.94397,0
1648734420000,217.15,217.15,216.76,216.79,222.394,1648734479999,48242.95484,113,67.564,14660.07273,0
1648734480000,216.81,216.82,216.64,216.80,75.599,1648734539999,16386.40930,91,37.285,8082.56914,0
1648734540000,216.80,216.87,216.74,216.86,20.476,1648734599999,4438.98464,39,15.954,3458.61585,0
1648734600000,216.87,216.99,216.74,216.96,73.330,1648734659999,15904.24756,61,43.016,9329.90904,0
1648734660000,217.05,217.15,216.91,216.95,64.810,1648734719999,14066.47287,75,20.883,4532.57533,0
1648734720000,216.93,216.93,216.64,216.77,80.948,1648734779999,17546.10799,75,40.137,8699.43253,0
1648734780000,216.76,216.76,216.55,216.55,282.746,1648734839999,61259.09516,90,214.247,46419.70022,0
1648734840000,216.59,216.73,216.36,216.38,599.344,1648734899999,129789.43389,199,123.622,26774.67095,0
1648734900000,216.37,216.54,216.08,216.53,293.698,1648734959999,63510.79091,387,127.788,27640.10199,0
1648734960000,216.56,216.76,216.37,216.56,346.107,1648735019999,74955.19883,152,200.126,43357.13320,0
1648735020000,216.53,216.55,216.20,216.30,104.366,1648735079999,22575.28143,105,84.527,18284.20418,0
1648735080000,216.28,216.28,216.10,216.24,277.426,1648735139999,59962.99292,166,112.954,24418.26873,0
1648735140000,216.21,216.21,215.85,215.92,871.852,1648735199999,188317.31424,338,138.419,29895.11236,0
1648735200000,215.90,215.94,215.10,215.11,1285.958,1648735259999,277014.35358,661,206.719,44556.94143,0
1648735260000,215.10,215.11,214.30,214.76,2435.295,1648735319999,522967.94113,1216,710.900,152674.56768,0
1648735320000,214.73,215.19,214.10,214.28,1203.533,1648735379999,258283.14320,683,368.613,79152.01823,0
1648735380000,214.31,214.78,213.78,214.10,1023.860,1648735439999,219214.06251,730,326.029,69816.83424,0
1648735440000,214.16,214.28,213.00,213.03,1965.527,1648735499999,419529.31998,1025,419.599,89646.46990,0
1648735500000,213.00,213.52,212.50,213.52,2461.443,1648735559999,524337.25343,1174,1042.629,222161.19815,0
1648735560000,213.48,215.22,212.61,214.59,3098.909,1648735619999,662816.01861,1285,1686.130,361233.35976,0
1648735620000,214.59,216.02,214.45,215.50,2003.740,1648735679999,431499.77300,732,1547.726,333354.68863,0
1648735680000,215.51,216.10,215.20,215.26,1204.056,1648735739999,259532.93429,726,669.457,144336.34616,0
1648735740000,215.26,215.26,214.56,215.10,703.337,1648735799999,151104.21275,492,401.261,86210.13414,0
1648735800000,215.09,215.56,215.04,215.51,247.545,1648735859999,53303.21914,287,192.133,41373.25524,0
1648735860000,215.51,215.56,214.93,215.08,430.135,1648735919999,92570.79867,218,139.663,30071.07251,0
1648735920000,215.08,215.38,214.91,215.06,596.661,1648735979999,128323.75529,267,464.479,99889.13060,0
1648735980000,215.02,215.16,214.77,214.83,371.533,1648736039999,79870.94148,317,110.230,23699.40597,0
1648736040000,214.82,215.06,214.63,214.64,602.069,1648736099999,129398.37505,377,402.468,86514.28105,0
1648736100000,214.63,215.11,214.36,215.06,254.226,1648736159999,54586.77483,276,139.776,30012.96463,0
1648736160000,215.09,215.10,214.41,214.64,271.192,1648736219999,58247.46461,210,55.724,11964.67603,0
1648736220000,214.61,214.64,214.34,214.48,210.709,1648736279999,45195.34866,236,109.051,23392.70243,0
1648736280000,214.47,214.62,214.32,214.47,127.288,1648736339999,27301.68372,157,39.649,8505.13433,0
1648736340000,214.47,214.47,214.00,214.00,146.017,1648736399999,31275.63269,225,49.616,10627.76249,0
1648736400000,214.01,214.03,213.36,213.76,403.269,1648736459999,86176.47225,377,121.663,26001.79715,0
1648736460000,213.77,214.08,213.73,214.05,197.734,1648736519999,42307.04130,188,101.638,21745.84336,0
1648736520000,214.09,214.09,213.68,213.68,139.964,1648736579999,29947.51319,153,29.999,6417.15942,0
1648736580000,213.72,213.88,213.31,213.47,283.283,1648736639999,60523.93219,248,193.177,41280.16907,0
1648736640000,213.47,214.04,213.47,213.90,331.993,1648736699999,70992.79701,316,216.298,46255.99842,0
1648736700000,213.90,213.93,213.51,213.69,173.723,1648736759999,37121.58570,161,121.926,26054.46802,0
1648736760000,213.62,213.63,213.22,213.31,270.832,1648736819999,57792.21221,279,150.266,32061.76576,0
1648736820000,213.28,213.34,213.01,213.34,378.938,1648736879999,80779.58568,306,137.935,29414.64977,0
1648736880000,213.34,213.43,212.99,213.08,374.808,1648736939999,79862.98515,215,157.830,33630.90176,0
1648736940000,213.07,213.33,213.04,213.29,123.882,1648736999999,26409.45303,158,56.483,12039.13436,0
1648737000000,213.28,213.79,213.00,213.74,487.978,1648737059999,104159.19094,324,303.191,64714.54094,0
1648737060000,213.72,214.21,213.64,213.97,313.163,1648737119999,67005.33037,302,181.831,38907.69403,0
1648737120000,213.91,214.26,213.80,214.12,155.233,1648737179999,33220.68256,152,111.209,23797.25432,0
1648737180000,214.12,214.18,213.94,214.14,255.557,1648737239999,54705.94713,201,219.293,46943.55157,0
1648737240000,214.12,214.84,213.98,214.69,280.442,1648737299999,60133.25400,299,229.124,49122.13426,0
1648737300000,214.71,215.00,214.65,214.98,251.228,1648737359999,54001.21956,199,197.557,42469.08421,0
1648737360000,214.98,215.39,214.95,215.36,784.478,1648737419999,168724.70704,221,643.108,138295.41760,0
1648737420000,215.36,215.40,214.90,214.91,486.391,1648737479999,104588.88417,233,73.375,15782.81395,0
1648737480000,214.93,215.30,214.84,215.07,288.365,1648737539999,61998.03358,141,241.113,51835.45179,0
1648737540000,215.07,215.39,214.98,215.28,140.966,1648737599999,30330.33288,141,78.899,16972.44511,0
1648737600000,215.27,215.60,215.14,215.27,171.553,1648737659999,36950.73725,183,129.346,27861.10615,0
1648737660000,215.26,215.27,215.07,215.17,209.667,1648737719999,45115.97738,136,79.365,17076.29776,0
1648737720000,215.17,215.96,215.09,215.83,305.431,1648737779999,65865.73875,238,224.303,48390.62191,0
1648737780000,215.83,216.00,215.75,215.88,92.027,1648737839999,19868.96599,141,50.268,10854.28549,0
1648737840000,215.90,216.24,215.78,216.23,179.979,1648737899999,38882.90475,211,101.363,21900.96778,0
1648737900000,216.23,216.58,216.04,216.53,385.933,1648737959999,83493.01715,273,258.989,56026.60051,0
1648737960000,216.54,217.23,216.50,217.15,504.992,1648738019999,109472.33740,370,233.287,50607.02596,0
1648738020000,217.15,217.15,216.52,216.81,714.109,1648738079999,154828.70333,447,230.912,50089.21895,0
1648738080000,216.81,217.15,216.65,217.09,188.079,1648738139999,40800.56323,214,71.126,15424.54926,0
1648738140000,217.12,217.50,216.87,217.46,453.018,1648738199999,98385.60152,284,347.641,75504.49390,0
1648738200000,217.49,217.64,217.35,217.58,150.752,1648738259999,32789.37824,205,90.240,19628.96350,0
1648738260000,217.56,217.60,216.95,217.26,878.252,1648738319999,190696.63685,362,129.631,28167.94518,0
1648738320000,217.26,217.26,217.08,217.14,93.105,1648738379999,20219.84507,139,63.323,13752.29343,0
1648738380000,217.12,217.25,216.94,217.21,265.693,1648738439999,57668.50594,124,57.624,12513.70848,0
1648738440000,217.25,217.29,216.94,216.94,131.828,1648738499999,28621.19766,150,35.406,7688.87638,0
1648738500000,217.04,217.56,217.04,217.42,166.354,1648738559999,36157.89975,195,77.243,16786.08221,0
1648738560000,217.46,217.49,217.28,217.29,191.108,1648738619999,41547.86662,157,52.782,11474.36589,0
1648738620000,217.28,217.58,217.28,217.41,185.631,1648738679999,40359.11433,216,91.621,19921.97810,0
1648738680000,217.42,217.59,217.29,217.54,205.221,1648738739999,44618.86113,165,63.493,13807.67317,0
1648738740000,217.50,218.00,217.48,217.67,455.178,1648738799999,99114.37272,278,268.697,58512.67152,0
1648738800000,217.67,218.43,217.44,218.36,656.970,1648738859999,143153.75371,453,349.380,76120.14715,0
1648738860000,218.35,218.38,217.83,217.98,367.205,1648738919999,80071.76676,396,172.190,37548.02014,0
1648738920000,217.95,217.96,217.19,217.30,627.701,1648738979999,136581.10189,437,428.358,93212.02787,0
1648738980000,217.29,217.43,216.89,217.02,291.430,1648739039999,63286.13245,246,138.263,30029.58116,0
1648739040000,217.00,217.24,216.83,217.15,262.338,1648739099999,56932.09160,224,59.511,12918.34278,0
1648739100000,217.14,217.42,217.14,217.30,103.677,1648739159999,22528.31482,135,63.616,13821.52772,0
1648739160000,217.24,217.45,217.10,217.11,86.311,1648739219999,18755.12485,137,57.458,12486.13966,0
1648739220000,217.11,217.22,216.89,216.99,261.315,1648739279999,56714.65169,173,130.205,28266.19003,0
1648739280000,216.94,217.14,216.71,216.95,408.096,1648739339999,88524.62239,270,243.331,52790.55110,0
1648739340000,216.96,217.28,216.86,216.90,190.486,1648739399999,41352.04889,180,91.254,19812.26490,0
1648739400000,216.89,216.97,216.84,216.92,57.129,1648739459999,12389.82908,81,39.635,8595.74993,0
1648739460000,216.90,217.21,216.90,217.01,143.378,1648739519999,31120.67672,83,13.968,3031.59967,0
1648739520000,216.96,217.22,216.96,217.16,52.296,1648739579999,11353.63553,72,15.756,3420.39544,0
1648739580000,217.16,217.16,216.88,216.95,56.157,1648739639999,12189.92396,50,27.139,5890.42186,0
1648739640000,216.91,217.06,216.51,216.51,83.144,1648739699999,18020.81974,113,25.573,5542.23206,0
1648739700000,216.56,216.60,215.57,215.81,414.159,1648739759999,89458.79620,390,92.647,20032.68705,0
1648739760000,215.81,216.51,215.81,216.46,621.335,1648739819999,134389.65618,394,529.080,114443.10423,0
1648739820000,216.47,216.95,216.47,216.87,163.336,1648739879999,35381.68342,185,93.584,20269.90928,0
1648739880000,216.86,217.26,216.86,217.01,127.899,1648739939999,27770.24206,144,59.465,12910.80629,0
1648739940000,217.01,217.12,216.76,216.79,129.910,1648739999999,28185.50826,99,57.204,12411.89232,0
1648740000000,216.80,217.57,216.80,217.24,537.534,1648740059999,116774.77560,331,500.076,108638.65271,0
1648740060000,217.18,217.59,217.12,217.57,160.428,1648740119999,34871.29482,127,43.082,9364.76831,0
1648740120000,217.51,217.83,217.51,217.62,89.635,1648740179999,19510.61022,126,42.765,9306.92493,0
1648740180000,217.61,217.66,217.26,217.30,79.093,1648740239999,17206.53618,82,32.436,7056.46469,0
1648740240000,217.35,217.43,217.15,217.22,57.005,1648740299999,12385.20922,75,33.300,7235.20868,0
1648740300000,217.21,217.29,217.02,217.29,114.628,1648740359999,24887.21160,90,78.051,16947.00400,0
1648740360000,217.31,217.37,217.16,217.26,51.505,1648740419999,11188.72845,66,26.728,5806.57622,0
1648740420000,217.25,217.26,216.95,217.00,151.177,1648740479999,32825.96137,123,49.774,10807.05674,0
1648740480000,216.97,217.34,216.95,216.95,170.966,1648740539999,37131.16966,95,79.407,17246.41111,0
1648740540000,216.93,217.11,216.58,217.03,377.442,1648740599999,81818.74053,184,59.683,12946.15003,0
1648740600000,217.04,217.41,216.98,217.15,161.834,1648740659999,35150.29783,178,119.775,26016.28038,0
1648740660000,217.14,217.22,216.91,217.22,76.170,1648740719999,16533.62128,95,42.422,9208.85774,0
1648740720000,217.22,217.25,216.79,216.84,173.487,1648740779999,37641.62302,133,106.580,23117.19432,0
1648740780000,216.83,216.91,216.71,216.90,76.193,1648740839999,16518.55021,86,55.552,12044.36404,0
1648740840000,216.88,216.91,216.73,216.88,81.155,1648740899999,17595.64533,108,32.981,7150.91669,0
1648740900000,216.88,217.00,216.74,216.76,136.261,1648740959999,29549.99699,94,19.336,4192.12647,0
1648740960000,216.83,217.10,216.82,217.02,52.527,1648741019999,11397.04674,83,20.034,4346.12461,0
1648741020000,216.98,217.41,216.89,217.25,184.944,1648741079999,40156.90701,93,138.018,29963.32247,0
1648741080000,217.27,217.53,217.20,217.20,246.986,1648741139999,53681.31142,129,59.116,12851.09856,0
1648741140000,217.20,217.20,216.69,216.94,127.077,1648741199999,27562.44150,137,58.527,12691.10369,0
1648741200000,216.89,217.27,216.88,217.11,203.797,1648741259999,44250.62388,126,47.465,10304.94081,0
1648741260000,217.11,217.40,217.03,217.26,269.347,1648741319999,58495.25830,139,37.870,8229.33083,0
1648741320000,217.27,217.40,217.07,217.13,146.505,1648741379999,31824.67921,131,21.419,4654.82271,0
1648741380000,217.14,217.20,216.78,216.78,100.168,1648741439999,21740.37728,94,18.184,3947.45984,0
1648741440000,216.82,216.99,216.74,216.94,123.872,1648741499999,26863.38944,118,105.346,22846.07065,0
1648741500000,216.90,216.90,216.48,216.59,212.252,1648741559999,45992.83597,157,142.173,30808.48352,0
1648741560000,216.57,216.61,216.27,216.27,105.120,1648741619999,22743.10805,135,53.319,11535.54594,0
1648741620000,216.27,216.27,215.93,216.15,129.930,1648741679999,28077.36347,182,66.241,14316.35396,0
1648741680000,216.16,216.28,215.91,215.99,249.666,1648741739999,53943.63552,158,56.253,12155.51153,0
1648741740000,215.99,216.22,215.84,216.11,110.876,1648741799999,23947.07125,134,39.350,8498.64022,0
1648741800000,216.10,216.10,215.73,215.76,66.309,1648741859999,14319.33723,119,30.987,6692.06591,0
1648741860000,215.78,215.91,215.61,215.75,67.111,1648741919999,14481.18658,94,38.251,8254.80544,0
1648741920000,215.78,216.00,215.61,215.65,63.669,1648741979999,13740.39438,72,25.751,5556.83660,0
1648741980000,215.63,215.63,215.45,215.52,96.379,1648742039999,20772.09402,124,24.289,5235.05373,0
1648742040000,215.52,215.74,215.44,215.56,95.848,1648742099999,20664.53214,114,52.520,11323.68141,0
1648742100000,215.55,215.64,215.48,215.59,59.377,1648742159999,12800.28862,71,32.913,7095.83846,0
1648742160000,215.61,215.84,215.16,215.55,193.590,1648742219999,41722.02828,220,99.918,21538.64703,0
1648742220000,215.53,216.00,215.43,215.85,105.871,1648742279999,22833.28198,116,37.710,8134.91822,0
1648742280000,215.85,215.86,215.65,215.69,94.135,1648742339999,20312.18619,113,30.268,6531.69529,0
1648742340000,215.70,215.94,215.63,215.94,285.831,1648742399999,61677.82179,109,209.910,45291.78564,0
1648742400000,215.91,216.21,215.32,216.05,251.582,1648742459999,54289.82981,146,88.284,19059.50781,0
1648742460000,216.04,216.09,215.41,215.41,180.158,1648742519999,38890.42631,176,70.881,15305.63108,0
1648742520000,215.39,215.39,215.02,215.02,209.253,1648742579999,45043.45170,219,126.245,27180.05343,0
1648742580000,215.07,215.39,215.02,215.22,128.506,1648742639999,27653.50260,116,78.245,16833.03693,0
1648742640000,215.26,215.56,215.26,215.46,90.682,1648742699999,19532.23658,129,59.031,12715.08161,0
1648742700000,215.44,215.44,215.08,215.22,61.094,1648742759999,13150.98493,95,28.584,6153.37414,0
1648742760000,215.22,215.54,214.77,214.92,420.922,1648742819999,90551.31330,254,187.790,40425.88613,0
1648742820000,214.91,215.02,213.82,214.66,845.384,1648742879999,181208.29916,611,374.411,80255.04549,0
1648742880000,214.67,214.97,214.40,214.75,405.029,1648742939999,86956.08225,314,270.474,58072.05903,0
1648742940000,214.73,215.12,214.28,215.01,575.397,1648742999999,123584.51626,358,149.011,32011.11255,0
1648743000000,215.03,215.53,214.73,215.43,202.893,1648743059999,43664.66596,176,120.499,25924.08012,0
1648743060000,215.45,215.69,215.33,215.63,91.108,1648743119999,19635.56320,113,72.199,15560.39876,0
1648743120000,215.57,215.62,215.23,215.23,95.651,1648743179999,20609.39384,108,46.068,9925.49459,0
1648743180000,215.23,215.28,214.94,215.01,53.233,1648743239999,11452.53076,89,30.828,6633.00911,0
1648743240000,215.02,215.50,215.02,215.20,109.333,1648743299999,23534.32525,135,56.705,12204.58126,0
1648743300000,215.22,215.30,214.79,215.25,147.670,1648743359999,31752.32405,147,50.872,10939.46915,0
1648743360000,215.29,215.53,215.26,215.44,61.739,1648743419999,13300.99012,100,22.171,4775.39651,0
1648743420000,215.45,215.52,215.38,215.51,59.664,1648743479999,12854.43843,59,25.204,5430.15875,0
1648743480000,215.44,215.49,214.78,214.88,127.113,1648743539999,27344.15022,107,58.280,12535.26484,0
1648743540000,214.91,215.11,214.55,214.59,177.697,1648743599999,38182.54658,147,56.145,12064.56762,0
1648743600000,214.60,214.60,213.87,214.06,183.938,1648743659999,39394.32667,218,44.491,9524.22868,0
1648743660000,214.05,214.17,213.75,213.83,175.725,1648743719999,37586.24961,186,74.599,15957.97874,0
1648743720000,213.79,213.96,213.54,213.64,232.703,1648743779999,49741.58021,274,100.749,21533.80541,0
1648743780000,213.64,213.82,213.52,213.60,87.687,1648743839999,18731.11855,151,43.667,9327.24651,0
1648743840000,213.65,213.86,213.45,213.47,301.771,1648743899999,64460.72878,237,103.604,22138.52970,0
1648743900000,213.45,213.98,213.31,213.72,189.648,1648743959999,40536.25323,209,73.584,15727.21229,0
1648743960000,213.80,213.89,213.16,213.29,155.970,1648744019999,33292.78129,192,59.307,12660.81310,0
1648744020000,213.30,213.53,213.10,213.22,118.404,1648744079999,25247.17315,156,48.734,10391.92166,0
1648744080000,213.20,213.29,212.80,213.01,303.112,1648744139999,64567.14578,252,123.386,26287.41232,0
1648744140000,213.00,213.08,212.65,212.95,531.981,1648744199999,113226.78936,442,211.232,44967.54185,0
1648744200000,212.99,213.11,212.21,212.49,769.186,1648744259999,163518.25933,615,252.862,53746.99834,0
1648744260000,212.50,212.88,212.02,212.88,627.342,1648744319999,133198.89492,764,284.090,60331.72873,0
1648744320000,212.88,212.95,212.14,212.14,305.151,1648744379999,64875.88010,284,133.147,28312.07316,0
1648744380000,212.13,212.19,211.00,211.49,2350.293,1648744439999,497087.23645,1037,316.117,66958.59106,0
1648744440000,211.49,212.06,211.44,211.85,522.042,1648744499999,110547.89875,388,194.607,41214.86109,0
1648744500000,211.85,212.31,211.59,212.07,889.313,1648744559999,188531.18491,279,745.602,158083.57339,0
1648744560000,212.07,212.93,212.06,212.93,237.958,1648744619999,50554.62914,196,165.714,35207.50494,0
1648744620000,212.93,212.95,212.60,212.76,143.842,1648744679999,30616.49448,170,47.852,10186.06456,0
1648744680000,212.77,213.19,212.66,212.67,204.900,1648744739999,43642.80002,202,138.194,29438.38452,0
1648744740000,212.65,213.13,212.65,213.07,149.988,1648744799999,31921.06712,154,115.246,24526.20446,0
1648744800000,213.09,213.49,213.07,213.43,139.738,1648744859999,29799.20055,163,118.712,25313.67101,0
1648744860000,213.37,213.37,213.12,213.25,192.301,1648744919999,41012.99024,136,66.139,14104.08258,0
1648744920000,213.19,213.28,213.06,213.18,86.102,1648744979999,18352.33869,121,59.935,12775.32694,0
1648744980000,213.18,213.30,213.01,213.22,87.006,1648745039999,18544.34045,93,43.313,9231.39099,0
1648745040000,213.22,213.23,212.88,213.05,126.075,1648745099999,26854.98978,164,22.389,4768.44429,0
1648745100000,213.05,213.55,213.05,213.38,125.306,1648745159999,26734.62985,152,51.420,10968.72285,0
1648745160000,213.38,213.50,212.89,212.90,299.356,1648745219999,63826.36588,213,186.237,39731.13912,0
1648745220000,212.94,213.24,212.87,213.11,171.677,1648745279999,36567.65289,173,137.867,29367.46498,0
1648745280000,213.10,213.38,212.96,213.23,47.927,1648745339999,10215.72481,97,10.354,2207.15077,0
1648745340000,213.24,213.40,213.02,213.03,74.346,1648745399999,15851.97654,117,8.007,1707.88563,0
1648745400000,213.02,213.19,212.94,213.02,203.662,1648745459999,43393.79320,255,145.667,31038.58211,0
1648745460000,213.02,213.19,212.90,212.99,129.585,1648745519999,27606.09285,197,87.587,18659.24790,0
1648745520000,213.00,213.19,212.90,212.98,92.882,1648745579999,19784.96878,128,58.237,12404.53958,0
1648745580000,212.96,212.98,212.29,212.44,359.191,1648745639999,76378.21117,287,78.881,16768.16216,0
1648745640000,212.44,212.50,212.17,212.30,147.231,1648745699999,31265.72044,159,60.787,12909.44587,0
1648745700000,212.33,212.84,212.33,212.72,325.603,1648745759999,69228.97271,273,207.900,44199.14840,0
1648745760000,212.67,212.68,212.22,212.36,184.490,1648745819999,39184.14031,155,147.717,31373.96230,0
1648745820000,212.36,212.43,211.84,211.87,240.119,1648745879999,50925.93559,263,120.991,25658.52523,0
1648745880000,211.93,211.95,211.37,211.51,247.160,1648745939999,52319.49427,222,106.684,22581.71066,0
1648745940000,211.50,211.60,211.32,211.32,265.513,1648745999999,56140.04694,194,158.406,33496.51332,0
1648746000000,211.36,211.94,211.18,211.78,397.252,1648746059999,84070.23245,358,185.480,39259.07999,0
1648746060000,211.77,212.11,211.59,212.08,205.437,1648746119999,43531.00385,217,119.051,25227.16607,0
1648746120000,212.08,212.08,211.57,211.62,184.839,1648746179999,39155.27103,188,42.005,8898.41119,0
1648746180000,211.62,211.79,211.44,211.79,205.218,1648746239999,43420.93253,132,155.736,32950.51432,0
1648746240000,211.77,212.14,211.77,212.14,139.559,1648746299999,29586.75932,163,61.752,13092.30925,0
1648746300000,212.12,212.65,211.99,212.59,171.878,1648746359999,36501.34837,171,109.747,23307.50116,0
1648746360000,212.59,212.60,212.37,212.56,106.216,1648746419999,22569.61791,160,48.715,10351.73236,0
1648746420000,212.57,212.68,212.40,212.56,77.579,1648746479999,16489.91781,109,25.685,5458.14669,0
1648746480000,212.51,212.77,212.27,212.37,187.058,1648746539999,39775.10874,153,69.130,14693.67805,0
1648746540000,212.40,212.52,212.09,212.13,45.490,1648746599999,9653.23316,78,25.450,5400.83544,0
1648746600000,212.12,212.12,211.55,211.67,235.667,1648746659999,49908.79803,201,69.423,14700.49761,0
1648746660000,211.65,211.89,211.50,211.55,157.461,1648746719999,33330.31904,128,84.892,17970.52596,0
1648746720000,211.57,211.84,211.43,211.58,113.435,1648746779999,24006.00954,138,62.481,13224.03518,0
1648746780000,211.55,211.79,211.38,211.62,96.640,1648746839999,20448.41549,147,40.128,8490.87602,0
1648746840000,211.54,211.89,211.46,211.82,78.100,1648746899999,16528.89547,136,40.001,8465.41979,0
1648746900000,211.86,212.19,211.80,212.14,137.255,1648746959999,29096.33721,143,51.530,10922.35707,0
1648746960000,212.16,212.48,212.10,212.35,86.266,1648747019999,18319.04481,136,36.778,7809.85095,0
1648747020000,212.38,212.57,212.21,212.45,59.208,1648747079999,12576.84852,84,19.415,4123.97097,0
1648747080000,212.48,212.52,211.97,212.16,154.117,1648747139999,32701.90063,176,70.096,14874.08534,0
1648747140000,212.15,212.20,212.03,212.09,82.376,1648747199999,17472.25601,94,47.635,10104.24287,0
1648747200000,212.03,212.52,211.99,212.44,87.301,1648747259999,18534.37978,118,53.899,11441.91973,0
1648747260000,212.45,212.78,212.36,212.46,184.343,1648747319999,39185.97146,161,131.667,27991.86201,0
1648747320000,212.44,212.44,212.12,212.17,70.912,1648747379999,15052.17550,115,48.897,10378.66638,0
1648747380000,212.13,212.31,212.07,212.23,118.569,1648747439999,25153.55526,134,57.592,12220.00961,0
1648747440000,212.22,213.24,212.19,213.15,779.775,1648747499999,166086.59002,567,464.418,98895.52094,0
1648747500000,213.16,213.37,213.03,213.15,189.200,1648747559999,40338.76342,141,83.931,17896.32952,0
1648747560000,213.18,213.40,213.04,213.30,141.174,1648747619999,30101.73513,126,103.665,22102.13959,0
1648747620000,213.29,213.40,212.97,213.04,362.763,1648747679999,77338.23929,269,141.421,30154.67995,0
1648747680000,213.02,213.09,212.72,212.75,275.446,1648747739999,58626.70116,187,58.372,12425.88443,0
1648747740000,212.78,213.25,212.74,213.12,121.328,1648747799999,25839.85507,128,72.105,15358.42862,0
1648747800000,213.16,213.62,213.16,213.56,151.044,1648747859999,32245.50908,183,78.987,16861.61894,0
1648747860000,213.59,213.70,213.42,213.61,217.409,1648747919999,46435.62657,173,153.622,32812.92281,0
1648747920000,213.62,213.68,213.40,213.65,101.195,1648747979999,21610.28440,115,53.145,11350.46815,0
1648747980000,213.65,213.65,213.34,213.45,81.214,1648748039999,17336.20773,102,23.813,5082.37291,0
1648748040000,213.46,213.66,213.43,213.50,113.935,1648748099999,24330.74785,101,71.966,15369.25938,0
1648748100000,213.50,213.50,213.24,213.29,233.219,1648748159999,49751.48841,128,40.486,8638.40408,0
1648748160000,213.27,213.43,213.26,213.40,83.792,1648748219999,17874.96971,69,66.601,14208.53313,0
1648748220000,213.39,213.39,213.23,213.30,111.041,1648748279999,23686.25025,96,81.246,17331.23584,0
1648748280000,213.31,213.51,213.22,213.51,109.724,1648748339999,23403.72381,92,31.432,6704.64932,0
1648748340000,213.50,213.56,213.39,213.46,33.676,1648748399999,7188.56967,70,19.622,4188.97283,0
1648748400000,213.45,214.02,213.40,213.88,229.813,1648748459999,49120.00314,205,177.502,37932.52311,0
1648748460000,213.92,214.01,213.72,213.77,70.336,1648748519999,15045.20705,84,35.627,7622.46907,0
1648748520000,213.76,213.76,213.32,213.59,337.479,1648748579999,72024.62882,158,71.171,15189.82660,0
1648748580000,213.46,213.54,213.12,213.17,56.406,1648748639999,12031.15076,88,24.781,5285.74159,0
1648748640000,213.15,213.26,213.03,213.26,68.770,1648748699999,14655.27133,70,20.232,4313.25141,0
1648748700000,213.13,213.63,213.10,213.18,236.211,1648748759999,50384.62337,160,31.985,6823.73726,0
1648748760000,213.15,213.15,212.83,212.83,134.235,1648748819999,28585.66245,110,60.541,12890.13532,0
1648748820000,212.83,212.93,212.76,212.83,94.510,1648748879999,20120.85347,72,21.424,4560.30925,0
1648748880000,212.81,212.91,212.76,212.89,53.032,1648748939999,11287.37646,68,33.068,7038.62294,0
1648748940000,212.85,213.31,212.85,213.27,43.828,1648748999999,9339.88683,60,33.907,7223.84170,0
1648749000000,213.31,213.66,213.25,213.66,39.908,1648749059999,8516.91498,60,34.888,7446.01699,0
1648749060000,213.66,213.66,213.20,213.33,50.929,1648749119999,10868.29657,93,10.538,2247.72569,0
1648749120000,213.36,213.49,213.31,213.49,46.266,1648749179999,9874.02797,47,16.870,3600.25068,0
1648749180000,213.48,213.49,213.34,213.49,23.297,1648749239999,4972.17907,48,8.015,1710.73076,0
1648749240000,213.49,213.64,213.44,213.47,37.723,1648749299999,8054.38081,66,25.543,5454.06112,0
1648749300000,213.47,213.76,213.34,213.71,41.492,1648749359999,8858.72968,60,36.361,7763.00812,0
1648749360000,213.70,213.75,213.51,213.51,8.135,1648749419999,1738.52498,19,5.094,1088.62599,0
1648749420000,213.54,213.54,213.20,213.22,57.483,1648749479999,12260.93667,72,40.441,8626.80355,0
1648749480000,213.20,213.70,213.13,213.39,332.006,1648749539999,70857.46935,186,313.963,67005.56871,0
1648749540000,213.41,213.58,213.32,213.54,80.204,1648749599999,17118.33269,73,46.958,10021.07516,0
1648749600000,213.54,213.57,213.12,213.33,84.334,1648749659999,17990.60656,112,57.464,12258.82865,0
1648749660000,213.30,213.37,212.85,212.90,417.850,1648749719999,89055.98372,122,42.278,9017.86463,0
1648749720000,212.93,213.10,212.75,212.88,195.967,1648749779999,41724.11695,145,136.809,29127.36033,0
1648749780000,212.86,213.07,212.85,213.06,85.383,1648749839999,18184.57084,75,52.460,11172.88666,0
1648749840000,213.06,213.11,212.92,213.07,46.521,1648749899999,9907.29326,63,28.445,6057.10636,0
1648749900000,213.08,213.34,213.00,213.00,63.511,1648749959999,13539.22350,80,18.095,3857.42787,0
1648749960000,212.98,212.98,212.75,212.79,178.973,1648750019999,38088.06802,112,67.501,14364.95606,0
1648750020000,212.79,213.07,212.79,213.02,43.333,1648750079999,9227.69489,57,15.138,3222.94212,0
1648750080000,212.99,213.04,212.91,212.91,36.769,1648750139999,7830.37755,56,11.443,2437.36836,0
1648750140000,212.95,212.95,212.60,212.64,53.673,1648750199999,11418.02865,64,28.107,5978.89054,0
1648750200000,212.65,212.66,212.36,212.43,86.990,1648750259999,18486.02618,90,14.995,3187.18177,0
1648750260000,212.39,212.64,212.36,212.64,74.923,1648750319999,15918.94711,119,34.586,7349.50306,0
1648750320000,212.64,212.70,212.36,212.36,136.987,1648750379999,29111.84200,134,15.763,3349.92892,0
1648750380000,212.34,212.48,212.22,212.26,120.433,1648750439999,25572.95077,177,77.357,16428.39967,0
1648750440000,212.26,212.31,212.16,212.19,39.152,1648750499999,8308.78227,115,15.951,3384.78503,0
1648750500000,212.19,212.47,212.14,212.47,85.816,1648750559999,18217.87031,97,32.087,6815.11894,0
1648750560000,212.43,212.43,211.91,211.91,298.076,1648750619999,63217.99044,177,34.865,7393.67639,0
1648750620000,211.91,212.19,211.11,211.45,961.191,1648750679999,203373.95064,637,412.579,87329.22854,0
1648750680000,211.46,211.61,211.22,211.32,294.185,1648750739999,62193.21722,239,126.253,26696.43418,0
1648750740000,211.33,211.56,211.26,211.47,60.503,1648750799999,12791.62664,125,36.362,7687.77717,0
1648750800000,211.48,211.69,211.36,211.63,116.713,1648750859999,24693.33153,111,80.664,17069.22031,0
1648750860000,211.66,212.31,211.66,212.16,206.677,1648750919999,43823.22319,147,167.352,35482.46097,0
1648750920000,212.16,212.58,212.16,212.50,86.457,1648750979999,18365.30524,150,57.684,12253.62877,0
1648750980000,212.58,212.67,212.44,212.67,42.424,1648751039999,9017.21621,79,23.142,4919.10478,0
1648751040000,212.66,212.66,212.47,212.54,32.980,1648751099999,7010.19429,69,22.298,4739.34865,0
1648751100000,212.54,212.98,212.54,212.74,138.482,1648751159999,29466.73743,150,67.314,14324.77563,0
1648751160000,212.74,212.84,212.55,212.76,37.253,1648751219999,7923.77286,118,27.064,5756.19846,0
1648751220000,212.76,212.86,212.69,212.82,123.202,1648751279999,26216.89049,162,61.667,13123.24088,0
1648751280000,212.82,212.97,212.60,212.91,43.143,1648751339999,9180.28155,107,8.179,1740.02895,0
1648751340000,212.87,213.09,212.79,213.03,86.061,1648751399999,18322.60933,138,41.864,8915.21500,0
1648751400000,213.03,213.03,212.60,212.70,236.184,1648751459999,50266.41034,140,209.285,44541.40004,0
1648751460000,212.68,213.08,212.66,213.06,50.919,1648751519999,10840.35833,145,37.470,7976.75903,0
1648751520000,213.05,214.36,213.01,213.63,1656.201,1648751579999,354051.39517,940,1172.462,250509.46641,0
1648751580000,213.58,213.68,213.27,213.39,241.793,1648751639999,51622.23963,226,131.901,28165.27683,0
1648751640000,213.37,214.41,213.31,214.25,764.315,1648751699999,163645.46630,551,570.308,122083.69325,0
1648751700000,214.25,214.26,213.88,213.90,180.324,1648751759999,38614.13733,191,93.513,20029.06824,0
1648751760000,213.86,214.46,213.80,214.30,126.972,1648751819999,27197.07536,172,83.944,17981.45270,0
1648751820000,214.29,214.65,214.22,214.43,149.505,1648751879999,32063.70454,166,94.869,20346.40844,0
1648751880000,214.43,214.43,214.15,214.26,73.743,1648751939999,15799.66553,94,31.062,6654.85006,0
1648751940000,214.16,214.59,214.08,214.48,52.503,1648751999999,11249.06641,73,20.797,4457.95709,0
1648752000000,214.49,214.75,214.33,214.44,201.537,1648752059999,43252.50040,144,167.725,36001.78638,0
1648752060000,214.44,214.50,214.23,214.32,49.218,1648752119999,10553.03744,66,31.009,6648.75211,0
1648752120000,214.32,214.52,214.23,214.45,110.812,1648752179999,23751.29479,96,78.591,16846.13195,0
1648752180000,214.47,214.47,214.32,214.37,54.136,1648752239999,11604.31366,44,16.621,3563.08768,0
1648752240000,214.36,214.49,213.83,214.44,171.724,1648752299999,36765.10330,120,42.600,9122.61632,0
1648752300000,214.41,214.41,214.19,214.23,33.488,1648752359999,7176.42018,44,18.667,4000.56671,0
1648752360000,214.23,214.44,214.03,214.44,79.102,1648752419999,16942.80193,111,31.328,6709.89403,0
1648752420000,214.40,214.41,214.11,214.12,98.487,1648752479999,21111.84853,69,27.166,5823.97150,0
1648752480000,214.13,214.37,214.05,214.22,48.154,1648752539999,10313.90320,49,20.120,4309.85856,0
1648752540000,214.12,214.30,214.12,214.27,20.677,1648752599999,4429.03424,37,13.257,2839.45237,0
1648752600000,214.28,214.47,214.21,214.36,50.676,1648752659999,10863.88624,75,11.949,2561.72566,0
1648752660000,214.41,214.48,214.28,214.31,46.549,1648752719999,9979.72812,62,20.260,4344.32292,0
1648752720000,214.30,214.33,214.22,214.33,34.720,1648752779999,7440.20068,38,25.306,5422.86212,0
1648752780000,214.33,214.51,214.29,214.50,27.082,1648752839999,5806.49506,50,11.929,2557.71140,0
1648752840000,214.51,214.65,214.45,214.65,28.693,1648752899999,6155.85693,41,17.692,3795.95734,0
1648752900000,214.65,214.66,214.60,214.62,22.086,1648752959999,4740.02049,36,14.811,3178.59172,0
1648752960000,214.64,214.83,214.63,214.83,40.933,1648753019999,8789.88424,82,33.425,7177.84433,0
1648753020000,214.83,215.00,214.65,214.82,95.133,1648753079999,20440.72127,133,25.885,5563.38580,0
1648753080000,214.84,214.84,214.60,214.73,82.684,1648753139999,17752.36826,68,20.083,4312.07685,0
1648753140000,214.76,214.84,214.68,214.77,52.400,1648753199999,11253.09529,96,29.183,6266.50953,0
1648753200000,214.83,214.91,214.63,214.70,108.522,1648753259999,23306.59728,132,74.882,16082.35625,0
1648753260000,214.71,214.83,214.59,214.71,97.954,1648753319999,21034.58092,116,66.448,14270.18086,0
1648753320000,214.66,215.09,214.63,215.09,186.267,1648753379999,40028.39434,148,107.588,23125.86005,0
1648753380000,215.08,215.08,215.03,215.03,18.777,1648753439999,4038.12031,45,2.813,604.90931,0
1648753440000,215.03,215.42,215.02,215.26,150.801,1648753499999,32460.18517,285,87.499,18831.67049,0
1648753500000,215.25,215.25,214.81,214.91,91.571,1648753559999,19686.24129,101,43.154,9276.99585,0
1648753560000,214.88,215.12,214.78,214.91,79.812,1648753619999,17150.46849,127,45.014,9673.40875,0
1648753620000,214.94,214.94,214.38,214.63,103.961,1648753679999,22311.12006,98,42.011,9014.23722,0
1648753680000,214.67,214.73,214.48,214.66,125.601,1648753739999,26951.33359,106,51.062,10958.74401,0
1648753740000,214.70,214.71,214.57,214.61,37.762,1648753799999,8105.21025,42,18.183,3902.62646,0
1648753800000,214.59,214.70,214.40,214.46,62.532,1648753859999,13416.31142,67,33.045,7091.48211,0
1648753860000,214.46,214.75,214.15,214.69,173.581,1648753919999,37226.47582,161,119.746,25677.51128,0
1648753920000,214.72,214.72,214.33,214.40,114.421,1648753979999,24546.44490,89,31.349,6722.90220,0
1648753980000,214.48,214.58,214.41,214.46,18.293,1648754039999,3923.59669,34,7.310,1567.76121,0
1648754040000,214.42,214.57,214.32,214.50,190.853,1648754099999,40924.67397,85,23.205,4976.37664,0
1648754100000,214.50,214.61,214.28,214.47,203.201,1648754159999,43575.20528,90,140.512,30128.75439,0
1648754160000,214.44,214.44,214.13,214.22,27.695,1648754219999,5934.20497,82,5.499,1177.69753,0
1648754220000,214.23,214.43,214.22,214.40,42.350,1648754279999,9077.47868,57,7.382,1581.60079,0
1648754280000,214.34,214.40,214.17,214.21,20.270,1648754339999,4343.14497,37,6.048,1296.29466,0
1648754340000,214.22,214.22,213.86,213.97,242.815,1648754399999,51973.36926,153,140.945,30173.20477,0
1648754400000,213.97,214.01,213.81,213.84,38.069,1648754459999,8142.10364,30,4.040,863.88118,0
1648754460000,213.82,213.82,213.34,213.57,379.325,1648754519999,80978.56525,182,163.146,34827.11167,0
1648754520000,213.57,213.87,213.57,213.75,101.347,1648754579999,21665.80290,90,58.464,12499.69482,0
1648754580000,213.70,213.70,213.38,213.65,118.405,1648754639999,25280.05616,83,18.184,3884.06221,0
1648754640000,213.67,213.67,213.44,213.61,33.553,1648754699999,7164.73944,40,4.167,889.66900,0
1648754700000,213.65,213.76,213.55,213.59,46.763,1648754759999,9989.71064,60,14.951,3193.95698,0
1648754760000,213.57,213.90,213.55,213.69,67.545,1648754819999,14438.94959,68,39.122,8364.76846,0
1648754820000,213.77,213.95,213.69,213.95,40.440,1648754879999,8644.33582,50,10.422,2228.33664,0
1648754880000,213.93,213.95,213.72,213.83,51.781,1648754939999,11072.81345,60,18.402,3935.37381,0
1648754940000,213.76,213.76,213.48,213.50,47.872,1648754999999,10223.37136,72,33.887,7237.20741,0
1648755000000,213.50,213.85,213.50,213.75,51.050,1648755059999,10908.39996,68,29.288,6256.28794,0
1648755060000,213.72,213.90,213.72,213.82,31.837,1648755119999,6807.26187,58,9.884,2113.40049,0
1648755120000,213.84,213.84,213.33,213.33,67.629,1648755179999,14440.48027,78,7.684,1640.51561,0
1648755180000,213.32,214.44,213.32,214.34,347.093,1648755239999,74322.82548,280,240.169,51429.16834,0
1648755240000,214.34,214.59,214.26,214.52,75.988,1648755299999,16290.58726,84,26.690,5721.87410,0
1648755300000,214.52,214.57,214.38,214.50,58.141,1648755359999,12470.33321,72,18.322,3929.77433,0
1648755360000,214.51,214.72,214.51,214.51,42.460,1648755419999,9112.79258,64,23.635,5072.74964,0
1648755420000,214.51,214.51,214.12,214.12,204.809,1648755479999,43887.63912,112,14.150,3030.78548,0
1648755480000,214.12,214.24,213.92,213.97,338.071,1648755539999,72365.42618,195,103.812,22222.36758,0
1648755540000,213.96,213.96,213.63,213.88,153.280,1648755599999,32757.13350,111,17.362,3711.77303,0
1648755600000,213.87,213.87,213.47,213.55,128.816,1648755659999,27519.14869,137,36.734,7848.18142,0
1648755660000,213.57,213.63,213.52,213.63,89.062,1648755719999,19021.42945,76,38.950,8318.51354,0
1648755720000,213.62,213.62,213.06,213.13,139.208,1648755779999,29690.41426,178,50.315,10726.95018,0
1648755780000,213.11,213.14,212.90,213.02,108.484,1648755839999,23110.88981,130,46.843,9980.80521,0
1648755840000,213.02,213.09,212.89,213.09,233.948,1648755899999,49828.81641,112,40.197,8560.53704,0
1648755900000,213.07,213.23,212.61,212.70,120.374,1648755959999,25639.67125,175,19.419,4137.88081,0
1648755960000,212.69,213.01,212.32,212.95,221.817,1648756019999,47160.40341,199,78.408,16681.74417,0
1648756020000,212.95,213.31,212.94,213.18,204.352,1648756079999,43559.31214,157,133.526,28463.04320,0
1648756080000,213.17,213.25,213.06,213.14,99.178,1648756139999,21138.73538,107,16.030,3416.29865,0
1648756140000,213.11,213.14,212.71,212.81,109.757,1648756199999,23371.84091,118,22.130,4713.42617,0
1648756200000,212.81,212.82,212.46,212.57,173.597,1648756259999,36913.21296,200,62.536,13297.79473,0
1648756260000,212.55,213.06,212.55,212.96,59.791,1648756319999,12722.85980,92,40.735,8668.50282,0
1648756320000,212.98,213.08,212.86,212.91,95.981,1648756379999,20443.01579,95,54.174,11540.09423,0
1648756380000,212.90,213.08,212.79,213.08,36.160,1648756439999,7698.75893,63,18.633,3967.36581,0
1648756440000,213.04,213.04,212.62,212.62,85.747,1648756499999,18245.19209,109,20.362,4331.78190,0
1648756500000,212.63,212.75,212.60,212.69,42.846,1648756559999,9112.85855,68,15.121,3216.24015,0
1648756560000,212.65,212.68,212.47,212.48,97.168,1648756619999,20654.50818,133,50.671,10770.94904,0
1648756620000,212.47,212.62,212.39,212.52,112.697,1648756679999,23950.01426,129,18.927,4022.73709,0
1648756680000,212.55,213.39,212.52,213.39,219.929,1648756739999,46828.15028,213,178.018,37905.77487,0
1648756740000,213.41,213.82,213.05,213.19,169.521,1648756799999,36173.24789,179,95.198,20308.59486,0
1648756800000,213.20,213.40,213.09,213.09,108.191,1648756859999,23072.33338,127,54.783,11682.03688,0
1648756860000,213.09,213.24,212.98,213.20,40.808,1648756919999,8696.72278,100,15.662,3337.02232,0
1648756920000,213.16,213.59,213.16,213.22,163.410,1648756979999,34859.47169,118,50.910,10862.60288,0
1648756980000,213.26,213.96,213.01,213.77,556.836,1648757039999,118905.64573,435,395.031,84348.40940,0
1648757040000,213.76,213.89,213.64,213.68,171.879,1648757099999,36737.13519,198,94.809,20264.52847,0
1648757100000,213.68,213.79,213.49,213.60,147.421,1648757159999,31496.37667,186,82.659,17661.12532,0
1648757160000,213.59,213.72,213.55,213.69,36.492,1648757219999,7795.91498,95,18.023,3850.52333,0
1648757220000,213.66,213.79,213.45,213.79,84.846,1648757279999,18122.28354,90,54.661,11675.39756,0
1648757280000,213.70,213.85,213.65,213.68,45.804,1648757339999,9789.11800,115,16.074,3435.38215,0
1648757340000,213.68,213.78,213.58,213.70,55.872,1648757399999,11936.82592,66,15.467,3304.95645,0
1648757400000,213.69,213.78,213.63,213.64,36.371,1648757459999,7771.97547,102,17.349,3707.31632,0
1648757460000,213.64,213.81,213.43,213.81,37.054,1648757519999,7912.59746,78,20.615,4402.02430,0
1648757520000,213.81,214.27,213.81,214.01,454.908,1648757579999,97348.51003,121,416.854,89206.68163,0
1648757580000,214.05,214.71,214.05,214.55,163.163,1648757639999,35003.40568,144,131.209,28151.48722,0
1648757640000,214.51,214.51,214.37,214.41,62.936,1648757699999,13495.08474,94,22.194,4759.16449,0
1648757700000,214.43,214.60,214.39,214.60,45.323,1648757759999,9721.56519,79,22.401,4805.33410,0
1648757760000,214.61,214.79,214.19,214.46,274.784,1648757819999,58914.63340,206,49.385,10589.60765,0
1648757820000,214.45,214.68,214.33,214.51,210.221,1648757879999,45110.12591,103,171.675,36841.23436,0
1648757880000,214.51,214.73,214.49,214.54,48.460,1648757939999,10400.05282,101,27.042,5802.75760,0
1648757940000,214.62,214.77,214.62,214.64,24.819,1648757999999,5328.52267,52,10.169,2182.98458,0
1648758000000,214.69,214.80,214.65,214.76,42.580,1648758059999,9143.51728,81,32.159,6905.92048,0
1648758060000,214.77,214.84,214.52,214.63,83.981,1648758119999,18027.34193,85,15.831,3398.19860,0
1648758120000,214.63,214.78,214.48,214.52,129.171,1648758179999,27716.54811,129,40.685,8731.84626,0
1648758180000,214.55,214.60,214.22,214.27,70.930,1648758239999,15203.28205,80,31.534,6760.41717,0
1648758240000,214.22,214.28,214.12,214.24,71.316,1648758299999,15274.40671,80,13.861,2968.85195,0
1648758300000,214.22,214.23,213.75,214.03,65.650,1648758359999,14044.91008,80,13.284,2843.31540,0
1648758360000,214.01,214.24,213.97,214.17,43.595,1648758419999,9333.73707,76,20.278,4341.26091,0
1648758420000,214.20,214.20,213.76,213.95,55.201,1648758479999,11813.05492,70,17.055,3647.06303,0
1648758480000,213.87,214.06,213.87,214.03,59.956,1648758539999,12828.87143,52,53.428,11432.08683,0
1648758540000,214.02,214.29,213.90,214.13,109.840,1648758599999,23510.07299,84,47.594,10191.53501,0
1648758600000,214.14,214.22,214.03,214.04,17.174,1648758659999,3677.45531,30,12.086,2588.12311,0
1648758660000,213.96,213.96,213.62,213.77,40.402,1648758719999,8636.98019,94,9.900,2116.02801,0
1648758720000,213.72,213.80,213.63,213.73,43.311,1648758779999,9256.69005,57,5.651,1207.71059,0
1648758780000,213.72,213.72,213.00,213.31,498.462,1648758839999,106326.14751,313,94.754,20195.72178,0
1648758840000,213.30,213.31,213.11,213.19,20.676,1648758899999,4408.94946,46,4.309,918.60339,0
1648758900000,213.10,213.16,213.10,213.13,20.517,1648758959999,4372.60665,35,11.691,2491.59293,0
1648758960000,213.16,213.49,213.13,213.22,71.958,1648759019999,15349.42878,103,54.364,11596.64614,0
1648759020000,213.27,213.54,213.27,213.40,19.188,1648759079999,4095.46499,41,8.773,1872.19635,0
1648759080000,213.40,213.40,213.30,213.33,16.479,1648759139999,3516.15381,39,0.415,88.52365,0
1648759140000,213.33,213.46,213.33,213.38,23.853,1648759199999,5090.16260,49,2.505,534.60970,0
1648759200000,213.40,213.51,213.35,213.49,31.559,1648759259999,6735.43774,60,3.721,794.21833,0
1648759260000,213.50,213.73,213.50,213.64,37.012,1648759319999,7906.77423,63,11.024,2354.62486,0
1648759320000,213.61,213.72,212.89,213.12,529.332,1648759379999,112870.93854,344,83.943,17895.01484,0
1648759380000,213.06,213.07,212.79,212.82,71.699,1648759439999,15262.55459,145,11.953,2544.89350,0
1648759440000,212.84,212.95,212.79,212.83,53.753,1648759499999,11442.25191,99,19.831,4222.11283,0
1648759500000,212.85,213.09,212.85,212.98,77.347,1648759559999,16476.05066,75,25.455,5421.87846,0
1648759560000,212.99,212.99,212.75,212.78,70.483,1648759619999,15000.54527,101,24.502,5214.81643,0
1648759620000,212.80,212.85,212.28,212.65,275.838,1648759679999,58631.45110,183,40.393,8590.10156,0
1648759680000,212.62,212.79,212.58,212.77,59.436,1648759739999,12643.27398,97,20.246,4306.69790,0
1648759740000,212.79,212.88,212.76,212.88,47.632,1648759799999,10136.68127,65,14.973,3187.14487,0
1648759800000,212.88,212.90,212.71,212.75,37.899,1648759859999,8065.26310,64,14.441,3073.43725,0
1648759860000,212.76,212.79,211.93,212.34,918.303,1648759919999,194936.37764,607,330.679,70186.96632,0
1648759920000,212.34,212.59,212.31,212.47,59.618,1648759979999,12664.13365,87,32.799,6967.57070,0
1648759980000,212.47,212.92,212.39,212.92,166.546,1648760039999,35413.85067,124,132.501,28179.80741,0
1648760040000,212.92,213.19,212.92,213.05,88.610,1648760099999,18878.62380,127,59.057,12583.21646,0
1648760100000,213.04,213.25,213.04,213.25,46.502,1648760159999,9912.51120,77,18.860,4020.27947,0
1648760160000,213.25,213.25,212.93,213.04,338.524,1648760219999,72137.61920,145,39.501,8418.24412,0
1648760220000,213.08,213.15,213.01,213.03,43.051,1648760279999,9173.05468,71,19.556,4167.18013,0
1648760280000,213.01,213.23,212.95,213.14,82.687,1648760339999,17619.40557,110,60.055,12797.85290,0
1648760340000,213.14,213.42,213.09,213.31,136.799,1648760399999,29173.18852,112,96.954,20675.12071,0
1648760400000,213.34,213.40,213.30,213.36,90.575,1648760459999,19324.23351,124,39.114,8345.61811,0
1648760460000,213.34,213.94,213.06,213.88,561.854,1648760519999,119980.48054,378,386.009,82445.92287,0
1648760520000,213.87,213.87,213.58,213.71,273.780,1648760579999,58516.46805,274,169.411,36211.37678,0
1648760580000,213.70,213.70,213.44,213.44,21.983,1648760639999,4695.63901,40,0.768,164.09673,0
1648760640000,213.41,213.50,213.23,213.50,66.845,1648760699999,14259.56828,117,24.772,5284.74165,0
1648760700000,213.48,213.74,213.42,213.74,68.346,1648760759999,14596.68612,81,32.926,7033.51314,0
1648760760000,213.80,213.93,213.77,213.87,52.676,1648760819999,11265.09284,73,33.518,7168.66536,0
1648760820000,213.87,213.87,213.34,213.38,194.162,1648760879999,41461.85437,155,24.828,5301.91616,0
1648760880000,213.38,213.39,213.21,213.22,53.581,1648760939999,11428.40569,70,8.166,1741.55296,0
1648760940000,213.33,213.45,213.30,213.41,69.387,1648760999999,14806.33875,47,52.064,11110.47858,0
1648761000000,213.41,213.41,213.22,213.22,66.415,1648761059999,14164.86228,68,4.979,1061.69267,0
1648761060000,213.23,213.23,213.07,213.07,37.497,1648761119999,7992.78330,63,14.960,3188.86759,0
1648761120000,213.07,213.07,213.00,213.02,55.746,1648761179999,11876.79138,55,4.963,1057.44617,0
1648761180000,213.02,213.30,213.02,213.22,71.235,1648761239999,15186.26974,62,41.618,8872.62155,0
1648761240000,213.19,213.23,213.11,213.14,54.806,1648761299999,11682.22001,73,22.340,4762.37140,0
1648761300000,213.20,213.28,213.18,213.23,26.125,1648761359999,5570.20942,48,5.700,1215.33497,0
1648761360000,213.26,213.72,213.20,213.59,157.315,1648761419999,33588.11699,144,120.254,25674.70337,0
1648761420000,213.59,213.90,213.59,213.82,156.858,1648761479999,33530.13851,98,126.504,27042.44791,0
1648761480000,213.76,213.76,213.45,213.52,68.048,1648761539999,14531.63000,93,6.099,1302.47468,0
1648761540000,213.52,213.95,213.47,213.72,181.734,1648761599999,38852.81650,148,147.782,31597.18271,0
1648761600000,213.69,213.81,213.37,213.37,38.651,1648761659999,8254.10377,69,6.351,1356.94381,0
1648761660000,213.38,213.39,213.34,213.36,35.896,1648761719999,7658.68043,37,12.859,2743.57581,0
1648761720000,213.43,213.65,213.40,213.60,28.067,1648761779999,5992.29563,53,4.796,1023.88031,0
1648761780000,213.66,213.73,213.59,213.73,44.517,1648761839999,9510.37171,63,14.718,3144.77341,0
1648761840000,213.69,213.72,213.51,213.65,101.428,1648761899999,21666.85243,95,49.998,10680.05551,0
1648761900000,213.68,213.68,213.44,213.68,64.410,1648761959999,13755.33271,60,16.381,3497.94532,0
1648761960000,213.68,213.71,213.58,213.61,25.438,1648762019999,5434.95358,71,12.747,2723.55591,0
1648762020000,213.61,213.88,213.61,213.84,21.448,1648762079999,4584.75249,51,10.073,2152.96885,0
1648762080000,213.84,213.84,213.74,213.78,17.223,1648762139999,3681.98760,40,5.515,1179.15412,0
1648762140000,213.78,214.12,213.78,214.12,52.968,1648762199999,11331.91401,87,27.430,5867.58221,0
1648762200000,214.13,214.13,214.00,214.02,41.420,1648762259999,8866.14167,88,11.844,2535.44038,0
1648762260000,214.10,214.15,214.01,214.15,51.723,1648762319999,11073.36808,82,22.658,4851.36151,0
1648762320000,214.14,214.41,214.13,214.40,65.736,1648762379999,14087.54962,61,46.240,9909.23419,0
1648762380000,214.40,214.41,214.29,214.39,72.476,1648762439999,15536.97324,75,8.652,1854.87816,0
1648762440000,214.39,214.40,214.16,214.16,83.102,1648762499999,17808.61939,95,13.865,2971.85528,0
1648762500000,214.20,214.21,213.73,213.74,100.882,1648762559999,21584.28520,128,30.530,6532.88264,0
1648762560000,213.73,213.99,213.62,213.96,81.277,1648762619999,17372.17693,93,49.880,10662.65730,0
1648762620000,213.93,213.93,213.65,213.65,75.465,1648762679999,16131.85883,87,13.380,2861.23330,0
1648762680000,213.66,213.66,213.53,213.62,30.336,1648762739999,6479.77369,79,13.875,2963.63188,0
1648762740000,213.61,213.61,213.48,213.48,47.444,1648762799999,10130.10299,50,5.054,1079.22251,0
1648762800000,213.46,213.46,213.23,213.34,41.165,1648762859999,8781.68009,71,18.330,3910.10601,0
1648762860000,213.30,213.40,213.22,213.25,28.777,1648762919999,6138.42802,62,14.222,3033.64808,0
1648762920000,213.25,213.48,213.18,213.30,95.627,1648762979999,20403.77806,116,69.336,14794.42515,0
1648762980000,213.31,213.35,213.13,213.22,49.596,1648763039999,10576.82029,82,30.322,6467.03424,0
1648763040000,213.20,213.40,213.08,213.40,52.974,1648763099999,11293.37698,110,25.527,5442.39469,0
1648763100000,213.42,213.42,213.20,213.24,42.266,1648763159999,9015.72078,63,13.042,2782.23320,0
1648763160000,213.24,213.38,213.17,213.38,36.099,1648763219999,7699.70079,77,10.309,2199.29751,0
1648763220000,213.41,213.60,213.41,213.58,25.863,1648763279999,5521.31124,42,2.444,521.69838,0
1648763280000,213.58,213.59,213.31,213.35,39.077,1648763339999,8341.98094,75,19.088,4074.99558,0
1648763340000,213.38,213.53,213.32,213.34,48.635,1648763399999,10379.60099,69,19.551,4173.16785,0
1648763400000,213.30,213.52,213.30,213.41,71.768,1648763459999,15316.45439,79,19.143,4085.52878,0
1648763460000,213.41,213.49,213.27,213.29,47.631,1648763519999,10163.86589,54,17.071,3642.83542,0
1648763520000,213.32,213.52,213.28,213.44,49.963,1648763579999,10660.25524,86,25.413,5422.96225,0
1648763580000,213.43,213.44,213.32,213.42,30.662,1648763639999,6543.01994,42,13.160,2808.44174,0
1648763640000,213.44,213.55,213.30,213.30,43.825,1648763699999,9355.01276,59,21.078,4499.76705,0
1648763700000,213.30,213.35,213.24,213.24,31.863,1648763759999,6796.09570,45,8.276,1765.34625,0
1648763760000,213.26,213.50,213.20,213.35,45.569,1648763819999,9721.65807,57,22.043,4702.17483,0
1648763820000,213.32,213.32,213.03,213.03,66.250,1648763879999,14122.92582,83,28.033,5976.86077,0
1648763880000,213.05,213.13,213.02,213.07,34.746,1648763939999,7402.93596,55,17.476,3723.69762,0
1648763940000,213.07,213.08,212.97,212.99,41.123,1648763999999,8760.25992,55,22.375,4766.47137,0
1648764000000,212.97,212.97,212.87,212.88,203.665,1648764059999,43366.87898,86,149.880,31915.16116,0
1648764060000,212.88,213.38,212.84,213.26,154.831,1648764119999,32992.04278,136,90.873,19363.42308,0
1648764120000,213.22,213.36,212.77,212.77,89.566,1648764179999,19087.20084,114,21.111,4500.55318,0
1648764180000,212.77,212.87,212.72,212.76,52.495,1648764239999,11170.63226,82,23.197,4936.61496,0
1648764240000,212.76,212.90,212.71,212.89,40.223,1648764299999,8559.05558,85,22.383,4763.31361,0
1648764300000,212.87,212.99,212.84,212.96,39.207,1648764359999,8346.50343,65,17.687,3765.16640,0
1648764360000,212.98,213.03,212.25,212.51,615.178,1648764419999,130770.50982,370,96.945,20600.00604,0
1648764420000,212.52,212.73,212.52,212.54,78.521,1648764479999,16695.20421,101,29.359,6242.43760,0
1648764480000,212.57,212.84,212.48,212.74,145.997,1648764539999,31043.88388,136,98.246,20891.01315,0
1648764540000,212.77,212.83,212.62,212.69,48.651,1648764599999,10349.08937,76,10.814,2301.03818,0
1648764600000,212.69,212.74,212.43,212.43,84.697,1648764659999,18003.40036,108,25.143,5345.42013,0
1648764660000,212.44,212.59,212.26,212.32,73.427,1648764719999,15599.98480,78,42.546,9039.61532,0
1648764720000,212.33,212.44,212.26,212.39,56.972,1648764779999,12098.42374,64,11.439,2429.48761,0
1648764780000,212.40,212.85,212.39,212.83,105.998,1648764839999,22541.73465,83,74.656,15877.75940,0
1648764840000,212.83,212.88,212.58,212.68,60.728,1648764899999,12918.57724,84,18.870,4014.72081,0
1648764900000,212.63,212.72,212.41,212.45,125.686,1648764959999,26713.40354,84,39.159,8323.83742,0
1648764960000,212.42,212.42,212.03,212.16,68.785,1648765019999,14598.23789,119,17.003,3607.89692,0
1648765020000,212.16,212.25,211.96,212.07,102.126,1648765079999,21655.95600,119,40.820,8656.72362,0
1648765080000,212.10,212.27,212.06,212.20,100.402,1648765139999,21301.93732,142,63.086,13385.78649,0
1648765140000,212.18,212.42,212.18,212.34,55.296,1648765199999,11740.48584,89,20.904,4439.19654,0
1648765200000,212.32,212.58,212.27,212.43,52.596,1648765259999,11173.45686,75,21.628,4595.18536,0
1648765260000,212.44,212.70,212.41,212.56,130.108,1648765319999,27655.77792,107,48.719,10354.35368,0
1648765320000,212.59,212.68,212.41,212.55,60.663,1648765379999,12893.48306,83,28.782,6118.13424,0
1648765380000,212.58,212.70,212.52,212.61,32.603,1648765439999,6931.49826,57,12.404,2637.64682,0
1648765440000,212.61,212.68,212.51,212.60,41.333,1648765499999,8786.87432,72,18.781,3993.09156,0
1648765500000,212.62,213.29,212.62,213.29,362.814,1648765559999,77273.24661,170,321.897,68558.71894,0
1648765560000,213.25,213.45,213.13,213.36,58.842,1648765619999,12550.70470,94,20.448,4362.32063,0
1648765620000,213.36,213.37,213.16,213.22,104.484,1648765679999,22279.47382,102,29.603,6312.76695,0
1648765680000,213.22,213.38,213.12,213.23,97.018,1648765739999,20690.55959,100,27.317,5826.03659,0
1648765740000,213.27,213.42,213.23,213.28,54.000,1648765799999,11519.89775,96,27.870,5946.16131,0
1648765800000,213.28,213.44,213.14,213.28,105.095,1648765859999,22409.08753,125,34.616,7382.42942,0
1648765860000,213.35,213.37,213.24,213.28,51.862,1648765919999,11062.80139,72,18.898,4031.67491,0
1648765920000,213.28,213.36,213.23,213.35,62.215,1648765979999,13269.60810,86,34.690,7399.32438,0
1648765980000,213.32,213.40,213.10,213.26,102.639,1648766039999,21891.40539,109,49.304,10516.59956,0
1648766040000,213.24,213.44,213.16,213.29,57.621,1648766099999,12290.44413,87,24.362,5196.80029,0
1648766100000,213.27,213.27,212.80,212.92,92.703,1648766159999,19747.12202,133,31.517,6714.51243,0
1648766160000,212.91,212.97,212.66,212.76,47.298,1648766219999,10064.22046,92,18.012,3832.80419,0
1648766220000,212.75,212.75,212.41,212.45,53.132,1648766279999,11291.92244,102,17.276,3671.40435,0
1648766280000,212.50,212.53,212.43,212.44,40.674,1648766339999,8642.55619,86,15.820,3361.88818,0
1648766340000,212.43,212.53,212.16,212.31,75.428,1648766399999,16016.96758,113,27.995,5944.53222,0
1648766400000,212.23,212.44,212.22,212.37,115.201,1648766459999,24463.44810,101,86.416,18351.24218,0
1648766460000,212.33,212.54,212.33,212.46,43.749,1648766519999,9293.64108,69,17.470,3711.22107,0
1648766520000,212.43,212.64,212.43,212.56,50.436,1648766579999,10721.02077,98,21.990,4674.53042,0
1648766580000,212.56,212.86,212.56,212.64,41.797,1648766639999,8891.27896,87,15.464,3289.95954,0
1648766640000,212.65,212.75,212.44,212.46,53.041,1648766699999,11275.18601,66,34.709,7377.75300,0
1648766700000,212.47,212.60,212.45,212.54,59.236,1648766759999,12589.66770,90,22.023,4680.99269,0
1648766760000,212.54,212.73,212.51,212.69,48.779,1648766819999,10370.57570,61,25.632,5450.08139,0
1648766820000,212.69,212.99,212.69,212.92,73.469,1648766879999,15636.73442,77,25.043,5329.53454,0
1648766880000,212.94,213.19,212.94,213.16,79.098,1648766939999,16854.79173,113,38.353,8172.40113,0
1648766940000,213.16,213.59,213.16,213.51,106.388,1648766999999,22699.51213,129,61.572,13137.29332,0
1648767000000,213.52,213.71,213.49,213.59,75.980,1648767059999,16230.54448,121,20.067,4286.95491,0
1648767060000,213.67,213.67,213.37,213.37,84.171,1648767119999,17973.20417,90,13.874,2962.55921,0
1648767120000,213.37,213.63,213.31,213.62,58.626,1648767179999,12510.94323,73,31.986,6826.79393,0
1648767180000,213.62,213.62,213.27,213.40,62.275,1648767239999,13290.22999,88,29.122,6215.19025,0
1648767240000,213.48,213.50,213.28,213.36,83.392,1648767299999,17791.25319,89,18.186,3880.69269,0
1648767300000,213.38,213.62,213.38,213.53,245.487,1648767359999,52401.39657,83,216.652,46244.91968,0
1648767360000,213.55,213.66,213.48,213.50,65.571,1648767419999,14002.30590,67,17.263,3686.98855,0
1648767420000,213.49,213.49,213.21,213.41,88.880,1648767479999,18958.71616,91,23.551,5023.80926,0
1648767480000,213.41,213.52,213.23,213.50,53.429,1648767539999,11400.03849,89,23.663,5049.65988,0
1648767540000,213.49,213.63,213.48,213.48,81.433,1648767599999,17389.00437,90,37.652,8041.84675,0
1648767600000,213.41,213.60,213.32,213.41,110.421,1648767659999,23568.18636,108,34.872,7443.52757,0
1648767660000,213.38,213.43,212.98,212.98,80.923,1648767719999,17261.11810,111,20.774,4432.78767,0
1648767720000,213.00,213.09,212.96,212.98,62.885,1648767779999,13394.84750,90,26.221,5585.66442,0
1648767780000,212.98,213.07,212.90,212.95,48.276,1648767839999,10282.06010,57,13.500,2875.48391,0
1648767840000,212.98,213.60,212.98,213.60,73.826,1648767899999,15752.76623,126,40.174,8572.51443,0
1648767900000,213.47,213.55,213.32,213.42,71.050,1648767959999,15162.94044,96,23.930,5107.84996,0
1648767960000,213.41,213.55,213.35,213.50,63.483,1648768019999,13551.17162,98,34.632,7393.13312,0
1648768020000,213.49,213.66,213.38,213.59,50.312,1648768079999,10742.83291,61,23.678,5056.95567,0
1648768080000,213.62,213.69,213.09,213.09,70.950,1648768139999,15143.74049,80,21.694,4632.20239,0
1648768140000,213.10,213.23,212.90,213.07,82.916,1648768199999,17667.33541,89,48.937,10428.52229,0
1648768200000,213.03,213.12,212.92,213.05,44.333,1648768259999,9445.02610,71,9.656,2057.16902,0
1648768260000,213.08,213.42,213.04,213.42,53.351,1648768319999,11375.64513,112,17.762,3787.65946,0
1648768320000,213.41,213.51,213.17,213.45,138.442,1648768379999,29534.81004,149,93.177,19878.30065,0
1648768380000,213.46,213.46,213.30,213.39,46.457,1648768439999,9912.06996,84,17.313,3694.12706,0
1648768440000,213.34,213.40,213.16,213.16,43.532,1648768499999,9285.88345,82,20.180,4304.96601,0
1648768500000,213.18,213.24,212.82,212.82,74.943,1648768559999,15961.21304,108,28.288,6024.98515,0
1648768560000,212.81,212.97,212.77,212.97,82.975,1648768619999,17661.02122,88,18.639,3967.82950,0
1648768620000,212.99,213.04,212.84,212.88,57.290,1648768679999,12199.08949,87,25.093,5343.19678,0
1648768680000,212.88,212.94,212.59,212.67,66.166,1648768739999,14076.03050,105,33.387,7101.49302,0
1648768740000,212.66,212.79,212.61,212.77,56.191,1648768799999,11952.48017,91,21.531,4579.96207,0
1648768800000,212.76,212.83,212.61,212.67,44.877,1648768859999,9546.77875,76,10.132,2155.30215,0
1648768860000,212.67,212.67,212.50,212.56,57.645,1648768919999,12252.48845,82,32.623,6934.06965,0
1648768920000,212.52,212.71,212.39,212.65,67.629,1648768979999,14373.37393,102,29.622,6295.56735,0
1648768980000,212.67,213.20,212.65,213.05,126.141,1648769039999,26872.60427,143,69.113,14723.24957,0
1648769040000,213.08,213.40,213.00,213.40,83.778,1648769099999,17855.64524,104,34.534,7361.65431,0
1648769100000,213.39,213.39,213.14,213.17,40.979,1648769159999,8738.04762,73,11.670,2488.70283,0
1648769160000,213.16,213.44,213.13,213.36,63.884,1648769219999,13627.41032,77,20.657,4406.65543,0
1648769220000,213.41,213.45,213.31,213.44,70.141,1648769279999,14966.65364,82,27.340,5834.13977,0
1648769280000,213.44,213.61,213.28,213.49,204.238,1648769339999,43598.51921,163,124.069,26485.33132,0
1648769340000,213.52,213.56,213.21,213.28,117.115,1648769399999,24994.09049,116,31.124,6639.84673,0
1648769400000,213.22,213.23,212.97,213.20,90.925,1648769459999,19378.62737,88,32.413,6907.05393,0
1648769460000,213.18,213.52,213.13,213.48,90.096,1648769519999,19225.91913,101,43.197,9218.66510,0
1648769520000,213.48,213.50,213.18,213.26,83.745,1648769579999,17870.69010,93,20.172,4304.08931,0
1648769580000,213.26,213.32,213.16,213.27,68.390,1648769639999,14583.31183,76,35.900,7655.51006,0
1648769640000,213.25,213.25,212.88,212.99,78.501,1648769699999,16720.06469,101,31.816,6776.76520,0
1648769700000,213.00,213.12,212.91,212.94,35.950,1648769759999,7657.50240,67,14.861,3165.60203,0
1648769760000,212.92,212.98,212.88,212.88,10.654,1648769819999,2268.48431,37,1.826,388.79702,0
1648769820000,212.88,213.06,212.77,212.80,20.616,1648769879999,4389.03457,54,2.596,552.54527,0
1648769880000,212.80,212.97,212.75,212.95,33.061,1648769939999,7036.39258,49,2.911,619.68951,0
1648769940000,212.96,213.04,212.86,212.97,16.923,1648769999999,3603.68163,46,6.946,1479.08538,0
1648770000000,212.95,213.18,212.91,213.15,16.172,1648770059999,3446.33542,43,4.903,1044.81536,0
1648770060000,213.13,213.25,212.96,212.96,13.957,1648770119999,2975.35027,46,1.301,277.32438,0
1648770120000,212.96,213.00,212.76,212.76,109.155,1648770179999,23241.61757,117,46.500,9901.48756,0
1648770180000,212.75,212.92,212.75,212.86,20.346,1648770239999,4330.38146,59,11.276,2399.76838,0
1648770240000,212.86,212.92,212.03,212.20,199.132,1648770299999,42292.95960,158,19.754,4191.81920,0
1648770300000,212.23,212.32,211.51,211.67,374.700,1648770359999,79367.51196,358,145.371,30796.32710,0
1648770360000,211.62,211.71,211.29,211.32,414.363,1648770419999,87609.82445,259,171.850,36328.97365,0
1648770420000,211.30,211.42,211.16,211.16,118.987,1648770479999,25137.50600,106,30.632,6474.06333,0
1648770480000,211.16,211.29,210.81,211.08,778.364,1648770539999,164243.85351,422,159.073,33578.82639,0
1648770540000,211.14,212.30,211.14,212.25,186.283,1648770599999,39457.63183,174,120.787,25583.33937,0
1648770600000,212.25,212.38,211.37,211.52,173.492,1648770659999,36770.91186,181,47.123,9986.54019,0
1648770660000,211.52,212.07,211.49,211.94,79.605,1648770719999,16866.03735,99,43.127,9137.46127,0
1648770720000,211.94,212.23,211.86,212.12,51.280,1648770779999,10874.03993,105,29.110,6173.48393,0
1648770780000,212.18,213.00,212.17,212.55,291.749,1648770839999,62044.32834,256,196.530,41797.19988,0
1648770840000,212.55,212.69,212.38,212.38,84.007,1648770899999,17857.53958,107,37.548,7982.35298,0
1648770900000,212.38,212.46,212.13,212.32,79.712,1648770959999,16921.86314,81,25.722,5461.51747,0
1648770960000,212.34,212.91,212.20,212.68,163.449,1648771019999,34781.39144,103,144.684,30790.94216,0
1648771020000,212.66,212.66,212.31,212.31,60.531,1648771079999,12863.52803,89,26.667,5667.98548,0
1648771080000,212.32,212.39,212.17,212.28,153.656,1648771139999,32618.32035,117,29.762,6317.67946,0
1648771140000,212.35,212.74,212.35,212.62,109.781,1648771199999,23336.30876,130,48.635,10339.19476,0
