1648684800000,131.07,131.14,130.86,130.93,3288.390,1648684859999,430840.54210,515,1752.300,229637.32107,0
1648684860000,130.94,131.13,130.94,131.13,500.498,1648684919999,65590.19264,291,445.333,58361.43600,0
1648684920000,131.13,131.32,131.13,131.19,735.154,1648684979999,96466.50106,309,273.346,35868.95964,0
1648684980000,131.18,131.46,131.17,131.35,1144.265,1648685039999,150274.68750,417,745.373,97884.81798,0
1648685040000,131.35,131.37,131.20,131.22,784.702,1648685099999,103025.36927,353,339.732,44603.57822,0
1648685100000,131.22,131.27,131.16,131.22,973.568,1648685159999,127745.51061,349,435.872,57191.41670,0
1648685160000,131.22,131.32,131.13,131.30,1862.843,1648685219999,244370.94166,353,399.438,52406.06777,0
1648685220000,131.30,131.39,131.25,131.39,396.056,1648685279999,52009.44028,233,237.387,31175.27767,0
1648685280000,131.39,131.45,131.36,131.41,695.713,1648685339999,91414.52723,293,273.217,35903.25384,0
1648685340000,131.40,131.73,131.35,131.70,2944.823,1648685399999,387253.23632,468,2350.116,309030.12632,0
1648685400000,131.74,131.95,131.73,131.91,2769.817,1648685459999,365159.93849,519,1141.186,150463.61079,0
1648685460000,131.91,131.94,131.80,131.94,1310.214,1648685519999,172761.17031,232,323.302,42630.76180,0
1648685520000,131.94,132.13,131.88,132.13,1520.853,1648685579999,200748.18803,364,1175.991,155239.29462,0
1648685580000,132.12,132.50,132.08,132.34,6627.227,1648685639999,876633.63534,1070,4162.573,550605.94421,0
1648685640000,132.34,132.50,132.30,132.47,1185.843,1648685699999,157048.70955,368,460.429,60983.24361,0
1648685700000,132.45,132.45,132.32,132.33,1449.142,1648685759999,191818.02007,378,497.884,65904.99992,0
1648685760000,132.32,132.35,132.19,132.35,490.498,1648685819999,64889.73366,253,130.298,17239.43453,0
1648685820000,132.35,132.42,132.28,132.29,737.349,1648685879999,97587.58045,257,526.188,69644.19139,0
1648685880000,132.29,132.29,132.16,132.21,476.517,1648685939999,62995.59544,228,104.945,13874.94098,0
1648685940000,132.23,132.27,132.16,132.24,220.704,1648685999999,29178.81812,179,142.851,18885.99125,0
1648686000000,132.22,132.25,132.12,132.13,636.620,1648686059999,84147.91214,206,51.787,6844.70096,0
1648686060000,132.13,132.16,132.09,132.16,154.498,1648686119999,20409.55826,130,72.992,9642.66573,0
1648686120000,132.17,132.28,132.17,132.23,378.420,1648686179999,50032.01013,184,314.894,41633.43669,0
1648686180000,132.22,132.28,132.19,132.19,376.233,1648686239999,49752.55805,176,355.683,47035.21169,0
1648686240000,132.19,132.27,132.17,132.22,377.266,1648686299999,49883.45426,155,127.008,16792.06630,0
1648686300000,132.22,132.22,132.04,132.05,1374.224,1648686359999,181547.22183,282,120.317,15890.96506,0
1648686360000,132.06,132.08,131.93,131.97,694.946,1648686419999,91734.68859,235,196.862,25983.83347,0
1648686420000,131.96,132.05,131.96,132.05,347.931,1648686479999,45928.13281,176,164.305,21689.15460,0
1648686480000,132.05,132.16,132.05,132.14,124.839,1648686539999,16490.46040,136,58.258,7695.21194,0
1648686540000,132.15,132.16,132.09,132.13,349.700,1648686599999,46208.71735,177,131.180,17333.62930,0
1648686600000,132.12,132.12,131.91,131.99,1637.105,1648686659999,216099.05124,328,101.829,13440.12897,0
1648686660000,131.99,132.11,131.96,132.07,820.077,1648686719999,108299.03179,225,607.015,80169.14519,0
1648686720000,132.07,132.15,132.07,132.13,586.518,1648686779999,77485.83364,178,365.456,48280.69040,0
1648686780000,132.13,132.14,132.07,132.11,246.124,1648686839999,32513.35252,132,51.232,6767.84414,0
1648686840000,132.11,132.20,132.09,132.20,292.938,1648686899999,38713.83871,154,171.261,22632.79092,0
1648686900000,132.19,132.24,132.13,132.21,1398.425,1648686959999,184845.21682,283,156.970,20751.67920,0
1648686960000,132.21,132.25,132.17,132.17,418.291,1648687019999,55304.23962,173,93.289,12334.62838,0
1648687020000,132.18,132.18,132.00,132.01,290.041,1648687079999,38309.51207,169,139.362,18411.72297,0
1648687080000,132.01,132.09,132.00,132.08,423.430,1648687139999,55913.80153,161,351.504,46416.20767,0
1648687140000,132.08,132.13,132.03,132.10,381.788,1648687199999,50429.70144,164,310.240,40979.66685,0
1648687200000,132.12,132.14,132.01,132.08,918.912,1648687259999,121364.49328,203,166.560,21999.73242,0
1648687260000,132.07,132.11,132.01,132.05,722.808,1648687319999,95450.31740,154,188.176,24850.71235,0
1648687320000,132.06,132.06,131.95,132.03,500.869,1648687379999,66109.64700,218,262.287,34620.49811,0
1648687380000,132.03,132.04,131.93,132.04,203.224,1648687439999,26818.11928,93,61.596,8129.34692,0
1648687440000,132.03,132.10,132.02,132.07,309.023,1648687499999,40802.94826,111,94.677,12502.78316,0
1648687500000,132.04,132.06,131.90,131.92,806.818,1648687559999,106488.21476,189,293.076,38677.77026,0
1648687560000,131.93,132.16,131.93,132.15,1159.735,1648687619999,153154.29568,222,889.122,117423.19145,0
1648687620000,132.16,132.34,132.16,132.34,540.474,1648687679999,71470.74211,153,386.797,51146.83376,0
1648687680000,132.35,132.42,132.31,132.31,298.493,1648687739999,39510.67049,165,108.975,14425.05965,0
1648687740000,132.31,132.39,132.26,132.39,140.351,1648687799999,18572.29014,81,101.036,13371.79598,0
1648687800000,132.40,132.44,132.31,132.39,913.869,1648687859999,120970.16379,157,214.841,28445.94328,0
1648687860000,132.39,132.39,132.32,132.32,259.053,1648687919999,34289.60687,81,31.209,4130.64187,0
1648687920000,132.34,132.41,132.29,132.39,458.560,1648687979999,60688.76934,154,231.120,30591.42920,0
1648687980000,132.39,132.47,132.36,132.46,400.958,1648688039999,53080.54147,125,137.435,18196.77564,0
1648688040000,132.45,132.45,132.36,132.37,426.262,1648688099999,56431.33745,132,206.488,27337.76849,0
1648688100000,132.37,132.43,132.25,132.27,1001.689,1648688159999,132556.21363,250,380.691,50384.21305,0
1648688160000,132.25,132.25,131.94,131.97,964.715,1648688219999,127399.31860,311,206.854,27307.49309,0
1648688220000,131.97,132.17,131.97,132.12,539.706,1648688279999,71288.62715,195,446.747,59008.83171,0
1648688280000,132.11,132.15,132.05,132.13,300.367,1648688339999,39678.63702,149,83.305,11005.42352,0
1648688340000,132.14,132.16,132.06,132.09,411.632,1648688399999,54383.10854,145,247.897,32751.08320,0
1648688400000,132.09,132.09,131.92,131.93,1739.842,1648688459999,229633.61255,286,225.492,29767.87718,0
1648688460000,131.94,132.09,131.94,132.03,646.138,1648688519999,85286.29028,161,443.326,58517.16224,0
1648688520000,132.04,132.15,132.03,132.12,650.010,1648688579999,85863.52162,182,498.566,65855.72762,0
1648688580000,132.12,132.12,132.03,132.06,336.657,1648688639999,44464.04950,164,114.109,15071.13293,0
1648688640000,132.07,132.10,132.01,132.08,219.618,1648688699999,29002.27881,136,125.463,16570.40713,0
1648688700000,132.08,132.36,132.01,132.16,2140.863,1648688759999,282917.80606,388,1359.361,179653.21430,0
1648688760000,132.19,132.29,132.16,132.18,245.776,1648688819999,32496.33000,130,195.496,25848.51887,0
1648688820000,132.18,132.24,132.18,132.21,284.187,1648688879999,37571.90866,79,88.823,11743.26299,0
1648688880000,132.20,132.29,132.17,132.27,726.946,1648688939999,96122.58463,131,296.074,39157.34369,0
1648688940000,132.27,132.27,132.18,132.25,304.086,1648688999999,40208.88792,103,151.953,20093.07461,0
1648689000000,132.24,132.25,132.15,132.21,572.790,1648689059999,75722.65648,160,267.839,35410.00881,0
1648689060000,132.23,132.31,132.23,132.28,251.274,1648689119999,33235.02267,101,216.494,28634.16997,0
1648689120000,132.28,132.38,132.26,132.33,222.930,1648689179999,29499.12238,127,138.343,18306.01109,0
1648689180000,132.33,132.47,132.29,132.44,497.866,1648689239999,65902.78094,164,348.271,46103.61971,0
1648689240000,132.44,132.62,132.44,132.51,1969.177,1648689299999,261034.11035,350,1759.301,233224.46256,0
1648689300000,132.52,132.52,132.38,132.47,680.352,1648689359999,90101.43024,208,68.844,9118.62464,0
1648689360000,132.47,132.52,132.44,132.44,357.858,1648689419999,47409.28126,155,197.871,26218.59859,0
1648689420000,132.42,132.44,132.33,132.34,603.533,1648689479999,79907.95563,163,30.417,4027.39781,0
1648689480000,132.34,132.39,132.30,132.30,313.074,1648689539999,41431.55715,179,132.244,17501.68150,0
1648689540000,132.30,132.36,132.30,132.35,209.225,1648689599999,27685.44083,147,151.275,20018.20936,0
1648689600000,132.35,132.37,132.35,132.37,402.384,1648689659999,53259.60047,147,169.358,22416.50901,0
1648689660000,132.38,132.39,132.34,132.36,293.627,1648689719999,38865.85250,124,124.060,16421.82812,0
1648689720000,132.37,132.40,132.36,132.39,268.988,1648689779999,35606.89748,124,145.986,19324.80443,0
1648689780000,132.38,132.40,132.32,132.40,414.038,1648689839999,54804.71384,164,166.436,22033.25520,0
1648689840000,132.38,132.40,132.32,132.33,199.767,1648689899999,26442.76701,112,136.174,18026.39217,0
1648689900000,132.32,132.35,132.25,132.30,482.935,1648689959999,63886.45263,154,103.428,13687.38817,0
1648689960000,132.32,132.44,132.25,132.44,340.283,1648690019999,45043.77178,128,273.491,36208.05418,0
1648690020000,132.43,132.44,132.32,132.37,243.949,1648690079999,32296.48016,123,73.298,9703.46847,0
1648690080000,132.37,132.49,132.37,132.49,140.150,1648690139999,18556.68679,118,81.978,10855.94599,0
1648690140000,132.48,132.72,132.48,132.65,808.240,1648690199999,107182.49567,338,587.665,77932.40127,0
1648690200000,132.65,132.72,132.58,132.67,1194.711,1648690259999,158461.94581,317,555.360,73672.27752,0
1648690260000,132.67,132.67,132.57,132.65,452.800,1648690319999,60051.87260,150,171.776,22783.08190,0
1648690320000,132.65,132.66,132.56,132.60,286.857,1648690379999,38041.54623,136,183.230,24298.83280,0
1648690380000,132.60,132.63,132.52,132.63,554.861,1648690439999,73557.37159,192,139.650,18516.92908,0
1648690440000,132.61,132.62,132.57,132.60,197.743,1648690499999,26219.67738,89,82.783,10977.30203,0
1648690500000,132.60,132.63,132.48,132.52,630.180,1648690559999,83548.27298,197,49.675,6585.86417,0
1648690560000,132.53,132.56,132.32,132.34,552.608,1648690619999,73157.84955,163,122.340,16200.97258,0
1648690620000,132.34,132.38,132.30,132.34,320.011,1648690679999,42353.44165,139,234.311,31012.73278,0
1648690680000,132.34,132.38,132.27,132.36,639.607,1648690739999,84651.30714,149,549.803,72770.77475,0
1648690740000,132.35,132.37,132.30,132.35,165.026,1648690799999,21842.04687,85,65.650,8688.87470,0
1648690800000,132.36,132.47,132.28,132.45,332.246,1648690859999,43974.98148,150,186.072,24633.18422,0
1648690860000,132.46,132.50,132.40,132.45,591.980,1648690919999,78414.24064,144,504.795,66867.57008,0
1648690920000,132.44,132.45,132.39,132.44,200.258,1648690979999,26519.41306,103,56.876,7532.13589,0
1648690980000,132.44,132.55,132.44,132.55,363.960,1648691039999,48217.57424,117,268.481,35570.09832,0
1648691040000,132.55,132.58,132.51,132.52,312.492,1648691099999,41420.83030,123,29.138,3862.00856,0
1648691100000,132.51,132.55,132.43,132.52,924.177,1648691159999,122434.33221,169,231.796,30710.88200,0
1648691160000,132.53,132.58,132.50,132.58,180.230,1648691219999,23885.75315,105,66.171,8769.06337,0
1648691220000,132.58,132.59,132.52,132.57,447.481,1648691279999,59318.01957,148,214.982,28502.75491,0
1648691280000,132.57,132.79,132.56,132.73,752.204,1648691339999,99824.86671,278,452.293,60018.49607,0
1648691340000,132.74,132.79,132.66,132.67,977.377,1648691399999,129700.14460,243,637.930,84657.85963,0
1648691400000,132.66,132.68,132.65,132.67,103.318,1648691459999,13706.05993,86,37.947,5034.39357,0
1648691460000,132.68,132.80,132.66,132.77,1035.941,1648691519999,137524.28662,199,364.695,48421.32624,0
1648691520000,132.76,132.80,132.75,132.76,93.009,1648691579999,12349.46900,87,31.419,4171.62561,0
1648691580000,132.76,132.84,132.72,132.82,1081.081,1648691639999,143544.65915,255,437.786,58141.24654,0
1648691640000,132.82,132.86,132.75,132.79,851.062,1648691699999,113008.40776,191,87.767,11657.40354,0
1648691700000,132.78,132.84,132.68,132.84,1037.506,1648691759999,137713.57532,237,133.913,17783.75873,0
1648691760000,132.83,132.87,132.79,132.84,191.060,1648691819999,25378.79684,107,95.884,12737.51554,0
1648691820000,132.84,132.85,132.77,132.80,153.654,1648691879999,20407.56095,146,79.513,10560.59297,0
1648691880000,132.80,132.85,132.70,132.73,2399.527,1648691939999,318523.93405,296,687.073,91212.87015,0
1648691940000,132.72,132.74,132.60,132.68,1053.659,1648691999999,139803.20213,209,281.256,37321.18671,0
1648692000000,132.66,132.73,132.61,132.66,614.406,1648692059999,81508.08223,229,148.574,19713.50106,0
1648692060000,132.68,132.69,132.64,132.68,270.356,1648692119999,35870.72827,85,133.624,17729.50236,0
1648692120000,132.67,132.68,132.44,132.54,1552.743,1648692179999,205795.81511,302,742.567,98402.60406,0
1648692180000,132.53,132.54,132.30,132.33,896.358,1648692239999,118675.89443,274,272.619,36088.87548,0
1648692240000,132.34,132.35,132.26,132.26,522.042,1648692299999,69071.98884,167,30.957,4096.62200,0
1648692300000,132.29,132.30,132.13,132.16,1454.025,1648692359999,192216.67357,395,247.441,32709.70691,0
1648692360000,132.16,132.18,132.04,132.07,699.817,1648692419999,92443.88592,286,192.043,25372.51472,0
1648692420000,132.07,132.13,132.06,132.07,340.964,1648692479999,45036.09943,153,182.221,24068.39660,0
1648692480000,132.07,132.08,132.00,132.05,1067.596,1648692539999,140957.88862,246,421.567,55670.00337,0
1648692540000,132.04,132.16,132.04,132.08,376.800,1648692599999,49771.81146,136,205.097,27091.16155,0
1648692600000,132.07,132.19,132.04,132.16,1060.342,1648692659999,140067.98917,263,651.755,86104.21150,0
1648692660000,132.16,132.19,132.10,132.18,199.485,1648692719999,26362.49519,158,133.201,17602.34237,0
1648692720000,132.18,132.18,132.11,132.13,261.893,1648692779999,34611.11264,169,112.550,14874.80165,0
1648692780000,132.12,132.20,132.12,132.16,301.904,1648692839999,39900.02192,155,132.502,17510.32447,0
1648692840000,132.16,132.24,132.16,132.20,479.966,1648692899999,63458.09590,162,459.572,60762.26230,0
1648692900000,132.19,132.36,132.19,132.32,442.822,1648692959999,58581.11455,256,195.167,25817.27696,0
1648692960000,132.31,132.46,132.26,132.43,422.265,1648693019999,55877.40805,202,171.876,22752.47825,0
1648693020000,132.42,132.42,132.33,132.40,425.536,1648693079999,56330.36613,177,209.281,27706.24065,0
1648693080000,132.41,132.41,132.31,132.33,344.866,1648693139999,45644.58612,196,118.305,15656.84469,0
1648693140000,132.33,132.41,132.24,132.37,855.323,1648693199999,113170.77898,305,463.839,61382.57329,0
1648693200000,132.36,132.36,132.27,132.30,467.513,1648693259999,61850.63421,163,183.414,24267.69731,0
1648693260000,132.32,132.39,132.31,132.34,350.188,1648693319999,46352.14189,177,218.552,28930.84275,0
1648693320000,132.34,132.40,132.32,132.34,187.173,1648693379999,24775.07208,133,113.135,14974.62856,0
1648693380000,132.34,132.37,132.26,132.29,309.970,1648693439999,41007.86429,164,58.627,7756.40772,0
1648693440000,132.30,132.33,132.28,132.31,235.893,1648693499999,31209.57774,158,137.656,18212.60140,0
1648693500000,132.31,132.36,132.30,132.31,268.869,1648693559999,35580.75139,134,119.956,15874.78653,0
1648693560000,132.30,132.34,132.27,132.32,110.717,1648693619999,14648.21732,117,93.962,12431.78799,0
1648693620000,132.32,132.37,132.28,132.28,483.726,1648693679999,64012.40701,193,66.726,8830.49045,0
1648693680000,132.29,132.32,132.28,132.31,211.957,1648693739999,28042.40977,151,147.140,19467.60054,0
1648693740000,132.32,132.35,132.26,132.28,271.255,1648693799999,35888.63776,169,191.127,25287.68926,0
1648693800000,132.28,132.32,132.10,132.10,523.044,1648693859999,69158.14711,223,162.335,21465.00034,0
1648693860000,132.09,132.09,132.00,132.02,1757.052,1648693919999,231998.62677,457,262.814,34708.39549,0
1648693920000,132.02,132.03,131.83,131.88,1745.950,1648693979999,230334.62925,481,366.116,48290.09791,0
1648693980000,131.90,131.97,131.87,131.87,1727.430,1648694039999,227887.85745,243,742.386,97947.42262,0
1648694040000,131.86,131.90,131.82,131.84,464.715,1648694099999,61282.24610,193,64.451,8499.01399,0
1648694100000,131.83,131.83,131.60,131.63,1344.792,1648694159999,177120.65873,455,110.875,14600.69072,0
1648694160000,131.62,131.76,131.60,131.73,1331.569,1648694219999,175364.38380,320,814.794,107311.68342,0
1648694220000,131.74,131.81,131.65,131.68,872.676,1648694279999,114945.10714,222,606.438,79876.86707,0
1648694280000,131.69,131.70,131.62,131.63,316.266,1648694339999,41645.26169,152,130.260,17153.78426,0
1648694340000,131.63,131.69,131.62,131.63,416.028,1648694399999,54769.35041,222,92.837,12223.95324,0
1648694400000,131.63,131.77,131.63,131.76,347.237,1648694459999,45731.47790,143,291.277,38361.18787,0
1648694460000,131.79,131.79,131.72,131.74,362.410,1648694519999,47748.63364,131,179.375,23634.97098,0
1648694520000,131.73,131.79,131.65,131.66,882.920,1648694579999,116287.86997,248,157.248,20710.25781,0
1648694580000,131.66,131.73,131.64,131.64,292.649,1648694639999,38541.17875,101,204.784,26970.87257,0
1648694640000,131.65,131.67,131.55,131.61,966.704,1648694699999,127217.36869,263,171.739,22604.28839,0
1648694700000,131.61,131.62,131.55,131.56,549.176,1648694759999,72263.92014,212,394.298,51885.29736,0
1648694760000,131.54,131.55,131.46,131.50,1032.694,1648694819999,135810.33113,267,354.027,46560.99927,0
1648694820000,131.50,131.63,131.50,131.58,552.755,1648694879999,72722.10649,149,360.296,47405.97045,0
1648694880000,131.59,131.69,131.59,131.63,572.260,1648694939999,75327.67205,172,500.630,65896.88124,0
1648694940000,131.64,131.66,131.53,131.53,185.013,1648694999999,24343.95220,117,57.811,7608.23136,0
1648695000000,131.52,131.59,131.48,131.55,520.419,1648695059999,68455.66250,190,353.041,46437.14816,0
1648695060000,131.55,131.57,131.38,131.40,2881.662,1648695119999,378904.38178,404,1567.893,206172.26773,0
1648695120000,131.40,131.48,131.36,131.48,1046.151,1648695179999,137472.49041,279,487.401,64057.72413,0
1648695180000,131.48,131.55,131.45,131.45,660.457,1648695239999,86841.98740,184,231.507,30443.32110,0
1648695240000,131.46,131.57,131.46,131.55,282.129,1648695299999,37097.38529,142,90.566,11910.46161,0
1648695300000,131.56,131.65,131.54,131.61,805.074,1648695359999,105934.69323,187,110.167,14498.76504,0
1648695360000,131.60,131.67,131.55,131.66,592.100,1648695419999,77917.26056,133,391.129,51469.04684,0
1648695420000,131.67,131.69,131.57,131.69,201.599,1648695479999,26538.82749,152,84.447,11117.23097,0
1648695480000,131.69,131.80,131.69,131.80,683.613,1648695539999,90044.79081,194,476.759,62800.51497,0
1648695540000,131.79,131.82,131.72,131.76,984.591,1648695599999,129760.53894,140,59.903,7893.26144,0
1648695600000,131.79,131.85,131.76,131.78,1306.849,1648695659999,172258.99358,216,645.102,85035.84819,0
1648695660000,131.79,131.84,131.75,131.77,358.621,1648695719999,47262.26750,117,173.257,22836.26488,0
1648695720000,131.76,131.80,131.73,131.74,581.599,1648695779999,76644.93884,144,475.384,62649.79103,0
1648695780000,131.75,131.75,131.67,131.68,680.979,1648695839999,89686.47190,215,247.140,32551.97555,0
1648695840000,131.68,131.70,131.61,131.62,816.347,1648695899999,107472.16022,235,254.795,33548.35565,0
1648695900000,131.62,131.65,131.41,131.41,1144.228,1648695959999,150535.81843,333,338.303,44522.86583,0
1648695960000,131.41,131.46,131.36,131.41,1055.316,1648696019999,138675.77366,324,348.592,45806.10693,0
1648696020000,131.41,131.66,131.41,131.66,483.172,1648696079999,63559.19591,254,341.486,44918.71813,0
1648696080000,131.66,131.73,131.65,131.67,467.404,1648696139999,61554.28475,202,180.323,23747.49237,0
1648696140000,131.65,131.75,131.62,131.74,357.461,1648696199999,47065.50480,186,98.963,13031.26439,0
1648696200000,131.75,131.78,131.70,131.72,113.161,1648696259999,14907.78884,157,37.409,4928.48239,0
1648696260000,131.72,131.76,131.67,131.74,214.205,1648696319999,28217.46391,108,110.169,14512.01039,0
1648696320000,131.74,131.87,131.74,131.82,506.618,1648696379999,66776.98457,187,329.899,43486.52599,0
1648696380000,131.82,131.88,131.82,131.85,108.802,1648696439999,14346.56876,106,63.520,8375.55655,0
1648696440000,131.85,131.96,131.85,131.96,746.221,1648696499999,98437.45304,176,689.471,90953.41560,0
1648696500000,131.94,132.03,131.92,132.01,678.913,1648696559999,89598.95802,214,510.292,67349.72687,0
1648696560000,132.02,132.11,131.91,132.00,2039.579,1648696619999,269222.51503,375,593.553,78346.16687,0
1648696620000,132.00,132.10,132.00,132.02,1745.848,1648696679999,230550.09393,314,1532.840,202420.82659,0
1648696680000,132.02,132.05,132.00,132.03,101.424,1648696739999,13390.79316,126,69.417,9165.23666,0
1648696740000,132.02,132.03,131.97,132.01,94.594,1648696799999,12486.62770,103,25.839,3411.00735,0
1648696800000,132.02,132.06,131.94,132.04,540.356,1648696859999,71311.62574,203,53.867,7111.10944,0
1648696860000,132.04,132.06,131.96,131.96,2112.626,1648696919999,278880.54366,280,27.785,3668.32323,0
1648696920000,131.96,131.96,131.77,131.77,323.044,1648696979999,42593.38349,137,119.288,15728.13076,0
1648696980000,131.77,131.89,131.77,131.89,379.640,1648697039999,50036.40851,126,227.035,29924.15129,0
1648697040000,131.89,131.89,131.85,131.85,261.009,1648697099999,34418.20191,88,215.994,28481.89145,0
1648697100000,131.85,131.93,131.85,131.88,573.419,1648697159999,75612.60644,135,59.798,7886.21171,0
1648697160000,131.88,131.89,131.80,131.88,235.221,1648697219999,31009.96844,127,38.415,5064.97321,0
1648697220000,131.87,131.88,131.72,131.80,462.235,1648697279999,60925.70459,211,134.938,17784.24344,0
1648697280000,131.80,131.86,131.80,131.85,153.667,1648697339999,20256.29236,82,124.326,16388.71561,0
1648697340000,131.85,131.95,131.85,131.89,711.660,1648697399999,93885.04476,222,365.876,48264.04959,0
1648697400000,131.89,131.94,131.86,131.86,351.684,1648697459999,46383.82422,152,96.734,12757.21710,0
1648697460000,131.87,131.87,131.67,131.74,570.242,1648697519999,75151.14690,219,76.229,10047.31913,0
1648697520000,131.74,131.79,131.66,131.72,503.085,1648697579999,66285.10779,175,371.604,48963.18613,0
1648697580000,131.72,131.72,131.63,131.65,316.546,1648697639999,41684.37492,172,216.106,28458.78800,0
1648697640000,131.65,131.66,131.57,131.57,730.663,1648697699999,96154.84154,188,148.004,19477.17306,0
1648697700000,131.57,131.60,131.56,131.56,92.865,1648697759999,12218.69861,100,66.183,8708.12607,0
1648697760000,131.56,131.62,131.47,131.47,302.772,1648697819999,39826.20182,193,119.167,15679.29291,0
1648697820000,131.46,131.56,131.46,131.49,608.613,1648697879999,80039.06299,217,237.226,31194.12432,0
1648697880000,131.49,131.55,131.46,131.52,360.708,1648697939999,47437.51433,164,263.202,34617.26997,0
1648697940000,131.52,131.52,131.46,131.46,83.367,1648697999999,10960.78432,92,5.897,775.35957,0
1648698000000,131.46,131.62,131.46,131.59,384.030,1648698059999,50512.80908,179,330.037,43411.15288,0
1648698060000,131.59,131.67,131.57,131.61,574.560,1648698119999,75624.36695,253,310.617,40885.12832,0
1648698120000,131.61,131.64,131.56,131.60,145.454,1648698179999,19142.37530,157,40.522,5332.81658,0
1648698180000,131.60,131.69,131.60,131.69,152.842,1648698239999,20119.41234,88,97.071,12778.75193,0
1648698240000,131.68,131.68,131.60,131.61,373.149,1648698299999,49117.71958,179,52.817,6951.89910,0
1648698300000,131.61,131.67,131.60,131.64,188.091,1648698359999,24760.31513,142,114.622,15090.13745,0
1648698360000,131.63,131.63,131.53,131.56,895.257,1648698419999,117780.25089,235,88.162,11598.44566,0
1648698420000,131.56,131.59,131.51,131.52,408.536,1648698479999,53740.47920,189,115.842,15238.60057,0
1648698480000,131.52,131.56,131.49,131.50,214.683,1648698539999,28236.88636,167,69.030,9079.89733,0
1648698540000,131.49,131.49,131.35,131.36,788.817,1648698599999,103660.71374,208,97.559,12821.09426,0
1648698600000,131.35,131.46,131.35,131.38,467.996,1648698659999,61503.35904,177,274.423,36066.19897,0
1648698660000,131.35,131.42,131.35,131.41,465.267,1648698719999,61132.66975,174,404.337,53128.21860,0
1648698720000,131.40,131.40,131.31,131.32,4394.696,1648698779999,577091.11087,287,178.096,23390.61063,0
1648698780000,131.32,131.41,131.31,131.37,1357.715,1648698839999,178297.01927,208,225.566,29629.78960,0
1648698840000,131.37,131.38,131.33,131.35,401.641,1648698899999,52759.12525,151,84.283,11072.53216,0
1648698900000,131.35,131.45,131.35,131.41,652.143,1648698959999,85701.64543,174,585.125,76894.76870,0
1648698960000,131.42,131.47,131.34,131.34,346.938,1648699019999,45591.60795,125,219.377,28834.47649,0
1648699020000,131.34,131.36,131.32,131.36,396.504,1648699079999,52077.26743,174,241.321,31695.94273,0
1648699080000,131.37,131.43,131.36,131.41,507.968,1648699139999,66746.14766,205,268.517,35282.54633,0
1648699140000,131.41,131.47,131.41,131.44,242.292,1648699199999,31845.18117,127,164.608,21634.28803,0
1648699200000,131.43,131.50,131.42,131.49,553.238,1648699259999,72718.20878,232,258.212,33942.10671,0
1648699260000,131.49,131.65,131.49,131.64,531.242,1648699319999,69919.58021,216,355.592,46802.12636,0
1648699320000,131.65,131.65,131.58,131.59,526.610,1648699379999,69313.43730,272,229.127,30158.86437,0
1648699380000,131.59,131.62,131.54,131.56,614.493,1648699439999,80853.91014,198,187.424,24665.32888,0
1648699440000,131.56,131.57,131.41,131.41,318.380,1648699499999,41868.48075,200,127.901,16819.50219,0
1648699500000,131.41,131.45,131.40,131.43,225.189,1648699559999,29596.03515,203,110.954,14581.99253,0
1648699560000,131.43,131.48,131.41,131.44,436.205,1648699619999,57338.05850,149,257.906,33902.97582,0
1648699620000,131.45,131.57,131.43,131.57,440.029,1648699679999,57872.35987,224,266.609,35065.20078,0
1648699680000,131.57,131.73,131.56,131.67,715.932,1648699739999,94254.14190,270,568.707,74873.35305,0
1648699740000,131.67,131.73,131.61,131.63,591.383,1648699799999,77871.73130,239,375.596,49462.03417,0
1648699800000,131.63,131.73,131.55,131.57,452.278,1648699859999,59531.32417,157,67.066,8828.33454,0
1648699860000,131.57,131.63,131.50,131.63,312.201,1648699919999,41071.60864,146,151.809,19975.26093,0
1648699920000,131.63,131.75,131.63,131.71,812.795,1648699979999,107033.06250,219,439.594,57897.46001,0
1648699980000,131.71,131.82,131.71,131.81,451.837,1648700039999,59538.92234,230,368.936,48616.27673,0
1648700040000,131.82,131.85,131.80,131.83,297.344,1648700099999,39195.39692,197,145.895,19231.74424,0
1648700100000,131.83,131.98,131.83,131.92,470.691,1648700159999,62081.81902,299,372.007,49063.92332,0
1648700160000,131.93,131.94,131.85,131.87,483.473,1648700219999,63770.40926,248,141.207,18625.88851,0
1648700220000,131.87,131.98,131.82,131.94,747.646,1648700279999,98623.36269,295,442.812,58415.82751,0
1648700280000,131.94,131.95,131.87,131.92,633.788,1648700339999,83615.88884,188,171.384,22611.53795,0
1648700340000,131.91,131.94,131.85,131.91,411.348,1648700399999,54252.60580,182,157.330,20749.94998,0
1648700400000,131.90,131.93,131.89,131.90,382.413,1648700459999,50443.60167,175,106.156,14003.87104,0
1648700460000,131.90,131.91,131.65,131.71,1155.876,1648700519999,152268.73075,274,242.595,31961.12457,0
1648700520000,131.71,131.76,131.68,131.69,407.404,1648700579999,53663.23236,172,182.933,24098.49263,0
1648700580000,131.68,131.75,131.63,131.64,615.058,1648700639999,80989.67326,232,186.220,24525.48717,0
1648700640000,131.63,131.66,131.57,131.57,296.937,1648700699999,39079.13845,141,79.305,10438.33092,0
1648700700000,131.57,131.57,131.46,131.48,669.396,1648700759999,88032.61391,351,313.432,41217.10040,0
1648700760000,131.48,131.60,131.48,131.56,249.805,1648700819999,32863.63179,141,127.483,16771.57050,0
1648700820000,131.55,131.55,131.07,131.29,17709.694,1648700879999,2325572.45245,1563,2240.475,294141.64862,0
1648700880000,131.29,131.30,131.15,131.20,903.481,1648700939999,118556.82073,248,402.706,52849.54020,0
1648700940000,131.20,131.24,131.10,131.13,494.787,1648700999999,64909.45692,221,172.806,22673.76110,0
1648701000000,131.14,131.28,131.03,131.21,1996.380,1648701059999,261778.31283,442,975.850,128006.06540,0
1648701060000,131.21,131.28,131.21,131.25,331.818,1648701119999,43551.51583,174,218.402,28666.25372,0
1648701120000,131.24,131.30,130.53,130.66,18035.273,1648701179999,2359774.51985,2576,6073.697,794304.22378,0
1648701180000,130.65,130.76,130.62,130.66,2285.877,1648701239999,298753.53002,501,1255.594,164101.71836,0
1648701240000,130.67,130.81,128.74,129.52,62453.867,1648701299999,8100255.19062,8552,21887.016,2838584.08681,0
1648701300000,129.52,130.09,129.32,129.91,21220.863,1648701359999,2752443.48063,3315,12543.173,1626999.17508,0
1648701360000,129.92,130.00,129.77,129.82,6218.568,1648701419999,807757.72718,1250,2543.706,330428.05750,0
1648701420000,129.83,129.83,128.54,129.28,24755.527,1648701479999,3195012.13125,4575,10516.710,1356969.20697,0
1648701480000,129.29,129.39,129.24,129.28,2730.778,1648701539999,353218.86930,730,1748.322,226159.57249,0
1648701540000,129.27,129.40,129.21,129.39,2446.704,1648701599999,316406.76634,698,1817.138,234990.57049,0
1648701600000,129.39,129.57,129.36,129.39,4493.267,1648701659999,581684.37535,944,2237.367,289664.99609,0
1648701660000,129.38,129.46,129.24,129.24,3437.051,1648701719999,444657.31715,612,1574.650,203752.48980,0
1648701720000,129.24,129.29,129.08,129.10,2716.016,1648701779999,350927.79227,669,1126.583,145574.49014,0
1648701780000,129.10,129.23,129.00,129.19,2862.414,1648701839999,369630.39351,697,1375.355,177604.04876,0
1648701840000,129.19,129.28,129.04,129.28,2482.731,1648701899999,320660.24532,546,1135.043,146627.47361,0
1648701900000,129.27,129.42,129.15,129.33,3366.857,1648701959999,435316.89685,662,2374.180,307010.77064,0
1648701960000,129.33,129.33,129.15,129.16,1872.186,1648702019999,241936.52434,431,653.261,84401.75607,0
1648702020000,129.16,129.25,129.15,129.23,1139.121,1648702079999,147168.27949,393,652.297,84279.00977,0
1648702080000,129.22,129.40,129.17,129.36,2318.145,1648702139999,299613.72556,500,949.994,122804.84350,0
1648702140000,129.37,129.46,129.35,129.40,1126.783,1648702199999,145810.81655,381,443.663,57413.95247,0
1648702200000,129.41,129.53,129.31,129.32,1657.762,1648702259999,214538.95837,458,953.513,123414.63643,0
1648702260000,129.33,129.33,129.14,129.16,936.007,1648702319999,120975.05123,320,271.096,35043.49112,0
1648702320000,129.15,129.28,129.15,129.18,714.244,1648702379999,92279.92365,290,485.859,62773.08805,0
1648702380000,129.18,129.32,129.17,129.29,682.950,1648702439999,88287.30469,271,517.748,66933.92387,0
1648702440000,129.30,129.31,129.11,129.20,1418.932,1648702499999,183296.82660,424,573.729,74118.70217,0
1648702500000,129.21,129.30,129.12,129.12,2140.948,1648702559999,276707.43274,467,1173.212,151661.21589,0
1648702560000,129.13,129.31,129.10,129.29,1294.032,1648702619999,167263.09384,323,942.205,121781.25282,0
1648702620000,129.29,129.40,129.27,129.32,1409.956,1648702679999,182352.60525,339,1032.346,133522.40496,0
1648702680000,129.31,129.54,129.29,129.45,3923.156,1648702739999,507783.87048,622,3069.574,397277.24371,0
1648702740000,129.45,129.53,129.30,129.40,2745.404,1648702799999,355253.60529,548,1710.400,221318.93703,0
1648702800000,129.40,129.67,129.26,129.58,5943.525,1648702859999,769637.09111,1071,3820.217,494827.54247,0
1648702860000,129.59,129.69,129.54,129.66,2539.430,1648702919999,329174.13391,688,1639.136,212485.53590,0
1648702920000,129.63,129.63,129.50,129.57,1481.395,1648702979999,191945.50367,536,748.786,97025.91518,0
1648702980000,129.57,129.63,129.50,129.50,1463.314,1648703039999,189583.59644,453,777.228,100698.68332,0
1648703040000,129.51,129.54,129.08,129.34,6582.270,1648703099999,851318.67871,1159,1694.044,219063.78979,0
1648703100000,129.35,129.81,129.30,129.67,4632.637,1648703159999,600266.03256,966,1893.435,245548.97940,0
1648703160000,129.67,129.67,129.49,129.56,1780.025,1648703219999,230613.34801,506,1302.728,168774.81305,0
1648703220000,129.56,129.65,129.35,129.62,3886.286,1648703279999,503306.07271,755,2293.639,297026.10556,0
1648703280000,129.62,129.72,129.57,129.70,1307.032,1648703339999,169474.01866,420,942.020,122147.91394,0
1648703340000,129.71,129.78,129.66,129.69,2145.851,1648703399999,278347.97925,569,835.037,108329.99954,0
1648703400000,129.69,129.77,129.64,129.74,1619.585,1648703459999,210057.91664,420,486.483,63102.37761,0
1648703460000,129.74,129.77,129.60,129.65,1336.971,1648703519999,173375.52658,355,465.518,60373.94695,0
1648703520000,129.65,129.67,129.48,129.63,2075.916,1648703579999,268991.14514,513,887.386,114980.94493,0
1648703580000,129.62,129.69,129.50,129.69,455.739,1648703639999,59059.56021,213,297.510,38557.05660,0
1648703640000,129.68,129.68,129.51,129.57,2071.495,1648703699999,268416.71382,385,662.806,85880.02649,0
1648703700000,129.57,129.74,129.56,129.60,1693.750,1648703759999,219597.23554,418,1037.432,134515.82123,0
1648703760000,129.61,129.69,129.57,129.57,892.512,1648703819999,115694.95796,251,313.906,40695.37075,0
1648703820000,129.56,129.63,129.43,129.48,2928.590,1648703879999,379268.69005,503,1086.006,140689.38162,0
1648703880000,129.46,129.53,129.46,129.48,175.829,1648703939999,22768.37465,155,64.034,8292.26041,0
1648703940000,129.49,129.51,129.44,129.50,512.573,1648703999999,66365.45060,199,190.141,24621.20008,0
1648704000000,129.49,129.63,129.49,129.62,1097.661,1648704059999,142179.14766,222,683.448,88533.39464,0
1648704060000,129.61,129.64,129.54,129.60,1615.600,1648704119999,209378.77836,322,1042.335,135092.58054,0
1648704120000,129.60,129.67,129.58,129.65,455.544,1648704179999,59046.57961,200,264.586,34295.94973,0
1648704180000,129.64,129.76,129.63,129.69,799.926,1648704239999,103751.57046,297,500.979,64982.78839,0
1648704240000,129.70,129.78,129.66,129.76,1435.772,1648704299999,186257.27792,423,325.041,42169.73003,0
1648704300000,129.75,129.80,129.67,129.71,1854.676,1648704359999,240598.04786,416,654.278,84885.03940,0
1648704360000,129.70,129.76,129.69,129.74,667.077,1648704419999,86545.01825,182,532.460,69081.44001,0
1648704420000,129.76,129.92,129.76,129.91,1467.799,1648704479999,190574.55211,386,1024.177,132964.02989,0
1648704480000,129.90,130.12,129.90,130.09,3911.866,1648704539999,508549.70566,675,2835.849,368672.93376,0
1648704540000,130.08,130.15,130.05,130.10,2152.916,1648704599999,280092.57395,474,794.979,103438.61889,0
1648704600000,130.10,130.13,130.04,130.09,1262.765,1648704659999,164266.42289,285,381.909,49685.95772,0
1648704660000,130.08,130.10,130.01,130.08,1655.029,1648704719999,215231.97583,386,261.953,34074.30253,0
1648704720000,130.07,130.15,130.05,130.12,1006.717,1648704779999,130958.23249,249,812.299,105666.54547,0
1648704780000,130.11,130.18,130.05,130.10,1497.026,1648704839999,194772.72206,418,665.904,86650.61563,0
1648704840000,130.09,130.15,130.07,130.09,978.557,1648704899999,127313.01720,300,453.080,58952.60569,0
1648704900000,130.08,130.09,130.02,130.07,1145.531,1648704959999,148972.58849,241,162.835,21178.73127,0
1648704960000,130.08,130.20,130.08,130.15,924.775,1648705019999,120356.90461,304,387.927,50486.21225,0
1648705020000,130.15,130.20,130.10,130.13,391.675,1648705079999,50974.77035,210,176.831,23014.65152,0
1648705080000,130.13,130.13,130.03,130.09,673.109,1648705139999,87556.26498,230,219.867,28606.75564,0
1648705140000,130.10,130.11,130.03,130.08,299.731,1648705199999,38983.36634,185,148.037,19254.85319,0
1648705200000,130.08,130.17,129.96,130.15,2905.053,1648705259999,377739.84195,440,473.907,61656.33407,0
1648705260000,130.15,130.22,130.09,130.12,1075.942,1648705319999,140057.51838,352,536.466,69842.19723,0
1648705320000,130.12,130.17,130.10,130.16,349.452,1648705379999,45475.56215,153,240.763,31332.74104,0
1648705380000,130.16,130.17,130.07,130.11,431.416,1648705439999,56137.30230,223,190.780,24824.00579,0
1648705440000,130.12,130.20,130.12,130.19,442.966,1648705499999,57649.26887,210,152.367,19832.40168,0
1648705500000,130.19,130.21,130.08,130.13,1056.915,1648705559999,137550.79682,292,405.125,52732.91679,0
1648705560000,130.13,130.33,130.11,130.24,3736.394,1648705619999,486711.31953,582,3055.812,398041.08267,0
1648705620000,130.25,130.27,130.22,130.25,301.596,1648705679999,39282.86887,140,129.585,16878.47609,0
1648705680000,130.24,130.29,130.24,130.25,246.720,1648705739999,32138.15941,142,114.212,14877.41385,0
1648705740000,130.26,130.29,130.17,130.24,709.127,1648705799999,92364.34284,237,445.910,58085.43238,0
1648705800000,130.24,130.25,130.15,130.19,880.797,1648705859999,114681.29732,246,145.322,18920.61683,0
1648705860000,130.20,130.30,130.18,130.28,552.729,1648705919999,71981.13271,331,259.337,33775.39162,0
1648705920000,130.28,130.29,130.25,130.27,606.180,1648705979999,78967.16379,220,440.122,57336.41759,0
1648705980000,130.26,130.30,130.26,130.26,378.797,1648706039999,49353.08260,188,243.792,31764.27158,0
1648706040000,130.26,130.30,130.26,130.26,394.255,1648706099999,51361.50969,189,97.152,12657.59707,0
1648706100000,130.26,130.30,130.24,130.28,952.453,1648706159999,124073.77465,235,311.237,40548.12550,0
1648706160000,130.29,130.29,130.25,130.25,276.498,1648706219999,36018.97588,200,122.413,15947.64585,0
1648706220000,130.26,130.30,130.25,130.30,489.374,1648706279999,63756.33870,196,196.840,25645.19768,0
1648706280000,130.30,130.35,130.23,130.25,730.612,1648706339999,95200.09822,256,367.955,47950.99146,0
1648706340000,130.25,130.29,130.20,130.25,553.165,1648706399999,72044.32349,198,134.938,17573.03775,0
1648706400000,130.24,130.24,130.10,130.11,1356.149,1648706459999,176518.12883,311,291.833,37979.15554,0
1648706460000,130.10,130.13,130.04,130.04,752.450,1648706519999,97889.31746,310,181.383,23597.88418,0
1648706520000,130.05,130.05,129.93,129.97,1000.950,1648706579999,130106.69691,324,181.515,23598.18577,0
1648706580000,129.98,129.99,129.91,129.95,1092.221,1648706639999,141936.07617,287,484.770,63002.55046,0
1648706640000,129.95,129.97,129.91,129.95,736.742,1648706699999,95728.75200,242,331.986,43137.27719,0
1648706700000,129.94,129.98,129.92,129.98,867.236,1648706759999,112683.11670,214,193.773,25182.12060,0
1648706760000,129.98,130.03,129.96,129.96,531.477,1648706819999,69088.96444,257,352.137,45776.07230,0
1648706820000,129.96,130.01,129.96,129.99,340.856,1648706879999,44308.62491,184,206.220,26807.59167,0
1648706880000,129.98,130.02,129.96,129.96,815.171,1648706939999,105972.21067,308,473.641,61576.30110,0
1648706940000,129.97,130.04,129.95,129.99,545.868,1648706999999,70964.27289,206,413.136,53713.06611,0
1648707000000,130.00,130.00,129.92,130.00,523.076,1648707059999,67975.52912,130,116.993,15205.26603,0
1648707060000,129.99,130.02,129.94,130.02,423.020,1648707119999,54979.13239,151,201.855,26235.29645,0
1648707120000,130.01,130.03,130.01,130.02,710.497,1648707179999,92380.44395,151,668.036,86859.95064,0
1648707180000,130.03,130.19,130.03,130.19,1005.011,1648707239999,130761.43589,153,797.433,103752.54345,0
1648707240000,130.18,130.20,130.14,130.18,678.352,1648707299999,88300.45976,210,418.707,54504.38834,0
1648707300000,130.19,130.19,130.11,130.12,675.108,1648707359999,87857.98781,223,83.373,10849.05488,0
1648707360000,130.11,130.16,130.09,130.11,484.494,1648707419999,63047.09096,276,237.885,30958.23039,0
1648707420000,130.11,130.17,130.11,130.13,331.684,1648707479999,43166.46249,126,179.621,23376.80503,0
1648707480000,130.13,130.14,130.10,130.13,479.806,1648707539999,62434.83932,247,60.054,7814.66200,0
1648707540000,130.12,130.20,130.12,130.19,425.999,1648707599999,55442.37600,208,308.526,40155.28701,0
1648707600000,130.19,130.20,130.13,130.19,1116.110,1648707659999,145283.03701,274,270.677,35237.51463,0
1648707660000,130.19,130.19,130.17,130.18,224.666,1648707719999,29247.20797,192,93.420,12161.43735,0
1648707720000,130.19,130.20,130.16,130.19,221.465,1648707779999,28828.97817,185,50.383,6559.32224,0
1648707780000,130.19,130.21,130.19,130.19,215.991,1648707839999,28121.83523,178,131.868,17169.27679,0
1648707840000,130.19,130.31,130.19,130.31,939.380,1648707899999,122379.83710,226,831.271,108299.22042,0
1648707900000,130.30,130.31,130.21,130.23,1145.977,1648707959999,149264.88506,349,127.224,16574.87496,0
1648707960000,130.24,130.28,130.23,130.26,225.562,1648708019999,29380.67366,183,67.227,8757.18346,0
1648708020000,130.26,130.32,130.26,130.29,241.284,1648708079999,31437.14194,198,71.459,9311.34012,0
1648708080000,130.29,130.32,130.26,130.29,678.968,1648708139999,88459.34413,275,84.228,10974.97060,0
1648708140000,130.30,130.34,130.28,130.34,412.904,1648708199999,53806.40368,169,290.864,37904.53099,0
1648708200000,130.34,130.34,130.30,130.30,239.371,1648708259999,31194.16741,275,80.534,10495.73872,0
1648708260000,130.30,130.35,130.30,130.35,202.962,1648708319999,26452.12338,146,129.029,16816.73656,0
1648708320000,130.34,130.36,130.32,130.33,533.913,1648708379999,69592.26707,233,422.020,55008.95290,0
1648708380000,130.33,130.42,130.30,130.41,949.763,1648708439999,123812.05222,398,560.587,73090.39491,0
1648708440000,130.40,130.48,130.39,130.46,777.454,1648708499999,101412.47264,349,562.219,73340.11962,0
1648708500000,130.47,130.49,130.42,130.43,2110.733,1648708559999,275379.24644,299,466.575,60870.98823,0
1648708560000,130.43,130.50,130.43,130.48,736.627,1648708619999,96101.75249,216,193.776,25282.24015,0
1648708620000,130.47,130.50,130.45,130.46,931.369,1648708679999,121522.93079,212,290.501,37903.05256,0
1648708680000,130.45,130.53,130.45,130.52,412.148,1648708739999,53780.98212,141,378.724,49420.27661,0
1648708740000,130.52,130.54,130.46,130.49,632.243,1648708799999,82505.67565,262,210.956,27529.93575,0
1648708800000,130.49,130.54,130.44,130.53,1069.403,1648708859999,139535.31211,156,556.666,72641.51525,0
1648708860000,130.53,130.54,130.50,130.53,219.222,1648708919999,28614.29831,138,88.009,11488.04446,0
1648708920000,130.54,130.54,130.50,130.51,405.848,1648708979999,52971.41586,188,40.249,5253.31935,0
1648708980000,130.51,130.58,130.51,130.58,342.415,1648709039999,44704.63380,187,273.588,35720.28374,0
1648709040000,130.57,130.59,130.55,130.57,301.694,1648709099999,39390.00393,151,127.766,16682.80036,0
1648709100000,130.58,130.58,130.50,130.51,833.218,1648709159999,108762.68820,216,276.617,36108.88581,0
1648709160000,130.50,130.56,130.45,130.48,1045.069,1648709219999,136362.78287,267,503.058,65640.57570,0
1648709220000,130.47,130.51,130.47,130.50,328.181,1648709279999,42823.89262,129,238.068,31065.84384,0
1648709280000,130.51,130.66,130.51,130.64,1728.966,1648709339999,225795.97134,276,1537.176,200745.68441,0
1648709340000,130.66,130.71,130.64,130.68,449.157,1648709399999,58696.07202,247,263.828,34479.00751,0
1648709400000,130.69,130.69,130.63,130.65,908.404,1648709459999,118693.50529,219,163.544,21369.78769,0
1648709460000,130.65,130.65,130.50,130.52,1372.922,1648709519999,179261.33466,277,330.045,43089.20411,0
1648709520000,130.53,130.55,130.46,130.47,533.426,1648709579999,69615.54324,214,87.272,11389.65878,0
1648709580000,130.48,130.48,130.44,130.45,100.917,1648709639999,13164.93139,113,22.823,2977.32683,0
1648709640000,130.45,130.48,130.43,130.46,173.202,1648709699999,22595.89642,154,108.217,14118.40798,0
1648709700000,130.47,130.50,130.43,130.49,213.942,1648709759999,27911.24040,162,94.968,12389.97689,0
1648709760000,130.49,130.49,130.42,130.46,600.180,1648709819999,78310.16207,121,56.563,7378.83326,0
1648709820000,130.46,130.48,130.41,130.46,268.103,1648709879999,34971.08816,152,60.523,7894.74003,0
1648709880000,130.46,130.49,130.46,130.47,176.079,1648709939999,22974.51072,101,96.767,12626.28582,0
1648709940000,130.47,130.52,130.42,130.47,1392.772,1648709999999,181700.40646,176,635.398,82914.21344,0
1648710000000,130.47,130.54,130.37,130.40,1604.761,1648710059999,209311.69226,280,328.274,42818.73331,0
1648710060000,130.39,130.42,130.27,130.27,693.829,1648710119999,90447.47615,233,26.577,3465.39126,0
1648710120000,130.27,130.29,130.17,130.20,1520.036,1648710179999,197949.59254,311,459.593,59852.92261,0
1648710180000,130.20,130.28,130.19,130.25,408.678,1648710239999,53221.05222,169,206.835,26937.36195,0
1648710240000,130.27,130.28,130.21,130.22,211.790,1648710299999,27583.38610,213,62.575,8150.97456,0
1648710300000,130.22,130.22,130.08,130.14,1097.531,1648710359999,142849.06144,353,100.560,13086.52941,0
1648710360000,130.12,130.22,130.10,130.20,164.517,1648710419999,21412.36253,133,93.505,12171.06212,0
1648710420000,130.21,130.24,130.18,130.19,413.099,1648710479999,53787.84669,223,159.036,20709.34780,0
1648710480000,130.18,130.27,130.18,130.27,161.216,1648710539999,20992.28910,102,129.099,16811.05214,0
1648710540000,130.27,130.27,130.18,130.20,358.591,1648710599999,46699.79684,129,101.279,13192.79225,0
1648710600000,130.20,130.22,130.18,130.18,539.103,1648710659999,70183.62579,137,103.423,13465.67628,0
1648710660000,130.18,130.23,130.18,130.22,223.792,1648710719999,29139.44786,138,179.984,23435.55941,0
1648710720000,130.22,130.26,130.22,130.24,267.474,1648710779999,34835.49111,165,190.877,24860.05878,0
1648710780000,130.24,130.24,130.18,130.19,147.389,1648710839999,19192.50621,77,11.659,1518.19160,0
1648710840000,130.20,130.37,130.19,130.32,838.294,1648710899999,109216.08007,213,625.246,81462.28850,0
1648710900000,130.33,130.40,130.30,130.34,589.331,1648710959999,76812.72812,179,157.559,20540.95096,0
1648710960000,130.35,130.38,130.32,130.38,289.458,1648711019999,37732.19725,127,175.295,22851.62443,0
1648711020000,130.38,130.38,130.32,130.36,295.956,1648711079999,38581.84210,162,202.476,26395.91148,0
1648711080000,130.38,130.38,130.32,130.35,246.004,1648711139999,32068.86613,107,138.188,18016.15990,0
1648711140000,130.35,130.35,130.32,130.32,381.769,1648711199999,49756.95764,79,55.866,7281.85689,0
1648711200000,130.33,130.33,130.24,130.25,460.307,1648711259999,59969.16192,151,23.713,3089.03038,0
1648711260000,130.25,130.27,130.24,130.24,294.879,1648711319999,38408.47199,90,24.839,3235.53241,0
1648711320000,130.25,130.25,130.18,130.21,557.895,1648711379999,72639.39609,144,36.010,4689.17159,0
1648711380000,130.21,130.22,130.18,130.18,383.441,1648711439999,49921.82564,135,189.727,24703.29101,0
1648711440000,130.19,130.19,130.10,130.15,411.503,1648711499999,53552.69587,169,34.862,4537.10419,0
1648711500000,130.14,130.14,130.06,130.11,840.990,1648711559999,109406.93246,181,148.780,19354.32137,0
1648711560000,130.11,130.13,130.09,130.10,147.199,1648711619999,19152.31837,90,31.554,4105.61649,0
1648711620000,130.10,130.10,130.02,130.08,773.741,1648711679999,100630.20499,213,227.876,29637.08948,0
1648711680000,130.07,130.13,130.07,130.13,90.932,1648711739999,11831.71129,75,47.696,6206.25557,0
1648711740000,130.14,130.14,130.08,130.12,529.210,1648711799999,68851.64799,138,186.169,24220.88712,0
1648711800000,130.13,130.16,128.65,129.14,38445.832,1648711859999,4970942.51658,4548,12034.758,1555018.52504,0
1648711860000,129.12,129.17,128.69,128.96,13209.047,1648711919999,1703069.17550,2161,6336.201,816856.74478,0
1648711920000,128.96,128.96,128.14,128.47,19392.279,1648711979999,2490871.48767,3513,7983.403,1025638.58820,0
1648711980000,128.46,128.66,128.28,128.61,6182.935,1648712039999,794436.12145,1203,3471.743,446105.39389,0
1648712040000,128.63,128.81,128.61,128.78,2755.270,1648712099999,354712.34551,705,1463.070,188365.75953,0
1648712100000,128.77,129.02,128.77,129.01,4158.362,1648712159999,536093.40072,879,2974.643,383483.73321,0
1648712160000,129.01,129.12,129.00,129.11,1635.603,1648712219999,211111.89677,412,984.042,127009.14064,0
1648712220000,129.11,129.20,129.02,129.20,2677.168,1648712279999,345670.31095,514,1595.993,206078.62198,0
1648712280000,129.20,129.29,129.18,129.28,1507.816,1648712339999,194840.12870,384,1115.318,144129.51780,0
1648712340000,129.28,129.29,129.00,129.05,2425.252,1648712399999,313079.46810,584,468.042,60419.03715,0
1648712400000,129.05,129.23,129.04,129.18,1401.524,1648712459999,180998.04653,351,1108.693,143169.74511,0
1648712460000,129.19,129.21,129.18,129.20,179.934,1648712519999,23247.12516,133,139.334,18001.75859,0
1648712520000,129.20,129.33,129.20,129.31,1288.152,1648712579999,166535.37640,405,1077.750,139336.36303,0
1648712580000,129.32,129.35,129.12,129.24,2625.223,1648712639999,339377.40567,566,1071.523,138531.44443,0
1648712640000,129.25,129.37,129.24,129.32,615.007,1648712699999,79536.82088,196,524.979,67895.21819,0
1648712700000,129.32,129.42,129.32,129.36,1401.107,1648712759999,181266.86942,390,900.276,116479.90098,0
1648712760000,129.36,129.43,129.36,129.43,1316.235,1648712819999,170305.45695,262,849.289,109892.76472,0
1648712820000,129.43,129.50,129.37,129.42,1388.387,1648712879999,179724.70630,345,889.856,115202.31395,0
1648712880000,129.41,129.43,129.40,129.42,355.638,1648712939999,46025.09036,149,165.411,21407.72373,0
1648712940000,129.42,129.49,129.40,129.48,655.799,1648712999999,84879.29071,191,374.562,48482.37313,0
1648713000000,129.49,129.68,129.48,129.63,2350.726,1648713059999,304604.04105,560,1572.740,203761.46110,0
1648713060000,129.64,129.68,129.57,129.57,506.002,1648713119999,65589.27339,219,197.997,25666.97382,0
1648713120000,129.57,129.64,129.56,129.63,546.508,1648713179999,70826.97132,152,453.280,58746.45167,0
1648713180000,129.64,129.69,129.54,129.69,1473.709,1648713239999,190967.85561,225,304.088,39416.08919,0
1648713240000,129.69,129.70,129.65,129.69,523.388,1648713299999,67875.94325,201,415.919,53940.45413,0
1648713300000,129.68,129.73,129.66,129.68,1410.078,1648713359999,182875.67916,237,1156.134,149945.24225,0
1648713360000,129.68,129.70,129.66,129.66,317.171,1648713419999,41128.24976,157,81.836,10612.68755,0
1648713420000,129.66,129.77,129.65,129.77,804.144,1648713479999,104312.09245,284,384.552,49888.01643,0
1648713480000,129.78,129.84,129.77,129.80,849.546,1648713539999,110273.81622,316,378.831,49175.94514,0
1648713540000,129.79,129.79,129.55,129.61,2145.011,1648713599999,278128.38185,438,650.023,84279.22869,0
1648713600000,129.61,129.66,129.23,129.47,4764.049,1648713659999,616678.88590,748,1219.729,157942.66696,0
1648713660000,129.49,129.74,129.49,129.61,2223.079,1648713719999,288222.84429,421,1438.867,186545.42432,0
1648713720000,129.62,129.64,129.53,129.58,1501.575,1648713779999,194591.18899,319,901.257,116797.54858,0
1648713780000,129.60,129.63,129.58,129.63,440.460,1648713839999,57084.23754,188,334.930,43408.48264,0
1648713840000,129.62,129.63,129.44,129.62,1976.005,1648713899999,255928.39494,396,654.893,84832.80415,0
1648713900000,129.62,129.68,129.58,129.68,1165.980,1648713959999,151138.70285,206,275.762,35750.75051,0
1648713960000,129.67,129.71,129.62,129.67,976.752,1648714019999,126643.28228,258,394.624,51166.16639,0
1648714020000,129.67,129.78,129.66,129.76,575.702,1648714079999,74688.13322,209,445.307,57770.76211,0
1648714080000,129.75,129.85,129.75,129.85,819.519,1648714139999,106393.32466,289,606.446,78731.11237,0
1648714140000,129.84,129.85,129.76,129.78,1546.792,1648714199999,200777.92094,325,252.001,32717.47276,0
1648714200000,129.78,129.83,129.75,129.80,2224.171,1648714259999,288654.36606,355,241.859,31392.56848,0
1648714260000,129.80,130.06,129.80,130.00,2916.516,1648714319999,378969.32169,676,1723.777,223978.29003,0
1648714320000,130.00,130.22,129.99,130.18,3318.885,1648714379999,431857.10479,705,1918.339,249601.07280,0
1648714380000,130.20,130.21,130.07,130.08,888.383,1648714439999,115599.57878,286,403.827,52547.78275,0
1648714440000,130.08,130.12,129.91,129.99,1348.831,1648714499999,175410.75045,486,447.329,58188.23907,0
1648714500000,129.99,130.02,129.79,129.79,1810.564,1648714559999,235250.01611,435,277.332,36042.52451,0
1648714560000,129.79,129.95,129.77,129.94,906.976,1648714619999,117797.58056,284,433.811,56359.77235,0
1648714620000,129.94,130.06,129.94,130.05,1118.980,1648714679999,145481.38915,262,1049.198,136408.50244,0
1648714680000,130.04,130.09,130.01,130.05,1049.299,1648714739999,136460.52061,241,632.596,82270.96529,0
1648714740000,130.03,130.06,130.00,130.05,1061.853,1648714799999,138065.77352,201,701.602,91230.00562,0
1648714800000,130.06,130.06,129.88,129.88,1040.016,1648714859999,135135.73076,262,288.113,37431.31461,0
1648714860000,129.88,129.93,129.75,129.79,1978.025,1648714919999,256796.50840,294,148.515,19284.61670,0
1648714920000,129.79,129.79,129.57,129.57,2058.119,1648714979999,266854.22974,471,391.811,50815.69926,0
1648714980000,129.60,129.61,129.42,129.59,2313.964,1648715039999,299675.75141,355,1246.111,161372.64097,0
1648715040000,129.60,129.61,129.52,129.58,915.657,1648715099999,118647.46048,248,458.509,59412.98344,0
1648715100000,129.58,129.60,129.51,129.59,792.182,1648715159999,102631.74081,201,242.875,31470.90134,0
1648715160000,129.59,129.66,129.52,129.56,1602.210,1648715219999,207629.40083,316,1041.117,134937.89978,0
1648715220000,129.55,129.60,129.52,129.59,500.926,1648715279999,64894.42119,193,146.995,19044.96860,0
1648715280000,129.60,129.64,129.57,129.64,1100.313,1648715339999,142603.75449,262,392.232,50837.51199,0
1648715340000,129.63,129.75,129.63,129.75,1360.906,1648715399999,176535.29776,247,1089.463,141322.80035,0
1648715400000,129.76,129.93,129.76,129.84,1505.851,1648715459999,195570.03758,354,723.946,94010.56934,0
1648715460000,129.83,129.91,129.78,129.91,799.168,1648715519999,103771.69102,198,315.589,40983.56007,0
1648715520000,129.90,129.90,129.62,129.64,1665.439,1648715579999,216094.83064,342,262.833,34099.95647,0
1648715580000,129.64,129.79,129.64,129.78,738.511,1648715639999,95817.31301,130,623.905,80946.22403,0
1648715640000,129.78,129.81,129.72,129.77,878.349,1648715699999,113995.42746,228,582.820,75645.02596,0
1648715700000,129.77,129.78,129.72,129.75,805.686,1648715759999,104537.46143,183,282.074,36602.72943,0
1648715760000,129.75,129.82,129.71,129.79,1065.990,1648715819999,138323.67622,303,424.630,55104.34426,0
1648715820000,129.79,129.79,129.70,129.77,1318.907,1648715879999,171107.95821,267,343.376,44549.67654,0
1648715880000,129.76,129.99,129.72,129.84,4818.079,1648715939999,625748.49883,709,2788.480,362134.89386,0
1648715940000,129.84,129.95,129.62,129.62,2861.469,1648715999999,371332.52944,455,1236.729,160480.01807,0
1648716000000,129.62,129.70,129.62,129.65,644.268,1648716059999,83533.96559,198,258.338,33494.48690,0
1648716060000,129.64,129.68,129.60,129.65,478.615,1648716119999,62045.90693,161,274.153,35542.88510,0
1648716120000,129.65,129.69,129.61,129.68,290.818,1648716179999,37702.89423,180,161.936,20996.06003,0
1648716180000,129.69,129.77,129.68,129.69,602.717,1648716239999,78197.72147,148,306.682,39788.12105,0
1648716240000,129.69,129.76,129.38,129.68,13523.264,1648716299999,1752261.42642,989,8286.758,1073772.98770,0
1648716300000,129.70,129.76,129.57,129.76,920.900,1648716359999,119389.40159,259,471.903,61176.83050,0
1648716360000,129.77,129.92,129.74,129.87,1209.196,1648716419999,156992.59591,318,645.303,83781.59852,0
1648716420000,129.86,129.89,129.76,129.85,520.326,1648716479999,67545.79384,194,249.796,32424.36140,0
1648716480000,129.84,129.93,129.84,129.93,582.218,1648716539999,75632.82176,148,415.269,53949.20891,0
1648716540000,129.92,130.10,129.92,130.05,1644.035,1648716599999,213706.30778,361,1058.627,137592.88346,0
1648716600000,130.05,130.18,130.05,130.15,614.189,1648716659999,79895.62140,281,233.266,30346.67503,0
1648716660000,130.13,130.21,130.08,130.17,2057.830,1648716719999,267806.94962,447,1088.939,141728.72646,0
1648716720000,130.19,130.27,130.14,130.23,1523.881,1648716779999,198392.82469,373,895.011,116523.01323,0
1648716780000,130.23,130.37,130.22,130.29,2123.378,1648716839999,276672.38396,509,1229.500,160211.49627,0
1648716840000,130.28,130.30,130.08,130.08,1053.025,1648716899999,137074.24855,289,413.989,53900.15850,0
1648716900000,130.07,130.14,130.01,130.11,1587.853,1648716959999,206499.21484,401,832.767,108307.85330,0
1648716960000,130.11,130.13,130.01,130.02,789.735,1648717019999,102715.62511,235,286.874,37323.81673,0
1648717020000,130.02,130.06,129.95,130.02,2028.653,1648717079999,263733.84470,346,428.985,55774.91059,0
1648717080000,130.01,130.01,129.84,129.85,674.320,1648717139999,87625.94765,218,319.939,41586.83196,0
1648717140000,129.84,129.89,129.70,129.76,1140.860,1648717199999,148069.03719,253,310.246,40272.43464,0
1648717200000,129.76,129.84,129.70,129.71,1655.124,1648717259999,214747.68441,333,472.477,61313.85360,0
1648717260000,129.71,129.74,129.70,129.70,373.640,1648717319999,48467.62075,152,204.702,26555.00554,0
1648717320000,129.71,129.74,129.66,129.74,637.746,1648717379999,82708.32671,233,202.149,26216.61696,0
1648717380000,129.73,129.73,129.46,129.51,1802.833,1648717439999,233604.13702,381,438.419,56820.32435,0
1648717440000,129.51,129.51,129.27,129.31,4607.518,1648717499999,596110.29638,668,1143.146,147912.46984,0
1648717500000,129.32,129.49,129.32,129.46,1616.903,1648717559999,209246.53599,359,1025.815,132759.05063,0
1648717560000,129.47,129.58,129.45,129.54,1433.176,1648717619999,185620.71028,260,1328.043,172004.03714,0
1648717620000,129.55,129.61,129.54,129.59,630.313,1648717679999,81675.95515,283,353.304,45782.94520,0
1648717680000,129.57,129.63,129.55,129.57,306.381,1648717739999,39701.78649,200,125.738,16295.12525,0
1648717740000,129.58,129.60,129.42,129.46,2152.386,1648717799999,278739.30085,360,882.387,114274.58532,0
1648717800000,129.46,129.52,129.43,129.49,846.178,1648717859999,109561.84530,255,365.205,47293.90517,0
1648717860000,129.50,129.58,129.50,129.57,366.092,1648717919999,47426.31740,160,278.373,36063.75403,0
1648717920000,129.57,129.59,129.52,129.57,394.210,1648717979999,51071.86992,183,136.795,17723.32688,0
1648717980000,129.58,129.60,129.52,129.54,693.240,1648718039999,89815.73647,216,220.638,28585.67964,0
1648718040000,129.54,129.57,129.53,129.55,298.287,1648718099999,38643.47419,191,122.120,15822.23211,0
1648718100000,129.55,129.60,129.43,129.48,2514.959,1648718159999,325707.30548,284,826.896,107114.67579,0
1648718160000,129.49,129.50,129.41,129.41,783.884,1648718219999,101461.14437,170,123.689,16011.98145,0
1648718220000,129.41,129.47,129.27,129.33,2028.308,1648718279999,262410.97375,415,504.335,65247.52940,0
1648718280000,129.33,129.49,129.25,129.43,1937.555,1648718339999,250607.20018,298,1331.096,172178.52385,0
1648718340000,129.43,129.51,129.43,129.49,469.294,1648718399999,60760.53420,227,270.278,34996.49224,0
1648718400000,129.48,129.50,129.45,129.47,818.290,1648718459999,105947.83704,174,544.760,70534.40959,0
1648718460000,129.48,129.52,129.43,129.52,1530.972,1648718519999,198230.02612,226,336.156,43528.45678,0
1648718520000,129.52,129.62,129.52,129.59,986.788,1648718579999,127865.90849,269,780.949,101199.50212,0
1648718580000,129.59,129.71,129.59,129.69,1189.842,1648718639999,154273.93396,259,927.826,120305.55877,0
1648718640000,129.70,129.74,129.63,129.74,1172.065,1648718699999,151972.28492,196,844.300,109472.23480,0
1648718700000,129.74,129.78,129.70,129.76,1000.671,1648718759999,129839.65488,231,717.836,93147.52655,0
1648718760000,129.76,129.79,129.75,129.78,299.104,1648718819999,38814.85780,134,183.403,23801.31526,0
1648718820000,129.78,129.88,129.77,129.79,1032.938,1648718879999,134104.16698,298,683.849,88786.69636,0
1648718880000,129.79,129.83,129.76,129.77,1205.865,1648718939999,156501.97040,398,323.651,42008.57772,0
1648718940000,129.76,129.80,129.76,129.76,426.238,1648718999999,55313.01060,200,191.589,24863.38188,0
1648719000000,129.77,129.84,129.76,129.80,1119.389,1648719059999,145294.38732,279,783.903,101751.16604,0
1648719060000,129.81,129.83,129.71,129.71,906.870,1648719119999,117683.18789,188,123.858,16077.26815,0
1648719120000,129.71,129.72,129.66,129.69,612.642,1648719179999,79459.27296,190,168.673,21876.18714,0
1648719180000,129.68,129.68,129.48,129.49,1859.353,1648719239999,240882.30686,332,310.556,40234.16440,0
1648719240000,129.50,129.58,129.37,129.53,1528.392,1648719299999,197852.33402,341,778.742,100831.18775,0
1648719300000,129.53,129.61,129.53,129.53,697.417,1648719359999,90368.72771,196,465.227,60284.81169,0
1648719360000,129.51,129.57,129.50,129.54,1057.712,1648719419999,137018.98880,190,513.928,66574.26115,0
1648719420000,129.53,129.55,129.48,129.51,481.415,1648719479999,62345.13990,154,224.794,29111.91554,0
1648719480000,129.51,129.52,129.46,129.50,180.463,1648719539999,23368.35715,104,80.881,10473.56713,0
1648719540000,129.49,129.52,129.49,129.50,317.771,1648719599999,41152.69990,116,110.968,14371.65351,0
1648719600000,129.49,129.53,129.44,129.51,970.288,1648719659999,125644.92887,196,526.531,68188.74983,0
1648719660000,129.52,129.59,129.51,129.57,363.484,1648719719999,47089.89927,113,196.402,25444.91273,0
1648719720000,129.58,129.63,129.57,129.61,227.919,1648719779999,29537.02753,116,93.348,12097.69899,0
1648719780000,129.62,129.72,129.62,129.71,1139.633,1648719839999,147771.20500,237,642.646,83330.04971,0
1648719840000,129.71,129.72,129.67,129.70,450.097,1648719899999,58375.57038,120,156.570,20306.01455,0
1648719900000,129.71,129.80,129.70,129.77,356.803,1648719959999,46290.76568,167,248.435,32233.63090,0
1648719960000,129.76,129.81,129.72,129.78,352.733,1648720019999,45771.64986,186,255.806,33194.04443,0
1648720020000,129.77,129.77,129.60,129.60,781.928,1648720079999,101431.84453,139,76.884,9969.23794,0
1648720080000,129.61,129.64,129.58,129.59,704.634,1648720139999,91328.24819,150,332.596,43112.99504,0
1648720140000,129.58,129.80,129.57,129.78,408.757,1648720199999,53020.41667,169,300.844,39027.82338,0
1648720200000,129.78,129.85,129.69,129.70,911.302,1648720259999,118293.31123,207,662.013,85947.01549,0
1648720260000,129.69,129.79,129.68,129.75,544.397,1648720319999,70634.85021,173,264.738,34353.87368,0
1648720320000,129.75,129.80,129.69,129.71,424.869,1648720379999,55126.98807,120,171.298,22226.43379,0
1648720380000,129.71,129.79,129.70,129.76,368.896,1648720439999,47868.90154,118,238.100,30894.68040,0
1648720440000,129.77,129.81,129.74,129.80,233.933,1648720499999,30360.52509,110,162.540,21095.93764,0
1648720500000,129.80,130.02,129.79,129.98,1932.433,1648720559999,251064.61307,348,1596.319,207382.02685,0
1648720560000,129.97,129.98,129.50,129.51,5128.912,1648720619999,664975.17512,856,1849.163,239689.21424,0
1648720620000,129.50,129.62,129.43,129.58,1689.207,1648720679999,218785.61728,396,1102.207,142782.11939,0
1648720680000,129.57,129.59,129.50,129.55,796.536,1648720739999,103190.05576,260,578.717,74973.72363,0
1648720740000,129.54,129.60,129.54,129.59,552.287,1648720799999,71564.20457,219,301.713,39097.05481,0
1648720800000,129.58,129.74,129.58,129.67,1050.969,1648720859999,136261.71580,314,714.530,92634.30483,0
1648720860000,129.66,129.69,129.63,129.68,1152.554,1648720919999,149433.17293,223,656.661,85143.44626,0
1648720920000,129.68,129.85,129.68,129.84,1391.602,1648720979999,180612.51402,297,1153.086,149652.67722,0
1648720980000,129.84,129.93,129.84,129.89,1039.559,1648721039999,135024.68674,277,712.406,92535.09747,0
1648721040000,129.88,129.93,129.85,129.87,1118.037,1648721099999,145212.44372,299,361.665,46976.82829,0
1648721100000,129.88,129.94,129.76,129.91,2486.642,1648721159999,322860.92486,442,972.328,126257.98854,0
1648721160000,129.91,129.96,129.72,129.81,2352.542,1648721219999,305418.76814,447,825.083,107126.25470,0
1648721220000,129.80,129.84,129.76,129.78,582.688,1648721279999,75626.17275,245,248.860,32302.01965,0
1648721280000,129.78,129.84,129.77,129.80,673.637,1648721339999,87442.08424,277,562.844,73061.66034,0
1648721340000,129.80,129.84,129.78,129.81,516.749,1648721399999,67081.53854,244,294.948,38291.33209,0
1648721400000,129.81,129.83,129.73,129.78,622.201,1648721459999,80748.32570,218,183.622,23829.69959,0
1648721460000,129.78,129.81,129.75,129.75,488.701,1648721519999,63424.28077,195,267.482,34718.09224,0
1648721520000,129.75,129.79,129.73,129.77,579.030,1648721579999,75138.34376,171,201.938,26205.38651,0
1648721580000,129.76,129.77,129.73,129.74,322.727,1648721639999,41872.02481,165,126.040,16353.49819,0
1648721640000,129.73,129.73,129.60,129.67,1676.114,1648721699999,217319.28348,280,820.089,106322.48109,0
1648721700000,129.68,129.69,129.60,129.61,782.621,1648721759999,101449.81333,210,213.938,27737.94768,0
1648721760000,129.60,129.62,129.53,129.60,1464.532,1648721819999,189743.11651,223,335.380,43460.70959,0
1648721820000,129.59,129.62,129.59,129.61,338.009,1648721879999,43805.90187,160,199.807,25895.83668,0
1648721880000,129.61,129.61,129.51,129.55,758.637,1648721939999,98281.19136,168,284.492,36857.62878,0
1648721940000,129.56,129.62,129.56,129.58,604.785,1648721999999,78374.28067,179,178.228,23096.55408,0
1648722000000,129.58,129.58,129.51,129.52,153.313,1648722059999,19862.00833,101,15.344,1988.24729,0
1648722060000,129.52,129.59,129.51,129.53,668.502,1648722119999,86600.65955,270,443.540,57463.20049,0
1648722120000,129.51,129.56,129.50,129.51,306.684,1648722179999,39721.34159,171,88.233,11428.05760,0
1648722180000,129.52,129.56,129.51,129.53,304.837,1648722239999,39489.62398,152,238.457,30890.91237,0
1648722240000,129.54,129.54,129.50,129.52,524.823,1648722299999,67975.36264,188,133.866,17340.09016,0
1648722300000,129.52,129.67,129.49,129.60,1045.913,1648722359999,135490.67406,300,355.506,46068.35089,0
1648722360000,129.61,129.79,129.61,129.77,626.658,1648722419999,81284.00061,263,469.125,60849.32281,0
1648722420000,129.76,129.83,129.75,129.79,679.320,1648722479999,88178.81546,231,462.774,60066.72611,0
1648722480000,129.79,129.88,129.78,129.80,1466.444,1648722539999,190397.77926,305,1051.039,136479.92318,0
1648722540000,129.79,129.90,129.77,129.83,1145.042,1648722599999,148666.60134,231,138.984,18044.90459,0
1648722600000,129.83,129.90,129.83,129.88,737.317,1648722659999,95745.77035,206,526.889,68415.65425,0
1648722660000,129.87,129.95,129.86,129.93,156.716,1648722719999,20358.25007,201,122.981,15977.04989,0
1648722720000,129.92,130.00,129.86,129.94,1775.060,1648722779999,230631.07792,313,1172.106,152290.21068,0
1648722780000,129.93,130.01,129.93,129.97,1065.803,1648722839999,138520.86241,331,607.296,78934.03776,0
1648722840000,129.98,130.08,129.96,130.05,761.658,1648722899999,99024.66893,315,532.528,69236.37242,0
1648722900000,130.05,130.10,129.96,130.02,1143.865,1648722959999,148743.63145,330,722.757,93992.06838,0
1648722960000,130.01,130.08,130.00,130.04,837.883,1648723019999,108951.31690,191,103.853,13504.46682,0
1648723020000,130.03,130.10,130.03,130.07,520.118,1648723079999,67649.07161,170,217.033,28230.57504,0
1648723080000,130.07,130.11,130.00,130.03,829.273,1648723139999,107846.46993,205,216.312,28134.69576,0
1648723140000,130.04,130.11,130.00,130.11,669.380,1648723199999,87059.87914,192,425.088,55296.31003,0
1648723200000,130.10,130.11,130.03,130.08,739.005,1648723259999,96139.19203,200,514.610,66950.67471,0
1648723260000,130.08,130.12,130.02,130.06,472.716,1648723319999,61482.39628,171,74.068,9634.98091,0
1648723320000,130.06,130.11,130.03,130.06,425.677,1648723379999,55362.01932,166,217.054,28231.95129,0
1648723380000,130.07,130.14,130.05,130.12,345.108,1648723439999,44895.58916,112,206.766,26901.24606,0
1648723440000,130.13,130.19,130.09,130.18,668.710,1648723499999,87021.85705,195,425.936,55435.45471,0
1648723500000,130.19,130.35,130.18,130.26,2671.700,1648723559999,348086.57500,507,1499.442,195337.10429,0
1648723560000,130.26,130.29,130.20,130.20,551.115,1648723619999,71773.38183,224,289.627,37723.80912,0
1648723620000,130.19,130.22,130.18,130.21,357.812,1648723679999,46585.85221,139,251.026,32683.55153,0
1648723680000,130.20,130.21,130.04,130.04,1629.749,1648723739999,212084.24935,303,258.526,33641.84223,0
1648723740000,130.08,130.12,130.04,130.11,806.510,1648723799999,104910.80829,218,632.360,82259.79104,0
1648723800000,130.11,130.11,130.05,130.06,237.411,1648723859999,30882.17570,166,78.060,10154.51413,0
1648723860000,130.07,130.11,130.05,130.06,612.193,1648723919999,79630.75006,155,368.754,47967.65911,0
1648723920000,130.06,130.09,130.02,130.08,1235.016,1648723979999,160616.13769,193,363.488,47280.95686,0
1648723980000,130.07,130.18,130.07,130.17,287.620,1648724039999,37426.92944,160,204.253,26579.31596,0
1648724040000,130.16,130.30,130.16,130.29,734.982,1648724099999,95725.20451,225,599.574,78090.28232,0
1648724100000,130.28,130.34,130.10,130.13,1795.509,1648724159999,233809.83930,390,541.606,70564.07457,0
1648724160000,130.14,130.24,130.14,130.19,1270.370,1648724219999,165394.06229,248,750.919,97773.83571,0
1648724220000,130.18,130.23,130.07,130.23,2860.638,1648724279999,372305.93562,356,1841.965,239743.46509,0
1648724280000,130.21,130.29,130.19,130.25,316.059,1648724339999,41164.86828,118,205.534,26772.70174,0
1648724340000,130.25,130.25,130.01,130.19,3455.873,1648724399999,449709.70106,549,1014.643,132039.82525,0
1648724400000,130.18,130.24,130.12,130.15,883.781,1648724459999,115052.36556,311,370.272,48205.43511,0
1648724460000,130.14,130.15,130.05,130.08,523.926,1648724519999,68161.20616,206,322.952,42015.55539,0
1648724520000,130.08,130.13,130.02,130.09,1091.478,1648724579999,141972.01540,234,269.729,35089.98767,0
1648724580000,130.09,130.09,130.02,130.04,436.806,1648724639999,56809.56728,149,242.331,31517.61171,0
1648724640000,130.04,130.08,130.01,130.06,495.518,1648724699999,64443.01677,227,193.413,25153.62358,0
1648724700000,130.07,130.13,130.07,130.12,704.108,1648724759999,91603.67398,203,632.948,82346.58239,0
1648724760000,130.12,130.19,130.10,130.16,592.970,1648724819999,77180.29335,303,431.075,56110.55283,0
1648724820000,130.15,130.18,130.13,130.14,232.862,1648724879999,30306.49038,191,94.910,12352.82844,0
1648724880000,130.14,130.17,130.14,130.15,209.733,1648724939999,27296.99972,194,129.558,16862.78680,0
1648724940000,130.16,130.21,130.10,130.11,1119.024,1648724999999,145625.92222,265,190.068,24737.66224,0
1648725000000,130.12,130.18,130.10,130.18,1387.803,1648725059999,180590.93942,304,687.072,89407.44612,0
1648725060000,130.16,130.20,130.15,130.19,446.309,1648725119999,58100.72939,200,371.468,48358.46728,0
1648725120000,130.18,130.21,130.15,130.16,489.806,1648725179999,63765.88796,234,231.809,30180.23104,0
1648725180000,130.16,130.17,130.11,130.12,752.246,1648725239999,97898.47836,275,263.860,34340.95233,0
1648725240000,130.12,130.18,130.12,130.15,310.652,1648725299999,40436.01025,159,207.276,26981.12589,0
1648725300000,130.14,130.19,130.11,130.11,842.538,1648725359999,109652.22450,279,192.203,25018.29455,0
1648725360000,130.12,130.18,130.10,130.12,484.011,1648725419999,62991.18754,211,324.076,42178.73267,0
1648725420000,130.12,130.13,130.07,130.07,204.629,1648725479999,26621.61358,146,33.235,4324.16442,0
1648725480000,130.08,130.11,130.05,130.05,196.656,1648725539999,25580.17427,174,78.242,10178.29751,0
1648725540000,130.05,130.05,129.80,129.84,2594.286,1648725599999,337137.68841,541,203.668,26471.54893,0
1648725600000,129.84,129.89,129.68,129.71,1744.918,1648725659999,226470.78713,418,329.566,42790.77839,0
1648725660000,129.70,129.81,129.68,129.79,1508.560,1648725719999,195737.56831,374,883.372,114633.89237,0
1648725720000,129.78,129.81,129.74,129.74,762.273,1648725779999,98927.22407,224,244.449,31727.64485,0
1648725780000,129.74,129.81,129.74,129.79,370.493,1648725839999,48082.44532,159,188.041,24406.54198,0
1648725840000,129.80,129.83,129.77,129.79,451.238,1648725899999,58573.28147,234,393.425,51069.66897,0
1648725900000,129.79,130.00,129.79,129.96,953.926,1648725959999,123909.06241,260,712.504,92546.31894,0
1648725960000,129.96,129.96,129.84,129.86,321.696,1648726019999,41782.35004,209,117.040,15203.16766,0
1648726020000,129.85,129.87,129.81,129.86,530.098,1648726079999,68831.73887,222,210.672,27355.52567,0
1648726080000,129.87,129.89,129.82,129.88,659.261,1648726139999,85616.10067,182,522.749,67889.37481,0
1648726140000,129.88,129.89,129.78,129.78,653.861,1648726199999,84882.12667,280,126.651,16441.55923,0
1648726200000,129.79,129.90,129.78,129.84,669.844,1648726259999,86973.41570,259,185.825,24126.55881,0
1648726260000,129.85,130.03,129.84,130.02,1231.374,1648726319999,159978.39966,309,919.344,119445.00976,0
1648726320000,130.01,130.12,129.99,130.05,1436.632,1648726379999,186851.15460,345,1043.736,135759.47928,0
1648726380000,130.05,130.06,129.94,129.95,901.623,1648726439999,117211.80165,288,232.570,30239.85812,0
1648726440000,129.94,129.98,129.90,129.90,194.923,1648726499999,25329.45283,147,75.543,9817.27975,0
1648726500000,129.90,129.91,129.80,129.88,920.699,1648726559999,119554.17500,257,317.235,41197.02833,0
1648726560000,129.88,129.88,129.70,129.77,1533.733,1648726619999,199033.73636,323,692.609,89874.06454,0
1648726620000,129.76,129.77,129.54,129.55,1066.607,1648726679999,138304.05769,278,205.526,26660.03836,0
1648726680000,129.54,129.66,129.54,129.62,1904.610,1648726739999,246837.54193,359,980.080,127023.37972,0
1648726740000,129.63,129.64,129.43,129.46,2211.050,1648726799999,286414.65025,384,979.476,126897.14827,0
1648726800000,129.46,129.76,129.39,129.65,2788.551,1648726859999,361345.72572,526,1438.106,186313.88185,0
1648726860000,129.64,129.73,129.61,129.67,689.175,1648726919999,89351.73258,189,246.035,31904.42448,0
1648726920000,129.67,129.79,129.66,129.77,420.219,1648726979999,54526.05596,189,331.585,43026.21405,0
1648726980000,129.77,129.99,129.76,129.97,1529.356,1648727039999,198621.11758,250,1408.663,182941.70371,0
1648727040000,129.97,129.97,129.80,129.82,600.456,1648727099999,77990.42320,216,219.077,28453.23803,0
1648727100000,129.82,130.00,129.75,129.96,1958.103,1648727159999,254331.25209,358,1017.475,132125.54636,0
1648727160000,129.97,129.99,129.93,129.97,339.088,1648727219999,44066.96662,138,151.605,19703.48294,0
1648727220000,129.97,130.00,129.89,129.96,1060.426,1648727279999,137779.92404,218,274.354,35653.26093,0
1648727280000,129.96,130.14,129.92,130.08,1905.043,1648727339999,247671.51398,279,1093.893,142246.47866,0
1648727340000,130.05,130.08,129.94,130.07,1912.658,1648727399999,248672.73715,214,1173.780,152609.71338,0
1648727400000,130.06,130.10,130.02,130.09,737.337,1648727459999,95897.77799,115,347.958,45260.91302,0
1648727460000,130.10,130.11,129.97,129.98,1109.119,1648727519999,144269.27127,201,666.626,86716.05439,0
1648727520000,129.97,129.97,129.85,129.86,1183.015,1648727579999,153672.03798,175,187.378,24340.24708,0
1648727580000,129.86,129.87,129.81,129.86,173.551,1648727639999,22533.42166,96,72.184,9373.70658,0
1648727640000,129.85,129.87,129.77,129.77,793.495,1648727699999,103016.12832,176,272.243,35345.59886,0
1648727700000,129.76,129.92,129.60,129.92,1772.783,1648727759999,230016.64072,367,1033.455,134154.38538,0
1648727760000,129.91,129.96,129.89,129.91,523.850,1648727819999,68058.27218,125,261.427,33968.87307,0
1648727820000,129.92,129.92,129.86,129.91,167.386,1648727879999,21743.06565,101,102.129,13266.92513,0
1648727880000,129.90,129.91,129.81,129.85,1233.510,1648727939999,160166.27087,158,153.741,19963.93669,0
1648727940000,129.83,129.89,129.80,129.89,880.787,1648727999999,114370.25200,162,789.840,102562.81024,0
1648728000000,129.88,130.01,129.87,129.94,818.255,1648728059999,106336.99913,210,601.877,78220.57192,0
1648728060000,129.94,130.02,129.93,129.99,456.696,1648728119999,59356.02802,219,277.449,36061.13544,0
1648728120000,129.98,129.99,129.91,129.94,746.345,1648728179999,96993.87969,176,208.045,27035.06823,0
1648728180000,129.94,129.98,129.92,129.96,157.130,1648728239999,20417.62053,77,123.113,15997.19059,0
1648728240000,129.96,129.97,129.93,129.93,898.373,1648728299999,116742.13346,230,410.399,53332.33800,0
1648728300000,129.93,129.95,129.81,129.82,729.192,1648728359999,94725.58663,199,116.603,15151.04519,0
1648728360000,129.82,129.85,129.81,129.82,192.863,1648728419999,25038.97248,147,98.542,12793.46202,0
1648728420000,129.83,129.83,129.78,129.81,443.828,1648728479999,57608.92314,244,169.857,22048.26711,0
1648728480000,129.80,130.00,129.80,129.98,846.670,1648728539999,110004.05433,287,539.189,70066.53540,0
1648728540000,129.99,130.20,129.98,130.18,2689.847,1648728599999,349939.56833,422,2304.835,299865.01912,0
1648728600000,130.17,130.20,130.03,130.03,1618.297,1648728659999,210581.63310,270,415.709,54107.46291,0
1648728660000,130.02,130.16,130.01,130.15,365.429,1648728719999,47545.28381,239,262.405,34140.62384,0
1648728720000,130.12,130.15,130.11,130.11,266.203,1648728779999,34641.44411,200,143.422,18665.12311,0
1648728780000,130.11,130.16,130.07,130.10,655.320,1648728839999,85263.92873,206,362.244,47136.85363,0
1648728840000,130.09,130.20,130.08,130.17,1916.005,1648728899999,249405.60193,281,1507.218,196190.90626,0
1648728900000,130.17,130.20,130.13,130.19,1019.223,1648728959999,132663.93335,299,296.296,38569.20608,0
1648728960000,130.18,130.18,130.03,130.06,480.235,1648729019999,62481.54699,169,304.267,39587.38843,0
1648729020000,130.06,130.08,129.90,129.93,733.813,1648729079999,95388.78689,207,123.565,16066.37545,0
1648729080000,129.93,129.97,129.92,129.95,585.604,1648729139999,76090.90143,239,206.189,26792.74297,0
1648729140000,129.95,129.95,129.72,129.75,1424.732,1648729199999,184921.44775,303,786.840,102117.81836,0
1648729200000,129.75,129.75,129.61,129.61,1565.926,1648729259999,203054.35627,362,363.647,47168.25391,0
1648729260000,129.61,129.71,129.60,129.63,595.772,1648729319999,77239.02774,261,324.545,42076.44369,0
1648729320000,129.63,129.66,129.37,129.48,3299.100,1648729379999,427255.35050,473,1016.462,131640.85260,0
1648729380000,129.48,129.77,129.48,129.69,687.303,1648729439999,89107.61874,266,482.085,62498.09088,0
1648729440000,129.69,129.73,129.60,129.72,1084.412,1648729499999,140613.27939,310,585.274,75900.52592,0
1648729500000,129.71,129.94,129.68,129.89,635.346,1648729559999,82441.80926,248,346.527,44980.18753,0
1648729560000,129.90,130.08,129.90,130.07,1009.226,1648729619999,131193.60628,359,542.340,70505.62187,0
1648729620000,130.07,130.18,130.04,130.14,1220.736,1648729679999,158822.92689,386,654.152,85119.58686,0
1648729680000,130.15,130.30,130.14,130.22,1416.482,1648729739999,184461.99373,429,936.053,121902.27477,0
1648729740000,130.22,130.31,130.19,130.27,2173.592,1648729799999,283072.28204,373,648.711,84493.61313,0
1648729800000,130.27,130.30,130.14,130.18,1480.579,1648729859999,192782.57353,367,370.762,48279.51251,0
1648729860000,130.16,130.43,130.13,130.38,1708.821,1648729919999,222727.62380,472,1229.497,160273.60645,0
1648729920000,130.38,130.49,130.33,130.43,2051.538,1648729979999,267531.48763,543,1307.183,170484.90782,0
1648729980000,130.42,130.74,130.42,130.59,5321.133,1648730039999,694645.98428,1037,3509.887,458187.47178,0
1648730040000,130.59,130.59,130.42,130.50,1748.586,1648730099999,228201.15551,368,409.508,53425.61940,0
1648730100000,130.50,130.85,130.41,130.71,5209.788,1648730159999,680567.88030,1029,2870.517,374975.37702,0
1648730160000,130.71,130.86,130.67,130.83,1807.747,1648730219999,236421.17809,545,951.126,124380.43463,0
1648730220000,130.83,130.94,130.80,130.92,1846.325,1648730279999,241626.11117,643,935.566,122449.82265,0
1648730280000,130.92,131.00,130.84,130.85,3341.749,1648730339999,437516.05076,648,1532.362,200638.89512,0
1648730340000,130.87,130.88,130.51,130.55,3795.326,1648730399999,495843.73107,632,649.456,84826.32543,0
1648730400000,130.57,130.75,130.35,130.68,4069.578,1648730459999,531043.76229,700,1453.248,189742.82196,0
1648730460000,130.68,130.78,130.46,130.46,2970.102,1648730519999,388009.35946,426,1075.331,140516.02349,0
1648730520000,130.46,130.48,130.13,130.16,5404.145,1648730579999,704103.98338,936,2598.569,338564.71469,0
1648730580000,130.15,130.39,130.00,130.28,2571.425,1648730639999,334867.79564,585,1234.128,160784.75288,0
1648730640000,130.24,130.47,130.20,130.41,1424.688,1648730699999,185723.76904,394,975.689,127186.11451,0
1648730700000,130.42,130.50,130.25,130.49,2208.461,1648730759999,287990.94762,492,1349.540,176015.22376,0
1648730760000,130.49,130.50,130.43,130.50,795.445,1648730819999,103795.27002,220,644.347,84083.20584,0
1648730820000,130.49,130.64,130.42,130.44,4125.660,1648730879999,538595.55626,560,2733.559,356875.82212,0
1648730880000,130.43,130.50,130.33,130.33,1107.774,1648730939999,144461.94794,294,236.297,30815.50582,0
1648730940000,130.33,130.41,130.21,130.37,1234.101,1648730999999,160782.23805,298,243.478,31728.74740,0
1648731000000,130.37,130.40,130.30,130.36,767.729,1648731059999,100074.66913,216,136.541,17800.26462,0
1648731060000,130.36,130.40,130.30,130.30,359.976,1648731119999,46917.57242,172,127.818,16661.58936,0
1648731120000,130.30,130.46,130.30,130.40,1319.739,1648731179999,172047.71205,240,237.040,30910.42824,0
1648731180000,130.40,130.54,130.36,130.48,1442.526,1648731239999,188231.33332,262,1203.079,156999.69121,0
1648731240000,130.49,130.56,130.49,130.53,608.144,1648731299999,79381.04392,170,516.390,67404.93102,0
1648731300000,130.52,130.54,130.43,130.50,1707.832,1648731359999,222854.24071,257,893.305,116577.60562,0
1648731360000,130.51,130.65,130.50,130.53,1360.760,1648731419999,177684.07486,273,966.039,126142.68551,0
1648731420000,130.53,130.57,130.41,130.42,582.792,1648731479999,76041.52904,194,135.992,17746.21582,0
1648731480000,130.40,130.50,130.30,130.30,508.419,1648731539999,66279.18529,137,35.640,4649.58743,0
1648731540000,130.30,130.33,130.27,130.32,520.551,1648731599999,67826.33922,186,250.681,32664.24494,0
1648731600000,130.32,130.65,130.32,130.64,824.625,1648731659999,107570.98702,319,548.255,71512.98274,0
1648731660000,130.63,130.80,130.55,130.68,1745.855,1648731719999,228157.11083,537,662.295,86554.04801,0
1648731720000,130.67,130.71,130.59,130.67,933.166,1648731779999,121916.20858,352,538.553,70368.55955,0
1648731780000,130.66,130.82,130.65,130.74,901.896,1648731839999,117931.92094,285,327.488,42822.32467,0
1648731840000,130.75,130.85,130.67,130.70,2045.382,1648731899999,267454.38658,471,609.772,79749.68773,0
1648731900000,130.70,130.84,130.63,130.76,4088.897,1648731959999,534470.11701,513,1255.294,164120.82803,0
1648731960000,130.76,130.79,130.66,130.70,698.326,1648732019999,91270.65053,292,442.065,57780.63155,0
1648732020000,130.70,130.75,130.60,130.60,1209.896,1648732079999,158121.24626,362,748.498,97828.52264,0
1648732080000,130.60,130.60,130.46,130.48,710.216,1648732139999,92705.40782,317,183.583,23963.27242,0
1648732140000,130.47,130.54,130.39,130.47,647.334,1648732199999,84449.33403,356,271.731,35451.63440,0
1648732200000,130.46,130.56,130.34,130.41,1985.338,1648732259999,259034.21648,457,939.196,122538.54744,0
1648732260000,130.40,130.40,129.74,129.78,9836.710,1648732319999,1278168.10746,1590,2835.121,368406.52206,0
1648732320000,129.79,129.79,129.40,129.54,8330.177,1648732379999,1079370.22775,1221,3399.086,440519.21861,0
1648732380000,129.55,129.86,129.54,129.86,2154.266,1648732439999,279243.53727,460,1227.029,159059.52758,0
1648732440000,129.86,130.06,129.81,129.84,3129.273,1648732499999,406559.89455,551,1636.488,212622.67223,0
1648732500000,129.85,130.02,129.79,129.97,1948.657,1648732559999,253055.79481,500,1049.468,136291.72663,0
1648732560000,129.95,129.95,129.69,129.69,1584.813,1648732619999,205719.59146,420,456.662,59281.85320,0
1648732620000,129.67,129.80,129.54,129.55,2148.929,1648732679999,278631.60732,501,564.365,73189.25956,0
1648732680000,129.54,129.60,129.18,129.38,4520.553,1648732739999,584808.89619,968,1619.611,209564.49958,0
1648732740000,129.41,129.64,129.37,129.58,1610.452,1648732799999,208607.31400,466,1218.174,157800.25606,0
1648732800000,129.58,129.65,129.47,129.52,1834.533,1648732859999,237690.63927,410,1282.447,166158.05429,0
1648732860000,129.52,129.52,129.27,129.34,1893.587,1648732919999,244977.26120,433,855.299,110628.54790,0
1648732920000,129.36,129.43,129.33,129.43,770.169,1648732979999,99640.24344,298,519.123,67167.49116,0
1648732980000,129.42,129.50,129.36,129.50,2136.349,1648733039999,276529.12305,382,1314.834,170209.36710,0
1648733040000,129.53,129.72,129.53,129.58,1579.456,1648733099999,204705.17933,419,899.229,116546.00034,0
1648733100000,129.57,129.83,129.55,129.70,2236.112,1648733159999,290033.44284,453,1208.528,156744.06058,0
1648733160000,129.71,129.99,129.68,129.93,829.762,1648733219999,107773.34875,356,586.649,76218.58147,0
1648733220000,129.94,129.96,129.78,129.90,699.507,1648733279999,90830.30336,327,263.624,34237.16304,0
1648733280000,129.89,129.89,129.66,129.70,2110.466,1648733339999,273816.52306,305,270.520,35098.98661,0
1648733340000,129.69,129.74,129.52,129.60,908.515,1648733399999,117779.29642,343,545.911,70786.60543,0
1648733400000,129.60,129.74,129.49,129.61,2140.437,1648733459999,277460.76132,419,1099.009,142493.53973,0
1648733460000,129.61,129.89,129.61,129.87,1705.414,1648733519999,221262.94625,394,1233.131,159977.34047,0
1648733520000,129.87,129.87,129.64,129.65,1634.882,1648733579999,212135.38118,305,364.693,47320.46678,0
1648733580000,129.65,129.66,129.31,129.34,2043.475,1648733639999,264548.50385,462,1251.958,162104.01181,0
1648733640000,129.35,129.38,128.60,128.93,12270.100,1648733699999,1581880.75305,2184,4053.962,522657.01085,0
1648733700000,128.92,128.92,126.98,127.66,64010.085,1648733759999,8186403.19569,8348,18927.332,2422681.80958,0
1648733760000,127.65,127.98,127.09,127.81,24061.835,1648733819999,3069661.53005,3871,11949.393,1524800.11082,0
1648733820000,127.81,128.03,127.58,127.58,5032.611,1648733879999,643433.03274,1080,2098.364,268351.40448,0
1648733880000,127.56,127.56,127.28,127.56,5819.851,1648733939999,741552.76681,1118,2856.123,363960.28010,0
1648733940000,127.54,127.95,127.48,127.92,5013.593,1648733999999,640300.43542,1010,3917.098,500283.25312,0
1648734000000,127.89,127.93,127.67,127.82,4311.789,1648734059999,551077.04261,858,2484.007,317478.37114,0
1648734060000,127.82,127.92,127.52,127.63,3675.532,1648734119999,469483.03864,802,1900.875,242833.23403,0
1648734120000,127.62,127.86,127.61,127.82,2882.365,1648734179999,368273.62993,712,1546.474,197575.63348,0
1648734180000,127.82,127.95,127.81,127.82,1713.163,1648734239999,219112.96520,572,1156.322,147900.78156,0
1648734240000,127.82,128.26,127.82,128.24,4563.925,1648734299999,584450.14156,866,3331.272,426624.38232,0
1648734300000,128.24,128.37,128.04,128.37,4895.891,1648734359999,627749.80751,987,3050.983,391220.97244,0
1648734360000,128.35,128.36,128.03,128.22,4104.487,1648734419999,525893.47364,817,1452.307,186088.65499,0
1648734420000,128.19,128.20,127.89,127.98,2835.177,1648734479999,362887.74771,703,1305.390,167101.88001,0
1648734480000,127.98,128.02,127.84,127.94,2519.964,1648734539999,322370.67006,599,933.999,119503.90819,0
1648734540000,127.94,128.02,127.90,127.96,1328.060,1648734599999,169927.09900,455,783.534,100261.52389,0
1648734600000,127.95,128.27,127.91,128.27,3033.161,1648734659999,388368.18910,696,1991.919,255076.09037,0
1648734660000,128.26,128.34,128.11,128.16,2700.979,1648734719999,346351.20563,533,936.358,120088.83587,0
1648734720000,128.16,128.36,128.09,128.11,3191.830,1648734779999,409234.46199,657,1850.241,237246.55729,0
1648734780000,128.11,128.20,128.03,128.03,1796.435,1648734839999,230171.68392,463,896.713,114900.46213,0
1648734840000,128.03,128.17,128.02,128.02,1550.746,1648734899999,198638.05683,420,715.050,91599.16602,0
1648734900000,128.02,128.18,127.75,128.18,6347.027,1648734959999,812091.44456,967,2773.129,354938.05390,0
1648734960000,128.18,128.19,128.02,128.15,1286.119,1648735019999,164787.29207,427,567.570,72725.96878,0
1648735020000,128.15,128.19,127.90,127.98,2773.636,1648735079999,355068.36154,674,1410.493,180544.18233,0
1648735080000,127.99,128.01,127.79,127.99,4232.437,1648735139999,541379.66134,814,1393.371,178251.19908,0
1648735140000,127.97,127.98,126.12,126.59,49473.316,1648735199999,6271021.62276,8817,17404.574,2206160.66078,0
1648735200000,126.58,126.62,123.61,123.74,70438.173,1648735259999,8811078.24057,12514,20491.832,2568429.90786,0
1648735260000,123.65,123.81,120.57,123.08,73019.967,1648735319999,8921678.78495,13050,29799.368,3640256.45717,0
1648735320000,122.95,125.19,122.62,123.58,31292.256,1648735379999,3874805.67381,8316,14170.267,1754152.97976,0
1648735380000,123.46,124.46,122.75,123.24,24734.657,1648735439999,3053434.99902,6006,10535.867,1301190.17292,0
1648735440000,123.26,123.71,121.00,121.30,29561.103,1648735499999,3603617.76935,5546,10875.745,1327746.89634,0
1648735500000,121.31,122.91,120.71,122.65,29372.170,1648735559999,3581350.38641,6049,18555.784,2264488.58940,0
1648735560000,122.63,124.13,122.31,124.00,21529.626,1648735619999,2655109.47597,5571,11429.628,1410286.65815,0
1648735620000,123.99,124.11,123.42,123.99,8939.071,1648735679999,1106231.59594,2152,3673.689,454795.13540,0
1648735680000,123.99,124.06,123.62,123.70,5840.370,1648735739999,723227.30729,2030,2618.343,324280.91408,0
1648735740000,123.70,123.73,122.84,123.57,8049.302,1648735799999,992284.90080,2709,3421.284,421921.94304,0
1648735800000,123.55,123.92,123.26,123.63,9835.066,1648735859999,1216002.77504,1977,6173.686,763472.79242,0
1648735860000,123.62,123.91,123.07,123.37,11134.267,1648735919999,1375363.75352,2325,4876.013,602592.40191,0
1648735920000,123.37,123.62,123.28,123.56,3637.973,1648735979999,449056.80064,1320,2376.857,293419.34832,0
1648735980000,123.57,124.15,123.48,124.12,6991.837,1648736039999,866309.39325,1608,4612.006,571400.01046,0
1648736040000,124.09,124.33,123.72,123.75,5165.680,1648736099999,641066.56725,1585,2315.675,287480.02619,0
1648736100000,123.74,124.47,123.66,124.41,8036.067,1648736159999,997039.88384,1781,5088.519,631486.90715,0
1648736160000,124.41,124.44,123.96,124.14,4386.073,1648736219999,544474.18070,1246,2312.913,287100.40396,0
1648736220000,124.14,124.39,123.94,123.98,3462.000,1648736279999,429796.69409,1103,2122.362,263565.40736,0
1648736280000,123.98,124.23,123.59,123.80,9768.931,1648736339999,1210532.16508,1581,2694.732,334095.83442,0
1648736340000,123.82,123.83,123.42,123.45,2861.432,1648736399999,353745.81503,1035,1091.232,134921.60892,0
1648736400000,123.49,123.59,123.13,123.37,5137.550,1648736459999,633952.57629,1447,2795.539,345034.56704,0
1648736460000,123.35,124.04,123.29,124.00,6758.694,1648736519999,835830.76731,1339,5056.107,625291.11278,0
1648736520000,123.98,124.09,123.50,123.52,3937.636,1648736579999,487718.16570,1147,1631.826,202125.61081,0
1648736580000,123.53,123.63,123.26,123.42,2724.150,1648736639999,336225.81641,866,1053.571,130059.14658,0
1648736640000,123.38,123.87,123.38,123.83,2424.315,1648736699999,299869.60348,841,1989.362,246067.72566,0
1648736700000,123.84,123.94,123.34,123.57,3603.774,1648736759999,445646.25308,990,2270.257,280843.41560,0
1648736760000,123.60,123.68,123.23,123.26,2401.657,1648736819999,296357.94720,772,973.393,120139.13261,0
1648736820000,123.27,123.74,123.24,123.68,4211.372,1648736879999,519819.65742,1033,3034.246,374544.48969,0
1648736880000,123.68,123.68,123.14,123.31,2386.858,1648736939999,294461.91906,765,1145.028,141270.19438,0
1648736940000,123.29,123.67,123.23,123.66,1947.055,1648736999999,240497.65005,650,1285.854,158848.00406,0
1648737000000,123.66,123.90,123.36,123.86,3766.151,1648737059999,465454.81982,919,2446.218,302298.79199,0
1648737060000,123.86,124.13,123.77,124.04,5259.728,1648737119999,652155.35997,1215,3318.438,411522.66441,0
1648737120000,124.01,124.02,123.64,123.86,2566.008,1648737179999,317660.38135,690,913.207,113056.58392,0
1648737180000,123.82,123.84,123.42,123.46,2328.584,1648737239999,287758.25900,613,907.201,112097.79369,0
1648737240000,123.47,124.13,123.33,123.96,4188.028,1648737299999,518530.36057,977,2978.684,368834.09907,0
1648737300000,123.91,124.22,123.89,124.22,3512.983,1648737359999,435956.28873,863,2101.159,260787.16583,0
1648737360000,124.19,124.40,124.16,124.34,3613.116,1648737419999,449094.25197,717,1633.151,202994.19081,0
1648737420000,124.32,124.34,124.09,124.20,2435.566,1648737479999,302559.71521,615,1608.704,199835.38377,0
1648737480000,124.20,124.40,123.97,124.08,1877.630,1648737539999,233105.30626,595,1038.334,128955.14656,0
1648737540000,124.09,124.50,124.09,124.43,3390.603,1648737599999,421717.48463,851,2250.148,279891.04614,0
1648737600000,124.42,124.60,124.30,124.52,2360.561,1648737659999,293714.53261,788,1494.187,185934.39196,0
1648737660000,124.51,124.53,124.24,124.44,2236.529,1648737719999,278133.89900,621,1247.110,155101.00677,0
1648737720000,124.41,124.75,124.26,124.67,3430.183,1648737779999,427075.51241,788,2827.236,352026.97966,0
1648737780000,124.66,124.80,124.61,124.61,2040.129,1648737839999,254396.27818,608,1140.181,142191.03820,0
1648737840000,124.61,124.83,124.50,124.77,2599.501,1648737899999,324222.89771,617,1463.360,182511.85473,0
1648737900000,124.79,124.91,124.61,124.89,2436.443,1648737959999,303998.73706,591,1262.919,157626.64503,0
1648737960000,124.90,125.20,124.90,125.15,4078.589,1648738019999,509991.54202,1026,2095.442,262047.34012,0
1648738020000,125.17,125.19,124.90,125.15,4129.378,1648738079999,516441.13889,954,2070.495,258969.08010,0
1648738080000,125.17,125.47,125.07,125.41,5918.085,1648738139999,741342.58980,1278,3626.399,454319.92964,0
1648738140000,125.39,125.39,125.06,125.33,3453.579,1648738199999,432395.96378,978,1404.145,175814.79746,0
1648738200000,125.32,125.34,125.09,125.16,3716.331,1648738259999,465173.15336,757,1273.527,159409.24776,0
1648738260000,125.16,125.34,124.96,125.13,5146.142,1648738319999,643770.70069,845,1742.095,218057.91603,0
1648738320000,125.12,125.12,124.84,124.84,2458.582,1648738379999,307269.17100,645,1448.240,181016.77863,0
1648738380000,124.84,125.08,124.78,124.99,4214.004,1648738439999,526390.80015,780,2627.010,328163.40194,0
1648738440000,124.97,125.00,124.83,124.97,1568.699,1648738499999,195982.11771,420,1045.770,130655.51133,0
1648738500000,124.98,125.25,124.88,125.13,3349.762,1648738559999,419007.23525,850,1619.400,202571.39391,0
1648738560000,125.11,125.16,125.04,125.08,2131.000,1648738619999,266569.77894,397,1291.936,161606.42132,0
1648738620000,125.08,125.24,125.01,125.03,3372.154,1648738679999,421846.22898,678,991.931,124123.25309,0
1648738680000,125.03,125.19,124.88,125.12,3434.671,1648738739999,429452.86566,667,1711.542,214099.43014,0
1648738740000,125.12,125.43,125.12,125.14,3682.194,1648738799999,461368.78720,749,1968.591,246714.66713,0
1648738800000,125.13,126.11,124.81,125.85,14550.532,1648738859999,1826417.76430,2615,10281.395,1291798.72017,0
1648738860000,125.85,125.90,125.12,125.44,7460.785,1648738919999,935616.67585,1370,2235.493,280332.57604,0
1648738920000,125.43,125.43,124.83,124.92,5294.549,1648738979999,662573.11132,1047,1843.110,230632.40615,0
1648738980000,124.92,124.99,124.71,124.80,2864.285,1648739039999,357621.37454,877,1050.938,131228.95100,0
1648739040000,124.81,125.04,124.72,124.99,1905.688,1648739099999,238023.70534,675,1129.681,141139.94354,0
1648739100000,125.00,125.13,124.90,124.91,3074.079,1648739159999,384230.15431,729,1435.490,179418.84397,0
1648739160000,124.91,125.15,124.78,124.79,2280.169,1648739219999,285058.25503,687,773.121,96662.81173,0
1648739220000,124.78,124.88,124.69,124.80,1761.388,1648739279999,219807.76509,611,1047.877,130764.61757,0
1648739280000,124.80,125.09,124.78,125.03,1949.862,1648739339999,243581.54347,651,1285.482,160613.22867,0
1648739340000,125.06,125.27,125.00,125.18,4014.509,1648739399999,502512.76595,856,3441.289,430768.44726,0
1648739400000,125.16,125.21,124.92,124.96,1814.939,1648739459999,226953.11217,582,790.006,98806.63333,0
1648739460000,124.93,125.23,124.92,124.98,1273.572,1648739519999,159291.36921,511,746.528,93368.02555,0
1648739520000,124.98,125.28,124.93,125.19,1650.943,1648739579999,206579.74786,600,1009.669,126352.11374,0
1648739580000,125.18,125.29,124.99,125.07,2646.926,1648739639999,331182.19558,607,1480.261,185248.59441,0
1648739640000,125.01,125.21,124.87,124.87,2402.176,1648739699999,300327.06546,574,1093.002,136662.25791,0
1648739700000,124.87,124.93,124.28,124.51,5986.273,1648739759999,745750.31338,1210,1812.415,225942.73753,0
1648739760000,124.52,124.66,124.46,124.62,2133.909,1648739819999,265826.93054,661,1154.753,143865.28908,0
1648739820000,124.64,125.05,124.57,124.91,2930.092,1648739879999,365616.76595,746,1629.901,203377.24378,0
1648739880000,124.92,125.23,124.81,125.10,2706.946,1648739939999,338485.67589,621,1150.818,143896.53366,0
1648739940000,125.10,125.21,124.97,125.02,1475.572,1648739999999,184562.94437,395,730.665,91406.25315,0
1648740000000,125.02,125.08,124.68,124.92,2329.846,1648740059999,290949.16439,569,841.630,105117.52947,0
1648740060000,124.90,125.09,124.87,124.99,1401.092,1648740119999,175119.86118,449,893.843,111722.98625,0
1648740120000,124.99,125.15,124.88,125.04,2056.782,1648740179999,257181.84558,557,1262.570,157888.47084,0
1648740180000,125.04,125.18,124.72,124.73,1773.326,1648740239999,221566.23329,533,699.403,87401.07765,0
1648740240000,124.73,124.90,124.62,124.66,2674.532,1648740299999,333610.63634,682,1500.164,187097.89734,0
1648740300000,124.67,124.72,124.43,124.72,2771.124,1648740359999,345139.50126,695,1323.244,164835.39460,0
1648740360000,124.70,124.73,124.47,124.57,2223.788,1648740419999,276988.10493,534,1440.590,179439.14224,0
1648740420000,124.57,124.62,124.44,124.44,1656.912,1648740479999,206354.66383,424,577.193,71888.45954,0
1648740480000,124.44,124.62,124.41,124.46,1281.233,1648740539999,159498.99955,445,745.168,92764.15527,0
1648740540000,124.46,124.73,124.34,124.64,2852.311,1648740599999,355352.51147,645,2080.571,259187.09476,0
1648740600000,124.64,124.73,124.35,124.37,2141.537,1648740659999,266672.11935,580,877.252,109251.03441,0
1648740660000,124.38,124.52,124.25,124.49,2451.040,1648740719999,304864.98832,571,1110.398,138152.92490,0
1648740720000,124.49,124.51,124.00,124.11,4176.167,1648740779999,518593.53797,1047,1268.051,157518.46153,0
1648740780000,124.10,124.20,123.88,124.19,3395.569,1648740839999,421140.67279,785,1151.103,142816.52401,0
1648740840000,124.19,124.23,124.03,124.22,2760.399,1648740899999,342652.99347,679,1963.166,243702.76015,0
1648740900000,124.22,124.22,124.02,124.17,1418.617,1648740959999,176112.35529,469,757.549,94035.93503,0
1648740960000,124.17,124.28,124.16,124.25,2375.021,1648741019999,295020.61338,685,1180.393,146629.66670,0
1648741020000,124.24,124.45,124.20,124.43,1668.280,1648741079999,207463.97831,447,1104.704,137379.08375,0
1648741080000,124.42,124.50,124.35,124.43,2139.061,1648741139999,266138.95174,460,854.362,106307.52136,0
1648741140000,124.40,124.44,124.13,124.31,1282.272,1648741199999,159293.09679,369,697.685,86677.40383,0
1648741200000,124.31,124.63,124.28,124.51,2126.461,1648741259999,264656.37270,600,1578.708,196473.38213,0
1648741260000,124.50,124.73,124.50,124.62,1443.291,1648741319999,179880.08093,483,944.750,117747.43072,0
1648741320000,124.62,124.78,124.62,124.67,1086.931,1648741379999,135516.79102,403,665.138,82935.83535,0
1648741380000,124.70,124.72,124.54,124.55,1787.936,1648741439999,222835.02856,392,717.688,89452.72935,0
1648741440000,124.54,124.72,124.46,124.71,1193.663,1648741499999,148752.17267,418,843.461,105124.27649,0
1648741500000,124.70,124.70,124.39,124.46,1687.011,1648741559999,210022.33996,531,770.675,95942.98774,0
1648741560000,124.45,124.48,124.12,124.19,1830.463,1648741619999,227429.75480,522,782.935,97264.92834,0
1648741620000,124.16,124.30,124.07,124.29,1124.356,1648741679999,139611.59843,381,748.890,92998.17715,0
1648741680000,124.28,124.36,124.10,124.23,1112.167,1648741739999,138137.71696,341,656.502,81542.21564,0
1648741740000,124.22,124.29,124.16,124.28,632.350,1648741799999,78565.26505,291,445.693,55374.13717,0
1648741800000,124.26,124.28,124.09,124.09,1651.257,1648741859999,205073.94851,404,902.798,112133.99046,0
1648741860000,124.10,124.18,124.00,124.15,1503.791,1648741919999,186575.43544,470,853.609,105927.33007,0
1648741920000,124.15,124.29,124.06,124.06,645.479,1648741979999,80149.62077,296,340.526,42286.91885,0
1648741980000,124.06,124.11,123.99,124.00,1075.227,1648742039999,133376.04854,405,578.635,71784.01536,0
1648742040000,124.00,124.14,124.00,124.07,709.354,1648742099999,88011.93346,294,489.612,60748.52552,0
1648742100000,124.07,124.10,123.79,123.82,2879.845,1648742159999,356945.69179,678,810.966,100553.52055,0
1648742160000,123.80,124.00,123.41,123.78,4767.249,1648742219999,589499.13838,1201,1564.857,193613.38024,0
1648742220000,123.78,123.85,123.70,123.81,1577.744,1648742279999,195316.19607,453,1144.539,141694.00886,0
1648742280000,123.81,123.87,123.77,123.81,934.854,1648742339999,115752.25995,364,566.921,70197.65350,0
1648742340000,123.81,124.02,123.79,124.01,1250.720,1648742399999,154947.86268,432,779.468,96575.61320,0
1648742400000,124.01,124.54,123.20,124.13,17908.881,1648742459999,2216613.94139,2929,9299.829,1151463.40383,0
1648742460000,124.17,124.66,123.90,123.94,10118.860,1648742519999,1256976.41033,1907,6646.935,825756.52824,0
1648742520000,123.89,123.89,123.36,123.36,2161.470,1648742579999,267268.19034,843,962.255,119012.87422,0
1648742580000,123.35,123.72,123.30,123.61,5692.834,1648742639999,702864.25450,974,2016.718,249136.68171,0
1648742640000,123.60,123.76,123.46,123.59,3119.341,1648742699999,385481.21088,812,1293.847,159916.71524,0
1648742700000,123.59,123.60,123.30,123.32,2470.883,1648742759999,304988.67246,688,1205.109,148782.17025,0
1648742760000,123.33,123.49,122.44,122.80,18522.723,1648742819999,2277860.87773,2936,5298.693,651917.93267,0
1648742820000,122.79,122.96,121.63,122.35,17713.815,1648742879999,2163658.36481,3488,6886.961,841549.46290,0
1648742880000,122.37,122.61,122.14,122.25,7199.807,1648742939999,880948.82182,1581,4314.918,527956.46535,0
1648742940000,122.26,122.81,122.19,122.76,8900.009,1648742999999,1090370.49418,1268,5339.064,654058.93811,0
1648743000000,122.76,123.08,122.51,123.01,9068.208,1648743059999,1113221.57980,1648,5674.083,696463.66585,0
1648743060000,123.02,123.30,122.94,123.13,3569.282,1648743119999,439447.37196,1011,2276.980,280355.47773,0
1648743120000,123.13,123.22,122.83,122.88,2828.619,1648743179999,347938.88456,907,1271.578,156427.80678,0
1648743180000,122.89,122.99,122.69,122.82,3222.660,1648743239999,395873.27608,1024,1729.010,212411.72266,0
1648743240000,122.82,123.22,122.78,123.14,2151.883,1648743299999,264816.15064,788,1394.891,171671.82494,0
1648743300000,123.11,123.38,122.78,123.27,3999.691,1648743359999,492131.29573,994,2241.113,275762.06834,0
1648743360000,123.28,123.51,123.28,123.40,2747.108,1648743419999,338953.76740,748,1764.074,217670.88360,0
1648743420000,123.41,123.52,123.32,123.38,2629.363,1648743479999,324546.83641,570,1709.196,210980.84756,0
1648743480000,123.39,123.58,123.30,123.41,1898.275,1648743539999,234316.27822,662,1102.987,136166.35669,0
1648743540000,123.40,123.57,123.19,123.26,1260.124,1648743599999,155448.64103,451,822.240,101433.54073,0
1648743600000,123.25,123.26,122.71,122.77,5297.717,1648743659999,651656.27705,996,1872.261,230444.71413,0
1648743660000,122.77,122.92,122.65,122.68,2788.515,1648743719999,342387.94961,722,1702.254,209027.49325,0
1648743720000,122.68,123.10,122.63,122.74,2498.481,1648743779999,306989.87441,807,1367.323,168041.12522,0
1648743780000,122.74,122.91,122.67,122.90,1784.809,1648743839999,219134.25710,669,1101.471,135248.72958,0
1648743840000,122.89,122.91,122.69,122.75,1844.944,1648743899999,226545.09099,648,1063.224,130567.57117,0
1648743900000,122.75,123.85,122.74,123.51,11604.641,1648743959999,1432473.99761,2156,7983.201,984951.34442,0
1648743960000,123.51,123.64,123.00,123.03,4884.288,1648744019999,602600.52846,1096,2007.196,247712.81844,0
1648744020000,123.02,123.17,122.71,122.91,5721.581,1648744079999,703246.71077,1316,2505.032,307999.35476,0
1648744080000,122.87,122.97,122.52,122.70,5025.661,1648744139999,616936.79231,1189,2340.918,287422.77829,0
1648744140000,122.71,122.79,122.25,122.63,14155.462,1648744199999,1734086.08232,1485,3208.978,393232.70981,0
1648744200000,122.62,122.74,122.00,122.23,5468.409,1648744259999,668995.45585,1382,2833.513,346799.70687,0
1648744260000,122.19,122.67,121.75,122.64,5901.771,1648744319999,720571.13320,1476,2636.472,322061.48036,0
1648744320000,122.64,122.68,121.91,121.93,6267.198,1648744379999,766231.91597,1278,2765.243,338160.78681,0
1648744380000,121.92,122.15,121.63,121.80,7992.380,1648744439999,974190.23499,1643,3493.261,425692.52412,0
1648744440000,121.80,122.13,121.76,121.99,3177.948,1648744499999,387766.85570,823,1303.723,159069.75120,0
1648744500000,122.03,122.39,121.96,122.14,3625.997,1648744559999,443141.52620,888,2382.689,291178.57714,0
1648744560000,122.13,122.92,122.08,122.87,3140.720,1648744619999,385099.14546,833,2483.138,304598.45758,0
1648744620000,122.87,122.95,122.63,122.75,3511.936,1648744679999,431199.04928,803,1341.505,164792.77746,0
1648744680000,122.77,123.06,122.66,122.69,2475.681,1648744739999,304149.63160,739,1036.356,127354.95367,0
1648744740000,122.69,123.26,122.65,123.15,2135.324,1648744799999,262600.89505,669,1396.194,171689.85588,0
1648744800000,123.13,123.34,122.95,123.23,3490.766,1648744859999,429879.83200,808,1839.316,226551.61323,0
1648744860000,123.23,123.29,123.08,123.24,1442.873,1648744919999,177787.79033,464,1017.240,125344.99522,0
1648744920000,123.23,123.31,123.02,123.08,1352.131,1648744979999,166523.47103,510,643.388,79237.49588,0
1648744980000,123.07,123.20,123.01,123.15,1347.176,1648745039999,165863.84319,468,835.693,102894.66647,0
1648745040000,123.15,123.27,123.00,123.05,1422.371,1648745099999,175101.67487,620,846.175,104186.84442,0
1648745100000,123.05,123.59,123.05,123.28,3063.801,1648745159999,377961.50048,859,1909.086,235587.64263,0
1648745160000,123.28,123.29,122.66,122.81,2525.559,1648745219999,310478.58235,742,750.255,92242.70313,0
1648745220000,122.79,123.04,122.67,122.99,1534.686,1648745279999,188553.70179,599,777.635,95548.78215,0
1648745280000,122.97,123.13,122.72,123.05,2433.829,1648745339999,299180.03756,615,1026.274,126257.28201,0
1648745340000,123.06,123.19,122.85,122.85,1587.635,1648745399999,195274.14348,461,607.180,74731.09545,0
1648745400000,122.84,122.89,122.54,122.56,1872.667,1648745459999,229782.66477,548,573.584,70396.77257,0
1648745460000,122.56,122.73,122.45,122.52,1136.687,1648745519999,139344.05361,422,638.492,78290.53567,0
1648745520000,122.53,122.67,122.41,122.51,1068.732,1648745579999,130966.07010,369,661.782,81101.18670,0
1648745580000,122.50,122.58,122.23,122.34,2146.572,1648745639999,262850.48357,566,869.136,106444.69845,0
1648745640000,122.31,122.55,122.22,122.53,2134.850,1648745699999,261146.83238,521,1132.443,138543.32130,0
1648745700000,122.54,122.87,122.51,122.81,1685.924,1648745759999,206815.17726,502,926.507,113696.06763,0
1648745760000,122.80,122.80,122.33,122.57,1231.817,1648745819999,150948.98058,398,655.428,80325.03995,0
1648745820000,122.56,122.60,122.43,122.52,1108.807,1648745879999,135836.89451,482,689.293,84447.55140,0
1648745880000,122.51,122.54,122.16,122.18,1721.337,1648745939999,210577.39309,538,673.751,82445.79873,0
1648745940000,122.17,122.28,122.00,122.07,3615.771,1648745999999,441614.00248,900,1306.816,159615.81598,0
1648746000000,122.08,122.63,121.88,122.49,4530.614,1648746059999,553615.76663,1092,2425.387,296596.13999,0
1648746060000,122.48,122.78,122.40,122.77,1538.036,1648746119999,188563.25078,561,1094.074,134142.26819,0
1648746120000,122.77,122.77,122.33,122.43,1370.847,1648746179999,167967.94421,490,762.795,93457.78677,0
1648746180000,122.40,122.59,122.26,122.53,1395.299,1648746239999,170781.56081,558,893.437,109366.28406,0
1648746240000,122.53,122.84,122.53,122.82,905.067,1648746299999,111042.60019,495,569.196,69839.48808,0
1648746300000,122.82,123.13,122.60,123.08,2910.989,1648746359999,357705.01517,743,1782.395,219123.26939,0
1648746360000,123.09,123.09,122.80,122.97,1968.872,1648746419999,242054.60421,490,910.890,111989.37738,0
1648746420000,122.98,123.10,122.88,123.00,1421.066,1648746479999,174810.47731,366,1121.530,137976.89416,0
1648746480000,122.98,123.14,122.75,122.96,1201.639,1648746539999,147743.34427,380,721.512,88714.18047,0
1648746540000,122.97,123.05,122.74,122.86,1742.073,1648746599999,214101.10348,440,727.385,89376.02287,0
1648746600000,122.85,122.85,122.62,122.62,1611.998,1648746659999,197856.30649,454,704.842,86525.27297,0
1648746660000,122.63,122.72,122.35,122.36,1533.254,1648746719999,187891.36843,492,799.596,98027.45653,0
1648746720000,122.39,122.69,122.34,122.50,967.690,1648746779999,118550.44330,376,702.805,86103.35540,0
1648746780000,122.51,122.71,122.51,122.56,710.251,1648746839999,87080.67563,265,452.167,55439.66561,0
1648746840000,122.55,122.90,122.50,122.83,1038.357,1648746899999,127411.52691,320,695.428,85334.98240,0
1648746900000,122.85,123.06,122.80,122.99,1770.502,1648746959999,217680.16232,486,1247.004,153319.43701,0
1648746960000,122.99,123.09,122.97,123.05,1215.550,1648747019999,149546.25871,359,768.232,94515.63560,0
1648747020000,123.04,123.12,122.89,123.09,1438.153,1648747079999,176930.95945,435,699.930,86118.38496,0
1648747080000,123.06,123.07,122.69,122.83,4211.950,1648747139999,517522.50743,504,1491.877,183222.62722,0
1648747140000,122.80,122.80,122.63,122.69,889.889,1648747199999,109199.71987,311,455.314,55871.44477,0
1648747200000,122.67,123.07,122.60,123.03,1742.658,1648747259999,214063.03195,454,933.627,114726.31966,0
1648747260000,123.04,123.10,122.71,122.74,1457.828,1648747319999,179219.39320,379,731.103,89878.38704,0
1648747320000,122.75,122.78,122.61,122.67,1035.843,1648747379999,127073.41670,331,418.977,51400.86449,0
1648747380000,122.65,122.74,122.54,122.55,1593.689,1648747439999,195426.78239,406,659.020,80829.02836,0
1648747440000,122.56,122.84,122.56,122.81,1235.836,1648747499999,151685.91615,378,761.652,93488.20409,0
1648747500000,122.84,122.98,122.65,122.84,2010.920,1648747559999,246957.51375,415,863.283,106051.15831,0
1648747560000,122.85,122.98,122.71,122.88,922.584,1648747619999,113378.47196,316,713.155,87644.71429,0
1648747620000,122.88,122.92,122.74,122.75,1835.591,1648747679999,225475.76732,598,525.557,64555.00202,0
1648747680000,122.74,122.75,122.51,122.52,1508.328,1648747739999,184982.37310,542,601.976,73816.00178,0
1648747740000,122.52,122.71,122.50,122.59,1373.448,1648747799999,168429.55985,565,756.804,92808.05735,0
1648747800000,122.60,122.98,122.53,122.97,3073.908,1648747859999,377272.45735,592,1918.264,235481.13086,0
1648747860000,122.97,123.10,122.89,123.10,2580.651,1648747919999,317442.58676,654,1450.604,178465.73121,0
1648747920000,123.09,123.25,123.00,123.22,1076.609,1648747979999,132545.55114,455,758.430,93368.20144,0
1648747980000,123.21,123.37,123.13,123.18,1704.473,1648748039999,210063.38489,586,1053.806,129880.04666,0
1648748040000,123.17,123.43,123.17,123.27,1086.826,1648748099999,133974.68398,448,732.772,90328.67060,0
1648748100000,123.25,123.29,123.12,123.12,1518.484,1648748159999,187053.99515,425,597.149,73572.52431,0
1648748160000,123.13,123.30,123.12,123.30,529.332,1648748219999,65212.60123,247,367.887,45326.52107,0
1648748220000,123.29,123.29,123.09,123.16,608.562,1648748279999,74952.93680,268,411.160,50640.33434,0
1648748280000,123.15,123.31,123.09,123.27,913.003,1648748339999,112492.92745,341,465.263,57331.67803,0
1648748340000,123.25,123.30,123.19,123.28,398.197,1648748399999,49082.18576,168,305.542,37662.50632,0
1648748400000,123.25,123.40,123.14,123.36,1598.499,1648748459999,197008.40284,351,633.545,78098.68706,0
1648748460000,123.38,123.51,123.24,123.37,5543.751,1648748519999,684058.86632,637,4080.250,503578.16041,0
1648748520000,123.36,123.43,123.03,123.27,1837.408,1648748579999,226509.71120,451,1132.870,139716.50066,0
1648748580000,123.25,123.25,122.99,123.03,1322.327,1648748639999,162717.48247,475,621.560,76497.23183,0
1648748640000,123.03,123.13,122.99,123.11,423.254,1648748699999,52092.13823,193,295.076,36317.57351,0
1648748700000,123.06,123.32,122.88,123.30,1853.599,1648748759999,228112.77444,430,557.823,68701.03872,0
1648748760000,123.26,123.27,123.09,123.09,1288.726,1648748819999,158744.25653,333,890.497,109690.73651,0
1648748820000,123.08,123.20,123.03,123.11,1112.026,1648748879999,136910.44763,384,731.747,90094.85825,0
1648748880000,123.11,123.16,123.01,123.15,1172.363,1648748939999,144320.08429,396,855.177,105277.16874,0
1648748940000,123.12,123.43,123.07,123.39,881.756,1648748999999,108679.47696,355,586.684,72323.64178,0
1648749000000,123.38,123.58,123.22,123.56,1775.616,1648749059999,219029.83552,469,881.174,108742.59717,0
1648749060000,123.55,123.59,123.22,123.51,4463.993,1648749119999,550702.51482,672,1698.003,209609.03462,0
1648749120000,123.50,123.56,123.46,123.55,639.059,1648749179999,78933.90031,291,563.778,69637.41481,0
1648749180000,123.52,123.56,123.30,123.54,2569.689,1648749239999,317160.19238,514,924.890,114209.83230,0
1648749240000,123.55,123.70,123.50,123.50,1799.025,1648749299999,222295.86205,512,1311.848,162099.84516,0
1648749300000,123.50,123.55,123.35,123.48,2033.445,1648749359999,251018.28510,415,750.642,92679.13662,0
1648749360000,123.48,123.52,123.35,123.38,958.949,1648749419999,118364.95466,314,685.120,84566.56576,0
1648749420000,123.39,123.39,123.24,123.24,865.174,1648749479999,106679.09902,292,293.244,36162.05084,0
1648749480000,123.23,123.24,123.03,123.13,1423.821,1648749539999,175346.79662,467,568.192,69985.13315,0
1648749540000,123.12,123.27,123.07,123.25,1016.047,1648749599999,125124.68269,398,676.900,83363.24620,0
1648749600000,123.22,123.22,122.86,122.96,2932.452,1648749659999,360598.43544,669,709.329,87227.03790,0
1648749660000,122.93,122.93,122.69,122.73,707.580,1648749719999,86904.61592,392,188.637,23176.82893,0
1648749720000,122.73,122.77,122.65,122.66,669.135,1648749779999,82116.48448,335,366.656,44993.80858,0
1648749780000,122.66,122.82,122.62,122.77,985.101,1648749839999,120914.23107,351,690.736,84792.46283,0
1648749840000,122.78,122.85,122.69,122.77,953.164,1648749899999,117018.30466,393,526.726,64675.92975,0
1648749900000,122.77,122.81,122.52,122.52,1144.836,1648749959999,140501.48813,385,348.201,42746.79584,0
1648749960000,122.53,122.66,122.46,122.47,1029.470,1648750019999,126165.76934,388,567.286,69538.35397,0
1648750020000,122.48,122.70,122.47,122.69,1184.997,1648750079999,145263.63685,335,640.457,78515.88898,0
1648750080000,122.66,122.68,122.59,122.65,362.549,1648750139999,44464.81311,195,242.339,29723.96211,0
1648750140000,122.64,122.64,122.48,122.56,1075.665,1648750199999,131797.61209,309,701.538,85962.63268,0
1648750200000,122.55,122.55,122.40,122.40,1143.522,1648750259999,140045.02198,273,407.368,49900.50107,0
1648750260000,122.40,122.77,122.37,122.77,1286.865,1648750319999,157674.11493,392,690.662,84653.67021,0
1648750320000,122.76,122.87,122.67,122.74,926.732,1648750379999,113765.37883,326,522.572,64153.45613,0
1648750380000,122.72,122.72,122.60,122.70,1117.196,1648750439999,137046.22923,408,712.752,87438.61050,0
1648750440000,122.69,122.80,122.62,122.74,810.211,1648750499999,99415.80424,274,470.799,57764.36180,0
1648750500000,122.74,122.86,122.70,122.84,1489.367,1648750559999,182903.23052,282,831.965,102180.62249,0
1648750560000,122.79,122.81,122.49,122.51,1504.032,1648750619999,184425.30439,353,654.709,80291.09169,0
1648750620000,122.52,122.60,122.40,122.51,1542.652,1648750679999,188961.20583,375,661.271,81005.59186,0
1648750680000,122.49,122.61,122.35,122.49,1678.950,1648750739999,205580.49545,417,801.237,98127.05416,0
1648750740000,122.49,122.69,122.44,122.61,947.093,1648750799999,116112.84167,327,749.496,91892.12367,0
1648750800000,122.61,122.86,122.58,122.86,1250.443,1648750859999,153495.54030,355,982.775,120634.45183,0
1648750860000,122.83,123.15,122.83,123.04,1515.629,1648750919999,186410.21554,550,949.588,116793.41443,0
1648750920000,123.00,123.30,123.00,123.29,1638.180,1648750979999,201807.07850,513,700.333,86269.39983,0
1648750980000,123.29,123.50,123.29,123.50,1075.108,1648751039999,132647.64775,455,704.841,86963.38113,0
1648751040000,123.49,123.50,123.35,123.44,852.264,1648751099999,105175.61973,405,508.642,62772.38288,0
1648751100000,123.41,123.60,123.40,123.51,1398.736,1648751159999,172740.45763,456,684.750,84572.48721,0
1648751160000,123.51,123.57,123.25,123.48,1362.104,1648751219999,168063.89161,428,552.550,68216.42629,0
1648751220000,123.48,123.63,123.41,123.58,1127.072,1648751279999,139235.12831,357,870.124,107498.70199,0
1648751280000,123.55,123.71,123.43,123.69,842.451,1648751339999,104121.00443,379,547.219,67638.20786,0
1648751340000,123.64,123.76,123.55,123.70,953.067,1648751399999,117861.08983,384,605.489,74880.86268,0
1648751400000,123.70,123.70,123.38,123.48,2289.446,1648751459999,282864.36011,488,1113.949,137618.59617,0
1648751460000,123.48,123.69,123.43,123.69,1276.207,1648751519999,157699.43784,337,713.649,88186.87399,0
1648751520000,123.67,123.70,123.56,123.60,825.162,1648751579999,102020.64752,314,505.001,62438.28998,0
1648751580000,123.61,123.65,123.38,123.51,1254.330,1648751639999,154885.19845,358,444.187,54876.76810,0
1648751640000,123.51,123.59,123.48,123.55,760.263,1648751699999,93930.94850,308,561.620,69391.02113,0
1648751700000,123.56,123.60,123.48,123.49,1626.835,1648751759999,200987.66152,308,540.416,66772.46816,0
1648751760000,123.48,123.89,123.44,123.88,3261.495,1648751819999,403536.96193,615,2406.295,297803.04616,0
1648751820000,123.83,123.98,123.74,123.85,1535.527,1648751879999,190202.97807,449,908.667,112557.46282,0
1648751880000,123.85,123.93,123.80,123.89,576.583,1648751939999,71413.13789,268,418.278,51808.92889,0
1648751940000,123.89,124.13,123.86,124.03,1686.075,1648751999999,209027.89473,514,987.311,122418.87415,0
1648752000000,124.01,124.09,123.83,123.86,2125.334,1648752059999,263379.91461,402,505.135,62618.74775,0
1648752060000,123.86,123.90,123.72,123.78,1372.805,1648752119999,169961.83681,364,614.236,76055.28110,0
1648752120000,123.77,123.96,123.76,123.86,650.717,1648752179999,80595.77846,214,496.457,61491.00588,0
1648752180000,123.87,123.99,123.76,123.96,1226.462,1648752239999,151924.55001,307,661.629,81980.48271,0
1648752240000,123.96,124.22,123.67,124.11,7424.904,1648752299999,920385.03690,1040,5161.158,639805.83860,0
1648752300000,124.12,124.20,123.93,124.08,2964.307,1648752359999,367719.59252,544,893.368,110805.16963,0
1648752360000,124.07,124.42,124.07,124.37,3411.531,1648752419999,423956.86038,628,2579.086,320553.77655,0
1648752420000,124.36,124.43,124.20,124.22,5169.842,1648752479999,642880.56500,585,1995.969,248208.77641,0
1648752480000,124.21,124.50,124.21,124.46,1291.769,1648752539999,160701.01745,499,849.916,105737.53351,0
1648752540000,124.43,124.50,124.40,124.40,832.498,1648752599999,103591.04864,284,438.651,54587.19831,0
1648752600000,124.39,124.61,124.24,124.58,3444.171,1648752659999,428537.35767,597,1427.427,177697.80422,0
1648752660000,124.57,124.60,124.36,124.41,1129.664,1648752719999,140647.00165,454,674.461,83986.07035,0
1648752720000,124.39,124.39,124.08,124.29,3134.485,1648752779999,389347.50617,671,868.912,107939.00161,0
1648752780000,124.28,124.41,124.25,124.41,967.474,1648752839999,120275.16725,353,637.237,79226.58861,0
1648752840000,124.41,124.45,124.33,124.42,809.665,1648752899999,100715.93995,314,638.438,79417.73516,0
1648752900000,124.42,124.42,124.24,124.30,2202.530,1648752959999,273823.31237,438,472.232,58711.38420,0
1648752960000,124.30,124.39,124.29,124.37,638.126,1648753019999,79347.76406,202,467.579,58142.38907,0
1648753020000,124.38,124.40,124.29,124.32,916.807,1648753079999,114003.51820,272,532.858,66265.07512,0
1648753080000,124.31,124.39,124.29,124.35,1070.896,1648753139999,133146.90698,294,468.529,58260.28575,0
1648753140000,124.35,124.50,124.31,124.49,1088.918,1648753199999,135461.99249,328,910.237,113233.93328,0
1648753200000,124.48,124.55,124.26,124.38,3667.995,1648753259999,456236.06267,683,1556.763,193646.99229,0
1648753260000,124.36,124.45,124.20,124.27,1926.055,1648753319999,239441.71506,408,1310.040,162874.66058,0
1648753320000,124.26,124.60,124.24,124.60,1625.289,1648753379999,202270.08163,403,1206.538,150189.92415,0
1648753380000,124.57,124.61,124.53,124.55,957.746,1648753439999,119324.59426,252,761.400,94864.80899,0
1648753440000,124.55,124.62,124.51,124.62,703.175,1648753499999,87599.42820,325,437.813,54546.07983,0
1648753500000,124.59,124.59,124.42,124.51,2076.046,1648753559999,258449.64848,433,595.390,74135.99506,0
1648753560000,124.51,124.64,124.48,124.64,1038.888,1648753619999,129390.91180,434,794.097,98906.02574,0
1648753620000,124.64,124.65,124.42,124.51,839.722,1648753679999,104546.54936,280,443.815,55262.55737,0
1648753680000,124.52,124.72,124.44,124.69,2341.924,1648753739999,291787.18187,454,1658.197,206616.48175,0
1648753740000,124.69,124.97,124.68,124.88,3150.174,1648753799999,393302.48268,590,2028.382,253245.15116,0
1648753800000,124.86,124.88,124.69,124.73,2301.548,1648753859999,287170.68733,429,495.900,61866.26908,0
1648753860000,124.72,124.75,124.55,124.71,1443.507,1648753919999,179912.76081,363,699.106,87141.17454,0
1648753920000,124.69,124.79,124.69,124.79,1257.592,1648753979999,156853.85451,314,823.034,102655.20054,0
1648753980000,124.79,124.98,124.77,124.84,2183.531,1648754039999,272657.73571,426,1565.765,195523.48567,0
1648754040000,124.83,124.92,124.82,124.86,1105.320,1648754099999,138003.42910,305,548.474,68481.65263,0
1648754100000,124.85,124.85,124.68,124.72,3084.204,1648754159999,384751.59374,570,902.958,112628.05256,0
1648754160000,124.71,124.74,124.55,124.63,1409.781,1648754219999,175754.91845,338,564.037,70328.38360,0
1648754220000,124.63,124.88,124.63,124.85,1347.471,1648754279999,168118.91228,317,1065.203,132897.64789,0
1648754280000,124.85,124.88,124.70,124.88,1343.818,1648754339999,167709.86453,318,687.248,85758.90568,0
1648754340000,124.86,124.86,124.64,124.70,1573.479,1648754399999,196270.54784,329,881.092,109899.82210,0
1648754400000,124.70,124.75,124.59,124.62,2481.939,1648754459999,309455.38252,390,933.963,116460.91563,0
1648754460000,124.63,124.67,124.50,124.63,2324.264,1648754519999,289508.76180,352,1223.639,152431.89859,0
1648754520000,124.62,124.86,124.59,124.78,1029.492,1648754579999,128427.84184,312,692.688,86412.27976,0
1648754580000,124.76,124.76,124.60,124.72,823.040,1648754639999,102601.31803,285,402.312,50159.79330,0
1648754640000,124.72,124.72,124.60,124.69,928.125,1648754699999,115698.23158,315,606.030,75549.51447,0
1648754700000,124.70,124.77,124.60,124.68,2174.658,1648754759999,271132.71802,392,802.875,100109.52337,0
1648754760000,124.67,124.69,124.60,124.68,745.298,1648754819999,92900.47917,237,528.710,65904.18997,0
1648754820000,124.68,124.83,124.64,124.83,1133.673,1648754879999,141373.15733,274,851.118,106126.06203,0
1648754880000,124.82,124.82,124.62,124.69,842.978,1648754939999,105147.29564,274,571.564,71294.51809,0
1648754940000,124.68,124.68,124.54,124.55,1054.873,1648754999999,131433.10126,300,608.665,75836.64276,0
1648755000000,124.55,124.83,124.54,124.78,2667.408,1648755059999,332580.83455,536,1522.666,189900.76892,0
1648755060000,124.76,124.85,124.71,124.80,1576.715,1648755119999,196725.19710,376,616.609,76941.86977,0
1648755120000,124.79,124.79,124.43,124.50,1898.252,1648755179999,236453.46670,452,721.757,89922.34715,0
1648755180000,124.49,124.95,124.30,124.93,3394.719,1648755239999,423153.26466,664,2236.726,278948.35872,0
1648755240000,124.92,125.31,124.92,125.21,8864.611,1648755299999,1108811.10670,1188,7472.035,934633.40185,0
1648755300000,125.21,125.24,124.93,125.03,3231.595,1648755359999,404188.41409,650,1802.393,225410.20052,0
1648755360000,125.03,125.32,125.03,125.24,1573.131,1648755419999,196922.38202,414,997.945,124931.92422,0
1648755420000,125.23,125.23,125.08,125.08,1019.211,1648755479999,127559.07998,303,429.605,53769.39183,0
1648755480000,125.07,125.20,125.05,125.13,1283.543,1648755539999,160571.45483,324,449.625,56264.11141,0
1648755540000,125.14,125.14,124.90,125.00,1435.673,1648755599999,179463.25709,386,238.702,29840.70283,0
1648755600000,125.01,125.02,124.72,124.77,3155.346,1648755659999,394021.15451,529,1166.044,145683.56813,0
1648755660000,124.77,124.96,124.70,124.92,1916.769,1648755719999,239243.61689,370,1059.431,132223.25445,0
1648755720000,124.92,124.92,124.59,124.59,1882.886,1648755779999,234854.28573,346,534.465,66663.11695,0
1648755780000,124.60,124.63,124.35,124.45,1966.074,1648755839999,244783.19849,439,994.721,123862.16028,0
1648755840000,124.46,124.48,124.28,124.44,1008.559,1648755899999,125451.72153,261,367.730,45750.83041,0
1648755900000,124.45,124.72,124.34,124.34,2840.549,1648755959999,353840.02752,543,1646.060,205125.51866,0
1648755960000,124.33,124.69,124.18,124.59,3679.593,1648756019999,457446.36296,546,1101.127,136999.03586,0
1648756020000,124.58,125.06,124.54,124.87,3283.190,1648756079999,410044.84901,542,2853.799,356397.23602,0
1648756080000,124.86,124.95,124.79,124.85,1179.991,1648756139999,147340.28305,287,468.970,58555.92539,0
1648756140000,124.84,124.85,124.62,124.65,1384.755,1648756199999,172716.41834,333,546.922,68207.99133,0
1648756200000,124.64,124.67,124.34,124.34,2897.645,1648756259999,360801.66713,480,1018.536,126804.03340,0
1648756260000,124.34,124.73,124.29,124.60,2184.003,1648756319999,271930.02537,424,1198.560,149298.60343,0
1648756320000,124.60,124.67,124.56,124.56,837.927,1648756379999,104427.01799,224,522.184,65082.64813,0
1648756380000,124.55,124.63,124.51,124.63,208.169,1648756439999,25930.52541,159,88.820,11063.94770,0
1648756440000,124.61,124.61,124.30,124.30,967.933,1648756499999,120463.79776,333,364.270,45332.45136,0
1648756500000,124.30,124.53,124.29,124.35,982.375,1648756559999,122181.87135,270,684.971,85191.48668,0
1648756560000,124.35,124.37,124.20,124.20,1236.996,1648756619999,153744.57771,340,951.285,118232.55782,0
1648756620000,124.20,124.39,124.18,124.29,2817.329,1648756679999,350017.25645,369,553.128,68730.04358,0
1648756680000,124.30,124.43,124.29,124.40,639.252,1648756739999,79497.44418,186,157.432,19580.34218,0
1648756740000,124.40,124.71,124.22,124.22,2254.689,1648756799999,280642.99109,467,1399.621,174238.73178,0
1648756800000,124.23,124.40,124.23,124.28,955.402,1648756859999,118802.83971,300,514.704,64004.18289,0
1648756860000,124.28,124.55,124.20,124.47,796.077,1648756919999,98998.38447,243,476.339,59247.14324,0
1648756920000,124.47,124.69,124.47,124.53,650.666,1648756979999,81067.75187,249,351.654,43814.20212,0
1648756980000,124.53,124.53,124.14,124.14,5254.963,1648757039999,653027.22726,667,2996.760,372378.51597,0
1648757040000,124.16,124.25,124.08,124.18,1682.728,1648757099999,208956.91475,410,1214.452,150812.77883,0
1648757100000,124.17,124.31,124.03,124.14,1723.676,1648757159999,214023.49689,416,910.052,113034.43431,0
1648757160000,124.11,124.26,124.11,124.19,681.379,1648757219999,84626.71444,259,448.354,55686.20763,0
1648757220000,124.17,124.20,124.04,124.20,648.469,1648757279999,80492.05206,206,74.907,9298.48617,0
1648757280000,124.20,124.34,124.19,124.20,629.430,1648757339999,78207.31679,208,301.785,37499.78745,0
1648757340000,124.20,124.30,124.11,124.22,444.567,1648757399999,55233.26063,202,155.903,19369.02183,0
1648757400000,124.22,124.38,124.22,124.34,955.810,1648757459999,118829.55518,298,775.840,96455.19235,0
1648757460000,124.34,124.46,124.21,124.46,2632.875,1648757519999,327304.94909,318,189.822,23605.23582,0
1648757520000,124.47,124.71,124.47,124.70,1733.613,1648757579999,216058.26038,389,1460.416,182018.51527,0
1648757580000,124.72,125.02,124.71,124.94,1612.674,1648757639999,201332.32079,375,1214.111,151568.54074,0
1648757640000,124.94,125.03,124.89,125.03,1071.311,1648757699999,133875.58178,225,270.683,33829.52658,0
1648757700000,125.03,125.13,125.02,125.04,882.833,1648757759999,110401.11979,247,195.313,24427.32326,0
1648757760000,125.05,125.15,125.05,125.12,1423.903,1648757819999,178134.41353,257,741.465,92765.53479,0
1648757820000,125.13,125.27,125.05,125.09,2481.427,1648757879999,310532.80976,368,366.452,45884.09409,0
1648757880000,125.10,125.23,125.04,125.11,655.926,1648757939999,82080.62156,211,273.773,34258.80759,0
1648757940000,125.11,125.20,125.11,125.15,358.235,1648757999999,44834.45758,157,170.230,21303.76851,0
1648758000000,125.14,125.15,125.04,125.11,309.366,1648758059999,38700.66378,140,78.312,9795.85959,0
1648758060000,125.11,125.12,124.95,125.05,499.432,1648758119999,62445.54532,195,170.414,21305.88306,0
1648758120000,125.06,125.09,124.90,124.90,563.010,1648758179999,70381.27807,154,238.164,29784.73807,0
1648758180000,124.90,124.90,124.68,124.68,979.569,1648758239999,122212.36293,266,297.882,37159.15464,0
1648758240000,124.68,124.73,124.59,124.69,1836.851,1648758299999,228958.29250,352,473.006,58973.61295,0
1648758300000,124.68,124.69,124.53,124.60,762.988,1648758359999,95099.41155,197,143.576,17891.66951,0
1648758360000,124.61,124.89,124.61,124.85,734.288,1648758419999,91582.18594,279,495.191,61768.26771,0
1648758420000,124.85,124.85,124.58,124.66,486.070,1648758479999,60590.07362,190,322.109,40149.76916,0
1648758480000,124.66,124.67,124.61,124.67,155.088,1648758539999,19330.49108,125,105.517,13151.99141,0
1648758540000,124.67,124.83,124.62,124.76,417.653,1648758599999,52086.72692,162,280.368,34967.88886,0
1648758600000,124.75,124.77,124.64,124.64,362.519,1648758659999,45209.64546,137,88.536,11039.82446,0
1648758660000,124.62,124.62,124.40,124.55,513.065,1648758719999,63877.04916,250,191.358,23820.46924,0
1648758720000,124.56,124.58,124.47,124.55,826.244,1648758779999,102886.05712,161,437.734,54507.36163,0
1648758780000,124.55,124.65,124.54,124.62,297.747,1648758839999,37098.78589,127,139.743,17411.82237,0
1648758840000,124.61,124.65,124.51,124.51,229.719,1648758899999,28618.24382,111,119.116,14843.13019,0
1648758900000,124.50,124.61,124.48,124.60,267.415,1648758959999,33306.63489,128,222.952,27769.63988,0
1648758960000,124.56,124.72,124.56,124.58,204.395,1648759019999,25475.81211,164,154.915,19309.20570,0
1648759020000,124.58,124.73,124.58,124.71,183.429,1648759079999,22868.56975,131,86.080,10732.29209,0
1648759080000,124.71,124.77,124.67,124.71,930.677,1648759139999,116070.01843,145,415.008,51768.08592,0
1648759140000,124.71,124.76,124.70,124.74,186.569,1648759199999,23272.97095,95,144.258,17996.30523,0
1648759200000,124.74,124.97,124.74,124.92,1478.675,1648759259999,184619.56535,292,755.716,94356.13435,0
1648759260000,124.90,124.93,124.86,124.89,480.248,1648759319999,59980.22207,154,125.505,15676.46860,0
1648759320000,124.90,124.97,124.82,124.97,216.574,1648759379999,27042.21173,152,35.455,4427.30759,0
1648759380000,124.95,124.95,124.90,124.90,54.022,1648759439999,6747.92105,75,12.912,1612.84248,0
1648759440000,124.90,124.92,124.84,124.86,168.163,1648759499999,21001.23639,132,102.075,12747.55120,0
1648759500000,124.86,124.97,124.86,124.97,172.189,1648759559999,21507.94551,100,132.872,16596.70038,0
1648759560000,124.97,124.97,124.82,124.84,539.598,1648759619999,67373.90347,184,403.236,50345.17726,0
1648759620000,124.84,124.87,124.58,124.71,2175.087,1648759679999,271367.14170,305,367.604,45870.28338,0
1648759680000,124.73,124.88,124.73,124.85,213.923,1648759739999,26702.25473,141,132.890,16588.14196,0
1648759740000,124.85,124.91,124.84,124.91,183.510,1648759799999,22915.82064,117,120.315,15025.36989,0
1648759800000,124.91,124.91,124.78,124.79,411.501,1648759859999,51371.42385,129,61.052,7619.60025,0
1648759860000,124.79,124.81,124.60,124.62,555.000,1648759919999,69187.03887,163,233.843,29143.31059,0
1648759920000,124.64,124.72,124.64,124.69,142.637,1648759979999,17782.04263,111,35.672,4447.54363,0
1648759980000,124.69,124.86,124.62,124.83,1069.033,1648760039999,133390.19438,230,816.607,101898.87178,0
1648760040000,124.84,124.92,124.84,124.86,371.935,1648760099999,46447.58989,134,223.626,27928.71455,0
1648760100000,124.87,124.95,124.87,124.93,209.709,1648760159999,26195.62629,117,184.405,23034.94896,0
1648760160000,124.93,124.93,124.78,124.80,276.478,1648760219999,34516.22619,141,55.047,6872.48666,0
1648760220000,124.81,124.85,124.77,124.83,253.866,1648760279999,31687.14076,131,189.664,23673.44006,0
1648760280000,124.83,124.93,124.74,124.74,1108.768,1648760339999,138376.31038,212,397.627,49622.22637,0
1648760340000,124.77,124.87,124.77,124.85,760.714,1648760399999,94960.83860,146,494.534,61728.60690,0
1648760400000,124.85,124.85,124.76,124.82,343.875,1648760459999,42912.97805,147,24.252,3026.66333,0
1648760460000,124.82,124.83,124.73,124.78,254.658,1648760519999,31776.13745,146,107.004,13351.67493,0
1648760520000,124.78,124.80,124.70,124.79,391.051,1648760579999,48786.00946,155,119.278,14880.24257,0
1648760580000,124.79,124.80,124.77,124.77,87.885,1648760639999,10966.07999,73,4.970,620.20706,0
1648760640000,124.77,124.84,124.72,124.83,267.332,1648760699999,33355.19059,176,76.823,9585.03431,0
1648760700000,124.83,125.13,124.83,125.09,1282.005,1648760759999,160247.99501,311,844.944,105633.08307,0
1648760760000,125.10,125.31,125.03,125.29,3168.629,1648760819999,396765.96890,540,2266.472,283811.68749,0
1648760820000,125.29,125.29,125.15,125.15,1540.045,1648760879999,192818.59301,294,127.683,15984.55313,0
1648760880000,125.15,125.20,125.13,125.16,588.691,1648760939999,73685.00080,189,346.689,43396.38155,0
1648760940000,125.17,125.28,125.17,125.21,688.875,1648760999999,86263.73096,213,147.132,18426.46566,0
1648761000000,125.21,125.30,125.13,125.22,431.390,1648761059999,54009.07472,175,275.247,34462.49432,0
1648761060000,125.22,125.22,125.11,125.11,658.838,1648761119999,82461.72763,119,65.843,8241.30457,0
1648761120000,125.12,125.12,124.88,124.88,645.974,1648761179999,80709.61759,212,96.431,12046.13339,0
1648761180000,124.88,125.11,124.88,125.07,1339.428,1648761239999,167478.76607,242,559.682,69951.56873,0
1648761240000,125.07,125.11,125.06,125.06,305.047,1648761299999,38155.34795,154,227.290,28430.90611,0
1648761300000,125.06,125.12,125.03,125.08,431.316,1648761359999,53939.72697,153,72.302,9044.54449,0
1648761360000,125.08,125.14,124.99,125.00,352.066,1648761419999,44030.36549,142,93.529,11700.27399,0
1648761420000,125.00,125.00,124.92,124.92,128.835,1648761479999,16100.47581,95,5.705,713.03249,0
1648761480000,124.92,124.93,124.76,124.79,2232.806,1648761539999,278661.85227,294,140.761,17571.31419,0
1648761540000,124.79,124.80,124.71,124.77,716.520,1648761599999,89380.54335,176,172.570,21529.88026,0
1648761600000,124.77,124.77,124.65,124.65,213.077,1648761659999,26574.44815,157,118.925,14832.64734,0
1648761660000,124.66,124.72,124.62,124.68,1023.958,1648761719999,127649.73897,228,261.284,32580.97524,0
1648761720000,124.68,124.77,124.68,124.76,382.047,1648761779999,47656.66590,146,304.871,38029.74916,0
1648761780000,124.76,124.76,124.72,124.75,169.221,1648761839999,21109.60665,139,69.373,8654.63325,0
1648761840000,124.77,124.91,124.76,124.90,381.153,1648761899999,47590.01460,190,333.979,41699.34310,0
1648761900000,124.88,124.89,124.81,124.88,464.977,1648761959999,58046.13699,195,130.792,16329.20101,0
1648761960000,124.88,124.88,124.81,124.82,310.897,1648762019999,38814.12262,148,70.590,8813.23018,0
1648762020000,124.82,125.04,124.82,125.02,685.414,1648762079999,85682.07677,193,620.505,77570.05330,0
1648762080000,125.00,125.07,124.97,125.06,604.561,1648762139999,75593.56329,207,490.363,61314.07415,0
1648762140000,125.05,125.08,125.03,125.03,355.633,1648762199999,44473.03085,154,38.523,4818.03994,0
1648762200000,125.03,125.12,125.00,125.10,709.648,1648762259999,88750.13703,224,329.661,41236.87307,0
1648762260000,125.11,125.18,125.08,125.16,563.623,1648762319999,70523.66529,259,314.188,39318.46487,0
1648762320000,125.16,125.17,125.13,125.17,235.107,1648762379999,29423.44477,148,54.243,6788.68669,0
1648762380000,125.17,125.21,125.17,125.20,139.646,1648762439999,17482.11713,109,28.794,3604.97988,0
1648762440000,125.20,125.36,125.19,125.32,727.252,1648762499999,91126.92674,293,584.561,73248.37770,0
1648762500000,125.32,125.32,125.20,125.20,784.502,1648762559999,98262.70961,226,26.926,3372.29648,0
1648762560000,125.20,125.21,125.19,125.19,132.355,1648762619999,16570.62414,99,50.894,6372.23304,0
1648762620000,125.19,125.20,125.15,125.15,159.708,1648762679999,19990.58402,126,38.429,4810.58806,0
1648762680000,125.15,125.16,125.12,125.12,310.661,1648762739999,38874.59003,234,125.315,15681.69773,0
1648762740000,125.13,125.13,125.10,125.10,207.182,1648762799999,25921.42212,197,52.892,6618.09040,0
1648762800000,125.10,125.11,124.98,124.98,833.978,1648762859999,104280.39412,208,21.264,2658.65465,0
1648762860000,124.98,124.99,124.95,124.95,286.301,1648762919999,35777.98304,179,82.364,10292.91604,0
1648762920000,124.96,124.96,124.88,124.88,274.127,1648762979999,34244.03327,161,121.510,15177.01062,0
1648762980000,124.88,124.92,124.78,124.80,799.745,1648763039999,99834.96976,259,118.321,14774.16962,0
1648763040000,124.79,124.81,124.56,124.70,4174.640,1648763099999,520547.92987,701,812.986,101386.65387,0
1648763100000,124.71,124.74,124.50,124.53,1968.707,1648763159999,245231.52148,398,467.245,58198.75841,0
1648763160000,124.53,124.71,124.51,124.67,794.949,1648763219999,99051.79976,346,645.516,80426.56545,0
1648763220000,124.66,124.70,124.59,124.70,1097.594,1648763279999,136785.71566,232,739.806,92198.45892,0
1648763280000,124.70,124.81,124.59,124.59,672.970,1648763339999,83948.25006,217,304.640,38010.16774,0
1648763340000,124.59,124.75,124.59,124.66,293.747,1648763399999,36630.42147,178,166.608,20777.46424,0
1648763400000,124.68,124.82,124.66,124.75,395.733,1648763459999,49378.09046,199,280.837,35043.34632,0
1648763460000,124.75,124.79,124.72,124.73,252.043,1648763519999,31445.01930,188,174.741,21801.41205,0
1648763520000,124.73,124.77,124.69,124.75,180.220,1648763579999,22476.99230,126,45.948,5730.90613,0
1648763580000,124.76,124.77,124.72,124.72,295.131,1648763639999,36814.95277,176,83.274,10387.65130,0
1648763640000,124.75,124.77,124.59,124.59,362.665,1648763699999,45222.31345,160,26.922,3357.40552,0
1648763700000,124.59,124.60,124.52,124.53,237.138,1648763759999,29535.94821,171,61.624,7675.37201,0
1648763760000,124.54,124.75,124.54,124.74,446.836,1648763819999,55682.63140,199,395.316,49258.91013,0
1648763820000,124.73,124.76,124.62,124.65,233.319,1648763879999,29097.01952,179,173.927,21691.09323,0
1648763880000,124.66,124.70,124.58,124.59,673.107,1648763939999,83891.89263,212,220.150,27448.79729,0
1648763940000,124.58,124.59,124.26,124.36,1938.105,1648763999999,241120.10690,481,466.619,58044.64898,0
1648764000000,124.34,124.43,124.31,124.34,1132.327,1648764059999,140849.75181,354,624.706,77719.50551,0
1648764060000,124.34,124.58,124.32,124.50,960.134,1648764119999,119523.36321,307,437.308,54427.86456,0
1648764120000,124.50,124.55,124.31,124.31,534.909,1648764179999,66559.30869,184,102.934,12812.11889,0
1648764180000,124.32,124.36,124.24,124.24,1093.293,1648764239999,135877.52421,333,419.646,52158.53485,0
1648764240000,124.24,124.36,124.22,124.35,611.766,1648764299999,76024.12654,262,345.605,42949.99110,0
1648764300000,124.35,124.39,124.28,124.32,566.618,1648764359999,70459.83886,224,313.898,39041.35448,0
1648764360000,124.31,124.39,124.29,124.34,258.823,1648764419999,32181.38020,184,166.962,20759.23711,0
1648764420000,124.35,124.35,124.29,124.33,97.328,1648764479999,12100.52168,117,34.654,4307.98870,0
1648764480000,124.33,124.54,124.28,124.47,956.416,1648764539999,119002.52046,238,513.133,63854.05812,0
1648764540000,124.47,124.52,124.41,124.42,356.142,1648764599999,44330.74976,176,174.286,21696.19122,0
1648764600000,124.43,124.52,124.32,124.33,728.596,1648764659999,90681.71998,230,517.080,64366.60782,0
1648764660000,124.33,124.36,124.27,124.28,402.997,1648764719999,50095.85556,171,75.913,9436.65430,0
1648764720000,124.29,124.33,124.27,124.29,290.899,1648764779999,36159.99493,194,66.047,8209.87836,0
1648764780000,124.30,124.46,124.29,124.45,171.707,1648764839999,21361.93920,163,104.247,12966.40526,0
1648764840000,124.45,124.46,124.39,124.40,151.262,1648764899999,18821.60467,178,95.512,11884.71018,0
1648764900000,124.40,124.49,124.20,124.20,1378.706,1648764959999,171474.41612,346,431.283,53656.46712,0
1648764960000,124.19,124.20,124.08,124.15,1137.459,1648765019999,141198.46134,463,707.503,87830.93549,0
1648765020000,124.16,124.18,123.88,124.01,2850.113,1648765079999,353378.98507,548,720.096,89295.28916,0
1648765080000,124.02,124.16,124.02,124.11,314.821,1648765139999,39072.98837,210,141.556,17567.90018,0
1648765140000,124.11,124.20,124.10,124.18,280.535,1648765199999,34826.03284,189,164.038,20364.21056,0
1648765200000,124.18,124.43,124.15,124.32,1078.102,1648765259999,133988.05561,380,802.681,99747.72915,0
1648765260000,124.31,124.35,124.23,124.34,364.920,1648765319999,45356.68502,184,68.688,8537.48076,0
1648765320000,124.35,124.41,124.30,124.41,155.886,1648765379999,19387.31575,181,114.517,14242.59934,0
1648765380000,124.40,124.47,124.38,124.44,75.507,1648765439999,9394.93696,131,44.943,5592.21213,0
1648765440000,124.44,124.47,124.36,124.41,179.992,1648765499999,22393.76166,175,124.406,15478.90481,0
1648765500000,124.43,124.54,124.43,124.54,604.310,1648765559999,75218.69103,230,482.415,60047.68819,0
1648765560000,124.54,124.66,124.50,124.61,313.262,1648765619999,39026.12338,237,93.601,11662.08475,0
1648765620000,124.61,124.69,124.57,124.57,430.342,1648765679999,53623.26249,241,177.974,22176.96719,0
1648765680000,124.57,124.67,124.55,124.61,188.186,1648765739999,23447.74936,190,96.389,12009.12128,0
1648765740000,124.60,124.70,124.58,124.59,519.932,1648765799999,64806.64493,221,362.831,45227.50793,0
1648765800000,124.59,124.72,124.57,124.66,283.550,1648765859999,35347.20626,196,194.224,24210.20762,0
1648765860000,124.67,124.72,124.62,124.64,899.233,1648765919999,112100.92716,281,402.533,50181.64253,0
1648765920000,124.64,124.69,124.63,124.69,157.766,1648765979999,19667.99845,198,118.400,14760.30499,0
1648765980000,124.65,124.67,124.53,124.54,441.030,1648766039999,54954.98990,225,172.663,21515.92736,0
1648766040000,124.54,124.63,124.50,124.52,384.712,1648766099999,47911.96538,207,148.991,18555.65836,0
1648766100000,124.52,124.61,124.38,124.41,595.311,1648766159999,74115.36930,230,436.331,54328.12869,0
1648766160000,124.41,124.49,124.21,124.30,3325.943,1648766219999,413728.26394,506,2625.497,326636.83917,0
1648766220000,124.30,124.30,124.18,124.19,454.092,1648766279999,56414.08464,268,51.016,6337.37281,0
1648766280000,124.20,124.28,124.19,124.25,266.568,1648766339999,33121.24644,230,176.911,21981.91530,0
1648766340000,124.24,124.28,123.90,123.92,2569.113,1648766399999,318690.16221,586,624.698,77502.62443,0
1648766400000,123.91,124.02,123.78,123.90,1691.276,1648766459999,209525.60650,545,628.530,77882.95422,0
1648766460000,123.90,124.08,123.90,123.94,805.408,1648766519999,99864.59765,448,414.852,51433.72402,0
1648766520000,123.93,124.09,123.93,124.00,568.852,1648766579999,70542.11586,445,276.247,34252.69748,0
1648766580000,123.99,124.19,123.99,124.05,2322.663,1648766639999,288177.04260,544,1459.800,181112.58812,0
1648766640000,124.05,124.09,123.95,123.95,115.756,1648766699999,14357.03995,208,16.822,2087.18426,0
1648766700000,123.95,124.06,123.95,123.98,421.285,1648766759999,52233.88726,317,219.340,27191.42848,0
1648766760000,124.01,124.12,124.00,124.07,322.803,1648766819999,40043.06364,264,127.877,15864.99680,0
1648766820000,124.06,124.22,124.04,124.22,317.919,1648766879999,39470.85412,268,144.538,17944.91201,0
1648766880000,124.22,124.55,124.21,124.55,5174.421,1648766939999,643663.55475,841,4159.416,517370.71658,0
1648766940000,124.56,124.71,124.55,124.68,2159.623,1648766999999,269216.94657,451,1214.854,151423.20020,0
1648767000000,124.67,124.97,124.67,124.85,1493.534,1648767059999,186454.64321,502,917.668,114572.96594,0
1648767060000,124.86,124.92,124.70,124.72,972.175,1648767119999,121351.67195,332,179.806,22444.82788,0
1648767120000,124.72,124.78,124.67,124.78,446.068,1648767179999,55641.74891,207,245.390,30613.06104,0
1648767180000,124.78,124.79,124.67,124.76,205.559,1648767239999,25637.38730,207,112.610,14046.24615,0
1648767240000,124.76,124.76,124.68,124.70,248.649,1648767299999,31011.03792,182,202.538,25260.62359,0
1648767300000,124.70,124.76,124.70,124.73,383.399,1648767359999,47828.00812,168,116.976,14589.81907,0
1648767360000,124.74,124.77,124.61,124.61,2138.411,1648767419999,266594.99663,181,158.965,19815.77738,0
1648767420000,124.61,124.64,124.47,124.55,407.470,1648767479999,50751.37977,260,148.194,18457.45591,0
1648767480000,124.54,124.63,124.49,124.57,442.047,1648767539999,55058.23305,188,85.886,10697.30687,0
1648767540000,124.59,124.66,124.53,124.53,254.133,1648767599999,31664.07799,193,89.772,11187.11111,0
1648767600000,124.52,124.60,124.32,124.41,905.845,1648767659999,112718.98524,311,275.696,34305.64099,0
1648767660000,124.41,124.41,124.24,124.24,444.782,1648767719999,55307.05651,254,108.619,13506.33360,0
1648767720000,124.25,124.25,124.05,124.10,2835.565,1648767779999,351992.51706,483,453.083,56242.74721,0
1648767780000,124.11,124.15,123.97,124.10,2796.678,1648767839999,346921.54482,309,1929.319,239319.57593,0
1648767840000,124.10,124.29,124.07,124.22,1491.927,1648767899999,185289.60315,410,508.289,63145.85666,0
1648767900000,124.21,124.27,124.16,124.16,445.176,1648767959999,55297.87520,227,330.299,41028.85058,0
1648767960000,124.17,124.17,124.12,124.15,159.803,1648768019999,19838.77924,194,68.324,8481.88521,0
1648768020000,124.15,124.25,124.10,124.25,129.639,1648768079999,16098.04122,194,44.965,5583.53858,0
1648768080000,124.25,124.26,123.91,123.91,362.680,1648768139999,44995.55211,220,85.889,10662.35853,0
1648768140000,123.91,123.91,123.73,123.84,1307.644,1648768199999,161935.04602,486,346.377,42900.81238,0
1648768200000,123.84,123.95,123.81,123.93,295.373,1648768259999,36595.78660,237,95.727,11859.34936,0
1648768260000,123.93,124.03,123.88,123.94,2727.991,1648768319999,338163.83325,351,383.826,47581.55832,0
1648768320000,123.94,123.94,123.51,123.71,6549.103,1648768379999,810237.24048,1062,1154.005,142744.27430,0
1648768380000,123.73,123.84,123.72,123.80,701.238,1648768439999,86799.92478,346,284.159,35173.49876,0
1648768440000,123.80,123.92,123.77,123.77,727.993,1648768499999,90174.45569,382,416.202,51557.14555,0
1648768500000,123.77,123.78,123.48,123.53,1097.263,1648768559999,135599.62972,453,157.664,19486.50475,0
1648768560000,123.53,123.65,123.51,123.65,821.670,1648768619999,101549.58588,235,649.491,80276.88025,0
1648768620000,123.65,123.71,123.60,123.62,572.508,1648768679999,70796.71847,262,315.269,38984.73239,0
1648768680000,123.61,123.62,123.43,123.47,872.977,1648768739999,107813.55565,317,341.712,42200.05346,0
1648768740000,123.47,123.61,123.47,123.59,338.697,1648768799999,41840.41462,184,243.981,30136.71079,0
1648768800000,123.59,123.77,123.57,123.58,1586.862,1648768859999,196257.36186,404,1174.496,145265.63275,0
1648768860000,123.57,123.58,123.21,123.21,2596.628,1648768919999,320409.55639,694,600.553,74095.26627,0
1648768920000,123.21,123.50,123.17,123.46,1762.673,1648768979999,217415.61957,526,1287.161,158757.06753,0
1648768980000,123.48,123.80,123.48,123.71,1613.932,1648769039999,199544.15367,566,973.391,120330.08319,0
1648769040000,123.71,123.78,123.68,123.71,320.691,1648769099999,39679.32947,213,139.387,17248.49486,0
1648769100000,123.71,123.80,123.67,123.72,1084.388,1648769159999,134209.43124,260,863.419,106863.35220,0
1648769160000,123.72,123.83,123.72,123.81,140.348,1648769219999,17369.75046,170,53.600,6634.27974,0
1648769220000,123.81,123.90,123.81,123.89,374.009,1648769279999,46323.11134,219,177.888,22029.00886,0
1648769280000,123.90,124.03,123.85,123.95,1209.338,1648769339999,149924.91157,315,871.697,108072.07436,0
1648769340000,123.96,124.07,123.93,123.96,1123.746,1648769399999,139357.83019,260,941.123,116716.63057,0
1648769400000,123.96,124.04,123.88,124.04,2272.642,1648769459999,281762.52902,340,1467.581,181986.05203,0
1648769460000,124.04,124.29,124.04,124.23,703.696,1648769519999,87400.44744,401,464.271,57663.97149,0
1648769520000,124.23,124.24,123.99,124.04,844.615,1648769579999,104859.80991,298,107.727,13370.32289,0
1648769580000,124.04,124.04,123.97,124.03,254.457,1648769639999,31551.61772,179,164.899,20446.69784,0
1648769640000,124.03,124.03,123.72,123.81,1995.454,1648769699999,247179.46494,274,157.245,19471.07167,0
1648769700000,123.81,123.93,123.76,123.78,1899.938,1648769759999,235288.89476,292,1000.041,123867.73220,0
1648769760000,123.78,123.85,123.78,123.84,192.770,1648769819999,23866.36317,171,116.868,14469.16102,0
1648769820000,123.84,123.94,123.78,123.78,373.279,1648769879999,46228.88937,167,97.925,12128.43833,0
1648769880000,123.79,123.87,123.78,123.85,147.257,1648769939999,18233.11991,155,98.437,12188.35234,0
1648769940000,123.86,123.86,123.77,123.83,345.805,1648769999999,42815.67059,200,87.144,10789.65452,0
1648770000000,123.83,123.92,123.79,123.84,985.283,1648770059999,122040.25378,294,605.756,75038.02106,0
1648770060000,123.84,123.94,123.68,123.68,339.921,1648770119999,42091.06573,181,79.908,9898.70284,0
1648770120000,123.68,123.78,123.65,123.65,838.353,1648770179999,103715.53875,283,268.948,33273.45968,0
1648770180000,123.65,123.80,123.65,123.77,744.565,1648770239999,92114.12284,246,364.764,45138.60903,0
1648770240000,123.77,123.83,123.34,123.41,4146.234,1648770299999,512336.67731,670,1206.092,149023.76660,0
1648770300000,123.41,123.46,122.81,122.91,9540.712,1648770359999,1174244.85966,1427,2763.262,340118.57091,0
1648770360000,122.89,122.98,122.44,122.60,3740.277,1648770419999,458926.21831,962,1047.200,128465.15688,0
1648770420000,122.57,122.77,122.46,122.53,3159.385,1648770479999,387457.91536,630,1401.333,171916.72158,0
1648770480000,122.52,122.61,122.19,122.40,4391.982,1648770539999,537661.63670,1051,819.198,100261.38541,0
1648770540000,122.39,123.25,122.34,123.19,2957.217,1648770599999,363324.39567,874,1853.276,227614.28140,0
1648770600000,123.18,123.28,122.82,122.89,4689.614,1648770659999,577282.01263,1026,2758.821,339624.19505,0
1648770660000,122.89,123.19,122.73,123.18,941.625,1648770719999,115810.33064,361,509.495,62647.97926,0
1648770720000,123.18,123.36,123.12,123.31,1141.920,1648770779999,140739.72861,410,499.973,61610.52734,0
1648770780000,123.29,123.62,123.29,123.53,3349.478,1648770839999,413670.33024,715,1955.888,241555.61679,0
1648770840000,123.53,123.74,123.46,123.46,1104.453,1648770899999,136521.01804,432,474.353,58633.40782,0
1648770900000,123.47,123.49,123.30,123.39,2060.504,1648770959999,254299.51195,464,1709.678,211011.45443,0
1648770960000,123.40,123.75,123.36,123.75,662.621,1648771019999,81875.34769,320,492.101,60815.52643,0
1648771020000,123.74,123.86,123.64,123.70,2235.523,1648771079999,276601.54442,487,1152.170,142583.69220,0
1648771080000,123.70,123.74,123.55,123.61,810.874,1648771139999,100258.12412,307,394.591,48782.62044,0
1648771140000,123.63,123.95,123.63,123.87,910.690,1648771199999,112738.76751,422,419.799,51972.31166,0
